0 0.9999999994271263
64 0.9999999983322231
128 0.9999999951701257
192 0.9999999745133001
256 0.9999999204985262
320 0.9999996073057846
384 0.999998835147842
448 0.9999948975031512
512 0.9999858112997014
576 0.9999456602825052
640 0.9998597997954176
704 0.9995378012378492
768 0.9989085398753582
832 0.9969665921965236
896 0.9935700927914854
960 0.9853341022353157
1024 0.9728213262655352
1088 0.9503483684402699
1152 0.9215234717589815
1216 0.8843679182810336
1280 0.8437921049635581
1344 0.8026746116094365
1408 0.7623423098482913
1472 0.7238359120592056
1536 0.6875742414943063
1600 0.6533405667796421
1664 0.6210837886009101
1728 0.5908901754135687
1792 0.562872526731744
1856 0.5370876635901959
1920 0.5136291342454483
1984 0.4926626835373584
2048 0.4743878568793608
2112 0.4589642589113062
2176 0.4464412664409886
2240 0.436688590584026
2304 0.429313826866859
2368 0.4235799032133739
2432 0.4183774865771214
2496 0.4123315611044231
2560 0.4040866679818805
2624 0.3927099387843261
2688 0.3780418456020461
2752 0.360816551742918
2816 0.3424840147082856
2880 0.3247766880259313
2944 0.3090885030127448
3008 0.2958627408544998
3072 0.2846616526948075
3136 0.2757586726259145
3200 0.2722495261222749
3264 0.2784278380837533
3328 0.2899974516882691
3392 0.2801648552802887
3456 0.2226701081622601
3520 0.1594075842260774
3584 0.1323439913639499
3648 0.1262039674347466
3712 0.125182392432
3776 0.1250271050650111
3840 0.1250040168749803
3904 0.1250005950890075
3968 0.1250000883638895
4032 0.1250000149310553
1 0.9999999983322231
65 0.9999999972373209
129 0.9999999940752237
193 0.9999999734183985
257 0.9999999194036234
321 0.9999996062108826
385 0.9999988340529407
449 0.9999948964082549
513 0.9999858102048149
577 0.9999456591876678
641 0.9998597987006831
705 0.9995378001435148
769 0.9989085387818177
833 0.9969665911055217
897 0.9935700917050199
961 0.9853341011604442
1025 0.9728213252088337
1089 0.9503483674188806
1153 0.9215234707846908
1217 0.8843679173743165
1281 0.8437921041335956
1345 0.8026746108655788
1409 0.7623423091915721
1473 0.7238359114887337
1537 0.687574241005207
1601 0.6533405663658537
1665 0.6210837882550548
1729 0.5908901751276864
1793 0.5628725264977885
1857 0.5370876634004442
1921 0.5136291340927391
1985 0.4926626834152332
2049 0.4743878567821445
2113 0.4589642588341273
2177 0.4464412663797406
2241 0.4366885905352794
2305 0.4293138268277405
2369 0.4235799031814259
2433 0.4183774865501553
2497 0.4123315610803841
2561 0.4040866679587554
2625 0.3927099387601447
2689 0.3780418455750423
2753 0.360816551711894
2817 0.342484014673104
2881 0.3247766879878765
2945 0.3090885029744285
3009 0.2958627408191594
3073 0.284661652665203
3137 0.275758672603361
3201 0.2722495261064598
3265 0.2784278380734748
3329 0.2899974516823126
3393 0.2801648552775564
3457 0.2226701081614289
3521 0.1594075842259262
3585 0.1323439913639321
3649 0.126203967434745
3713 0.1251823924319999
3777 0.1250271050650111
3841 0.1250040168749803
3905 0.1250005950890075
3969 0.1250000883638895
4033 0.1250000149310553
2 0.9999999951701257
66 0.9999999940752237
130 0.9999999909131269
194 0.9999999702563003
258 0.999999916241527
322 0.9999996030487864
386 0.9999988308908475
450 0.9999948932461742
514 0.9999858070427661
578 0.9999456560257577
642 0.9998597955390742
706 0.9995377969830593
770 0.9989085356236503
834 0.9969665879546689
898 0.9935700885672292
962 0.9853340980560035
1026 0.9728213221566123
1090 0.9503483644679811
1154 0.9215234679688491
1218 0.8843679147519216
1282 0.8437921017308787
1346 0.8026746087091046
1410 0.7623423072844311
1474 0.7238359098285685
1538 0.687574239578395
1602 0.6533405651554278
1666 0.6210837872402782
1730 0.5908901742861045
1794 0.5628725258066203
1858 0.5370876628377454
1922 0.5136291336380805
1986 0.4926626830501159
2050 0.4743878564902447
2114 0.4589642586013751
2178 0.4464412661942297
2242 0.4366885903870387
2306 0.4293138267084101
2370 0.4235799030838816
2434 0.4183774864681251
2498 0.4123315610081125
2562 0.4040866678907976
2626 0.3927099386914035
2690 0.3780418455011795
2754 0.3608165516301639
2818 0.3424840145833882
2882 0.3247766878933387
2946 0.3090885028811126
3010 0.2958627407343054
3074 0.2846616525947836
3138 0.2757586725499973
3202 0.2722495260691082
3266 0.2784278380491647
3330 0.289997451668154
3394 0.2801648552710015
3458 0.2226701081594067
3522 0.1594075842255523
3586 0.1323439913638875
3650 0.1262039674347414
3714 0.1251823924319996
3778 0.1250271050650111
3842 0.1250040168749803
3906 0.1250005950890075
3970 0.1250000883638895
4034 0.1250000149310553
3 0.9999999745133001
67 0.9999999734183985
131 0.9999999702563003
195 0.9999999495994762
259 0.9999998955847028
323 0.9999995823919694
387 0.9999988102340479
451 0.9999948725894626
515 0.9999857863862559
579 0.9999456353701566
643 0.9998597748854371
707 0.9995377763369506
771 0.9989085149924546
835 0.9969665673709884
899 0.9935700680682972
963 0.9853340777727108
1027 0.9728213022103563
1091 0.9503483451729321
1155 0.9215234495402842
1219 0.8843678975590848
1283 0.8437920859403188
1347 0.8026745944870205
1411 0.7623422946523785
1475 0.7238358987743537
1539 0.6875742300202496
1603 0.6533405569911118
1667 0.6210837803435703
1731 0.5908901685191162
1795 0.5628725210281398
1859 0.5370876589104913
1923 0.5136291304329998
1987 0.4926626804491102
2051 0.4743878543879235
2115 0.458964256905826
2179 0.4464412648266938
2243 0.4366885892806059
2307 0.4293138258059853
2371 0.4235799023356777
2435 0.4183774858289942
2499 0.4123315604351911
2563 0.4040866673421901
2627 0.3927099381269147
2691 0.3780418448861792
2755 0.3608165509428744
2819 0.3424840138236362
2883 0.3247766870880256
2947 0.3090885020811371
3011 0.2958627400011435
3075 0.2846616519804092
3139 0.2757586720790847
3203 0.2722495257352484
3267 0.2784278378286962
3331 0.2899974515374378
3395 0.2801648552090119
3459 0.2226701081396583
3523 0.159407584221771
3587 0.1323439913634232
3651 0.1262039674347017
3715 0.1251823924319967
3779 0.1250271050650109
3843 0.1250040168749803
3907 0.1250005950890075
3971 0.1250000883638895
4035 0.1250000149310553
4 0.9999999204985262
68 0.9999999194036234
132 0.999999916241527
196 0.9999998955847028
260 0.999999841569933
324 0.9999995283772165
388 0.9999987562193399
452 0.999994818574981
516 0.9999857323723054
580 0.999945581358587
644 0.9998597208790025
708 0.9995377223501934
772 0.9989084610446426
836 0.9969665135471164
900 0.9935700144653207
964 0.9853340247308432
1028 0.9728212500446899
1092 0.950348294696626
1156 0.9215234013097732
1220 0.8843678525243551
1284 0.843792044530622
1348 0.8026745571273699
1412 0.762342261400543
1476 0.7238358696021678
1540 0.6875742047227007
1604 0.653340535311513
1668 0.621083761963456
1732 0.5908901530891021
1796 0.5628725081887722
1860 0.5370876483107806
1924 0.5136291217414514
1988 0.4926626733608472
2052 0.4743878486294789
2116 0.458964252237516
2180 0.4464412610422149
2244 0.4366885862041117
2308 0.4293138232872953
2372 0.423579900244353
2436 0.4183774840481669
2500 0.4123315588564188
2564 0.4040866658630528
2628 0.392709936653369
2692 0.3780418433413557
2756 0.3608165492819448
2820 0.3424840120498843
2884 0.3247766852605857
2948 0.3090885003052606
3012 0.295862738399288
3076 0.2846616506521771
3140 0.2757586710670534
3204 0.2722495250191843
3268 0.2784278373549907
3332 0.2899974512548845
3396 0.2801648550735015
3460 0.2226701080957506
3524 0.1594075842132028
3588 0.1323439913623554
3652 0.1262039674346093
3716 0.1251823924319897
3780 0.1250271050650103
3844 0.1250040168749803
3908 0.1250005950890075
3972 0.1250000883638895
4036 0.1250000149310553
5 0.9999996073057846
69 0.9999996062108826
133 0.9999996030487864
197 0.9999995823919694
261 0.9999995283772165
325 0.9999992151846055
389 0.9999984430269865
453 0.9999945053839592
517 0.9999854191843719
581 0.9999452681844905
645 0.999859407734732
709 0.9995374093199303
773 0.9989081482397562
837 0.9969662014574191
901 0.9935697036481874
965 0.9853337171342543
1029 0.9728209474668815
1093 0.9503480017496337
1157 0.9215231211394901
1221 0.8843675904453621
1285 0.8437918029520954
1349 0.8026743383908914
1413 0.7623420658529881
1477 0.7238356971200176
1541 0.6875740542204163
1605 0.6533404054277072
1669 0.6210836509922235
1733 0.5908900591422261
1797 0.5628724293047562
1861 0.5370875825563746
1925 0.5136290672724168
1989 0.4926626284623554
2053 0.4743878117452655
2117 0.4589642219866855
2181 0.4464412362203533
2245 0.436688565768962
2309 0.4293138063319459
2373 0.423579885961904
2437 0.4183774716936233
2501 0.4123315477151399
2565 0.4040866552391668
2629 0.392709925893836
2693 0.3780418319077251
2757 0.3608165368650544
2821 0.342483998690121
2885 0.3247766714057432
2949 0.309088486743872
3013 0.2958627260579108
3077 0.2846616403070854
3141 0.2757586630841637
3205 0.2722495192906151
3269 0.2784278335048749
3333 0.2899974489136152
3397 0.2801648539209703
3461 0.2226701077090149
3525 0.1594075841348489
3589 0.1323439913522957
3653 0.1262039674337163
3717 0.1251823924319206
3781 0.1250271050650054
3845 0.1250040168749799
3909 0.1250005950890074
3973 0.1250000883638895
4037 0.1250000149310553
6 0.999998835147842
70 0.9999988340529407
134 0.9999988308908475
198 0.9999988102340479
262 0.9999987562193399
326 0.9999984430269865
390 0.9999976708700068
454 0.9999937332302716
518 0.999984647038319
582 0.9999444960726073
646 0.9998586356964644
710 0.9995366375627208
774 0.998907377037798
838 0.996965432014883
902 0.9935689373336439
966 0.9853329587208022
1030 0.9728202013532787
1094 0.950347279181422
1158 0.9215224297742348
1222 0.8843669431479807
1286 0.8437912055624248
1350 0.8026737965279676
1414 0.7623415803809354
1478 0.7238352677770887
1542 0.6875736784501418
1606 0.6533400800240775
1670 0.6210833719181218
1734 0.5908898219098925
1798 0.562872229229794
1862 0.5370874150007656
1926 0.5136289277901891
1990 0.4926625128978593
2054 0.4743877163068472
2118 0.4589641432927165
2182 0.4464411713084108
2246 0.4366885120680773
2310 0.4293137616052462
2374 0.4235798482300749
2438 0.4183774391540452
2502 0.412331518679264
2566 0.404086628117289
2630 0.3927098992557579
2694 0.3780418046329464
2758 0.3608165083581685
2822 0.3424839690786159
2886 0.3247766415962518
2950 0.3090884582442266
3014 0.2958627005704598
3078 0.2846616191943594
3142 0.2757586469056912
3206 0.2722495077121532
3270 0.27842782571189
3334 0.2899974441454235
3398 0.2801648515451405
3462 0.2226701068969174
3526 0.1594075839669357
3590 0.1323439913303931
3654 0.1262039674317449
3718 0.1251823924317662
3782 0.125027105064994
3846 0.1250040168749791
3910 0.1250005950890074
3974 0.1250000883638895
4038 0.1250000149310553
7 0.9999948975031512
71 0.9999948964082549
135 0.9999948932461742
199 0.9999948725894626
263 0.999994818574981
327 0.9999945053839592
391 0.9999937332302716
455 0.9999897956074471
519 0.9999807094546833
583 0.999940558663987
647 0.9998546986644707
711 0.999532701965006
775 0.9989034442695616
839 0.9969615081838527
903 0.9935650293624356
967 0.9853290906430178
1031 0.9728163952350615
1095 0.9503435910351437
1159 0.9215188975919172
1223 0.8843636299639601
1287 0.843788140053169
1351 0.8026710056376472
1415 0.7623390685373659
1479 0.7238330340173269
1543 0.6875717109403729
1607 0.6533383639519611
1671 0.6210818884568743
1735 0.5908885499477539
1799 0.5628711465090838
1863 0.5370864992738993
1927 0.513628157509792
1991 0.4926618676915643
2055 0.4743871773554896
2119 0.4589636935914994
2183 0.4464407957489793
2247 0.4366881973246703
2311 0.4293134958510148
2375 0.4235796207337425
2439 0.4183772398429044
2503 0.4123313378131929
2567 0.4040864562697405
2631 0.3927097277926806
2695 0.378041626767941
2759 0.360816320599247
2823 0.342483772519125
2887 0.324776442290208
2951 0.3090882661386971
3015 0.2958625270338132
3079 0.2846614736661481
3143 0.2757585337864036
3207 0.2722494254703621
3271 0.2784277693827997
3335 0.2899974089426431
3399 0.2801648334933854
3463 0.2226701004843632
3527 0.1594075825864971
3591 0.1323439911446109
3655 0.1262039674145586
3719 0.1251823924303832
3783 0.1250271050648888
3847 0.1250040168749713
3911 0.1250005950890068
3975 0.1250000883638895
4039 0.1250000149310553
8 0.9999858112997014
72 0.9999858102048149
136 0.9999858070427661
200 0.9999857863862559
264 0.9999857323723054
328 0.9999854191843719
392 0.999984647038319
456 0.9999807094546833
520 0.9999716233926983
584 0.9999314730069482
648 0.9998456138783209
712 0.9995236204909992
776 0.9988943693246731
840 0.9969524538271894
904 0.9935560115058218
968 0.9853201643948056
1032 0.9728076110913702
1096 0.9503350766877199
1160 0.9215107394643244
1224 0.8843559704735177
1288 0.8437810440419387
1352 0.8026645332189708
1416 0.7623332298764525
1480 0.7238278272504229
1544 0.687567110085149
1608 0.6533343365626548
1672 0.6210783931048156
1736 0.5908855399794539
1800 0.5628685724888789
1864 0.5370843115548701
1928 0.5136263077633842
1992 0.4926603099716425
2056 0.4743858689781379
2120 0.4589625957842356
2184 0.4464398739168525
2248 0.4366874208862234
2312 0.4293128377038771
2376 0.4235790564700139
2440 0.4183767469127468
2504 0.412330894950646
2568 0.4040860435687405
2632 0.3927093277434971
2696 0.3780412262631989
2760 0.3608159133948526
2824 0.3424833610706744
2888 0.3247760377350191
2952 0.3090878858197328
3016 0.2958621899339186
3080 0.2846611946998601
3144 0.2757583187018189
3208 0.2722492696473391
3272 0.2784276625481395
3336 0.2899973417526385
3400 0.280164798580431
3464 0.222670087826213
3528 0.1594075798011267
3592 0.1323439907634046
3656 0.1262039673787751
3720 0.1251823924274627
3784 0.1250271050646641
3848 0.1250040168749542
3912 0.1250005950890055
3976 0.1250000883638893
4040 0.1250000149310552
9 0.9999456602825052
73 0.9999456591876678
137 0.9999456560257577
201 0.9999456353701566
265 0.999945581358587
329 0.9999452681844905
393 0.9999444960726073
457 0.999940558663987
521 0.9999314730069482
585 0.9998913244232089
649 0.9998054691649118
713 0.9994834904542278
777 0.9988542681718738
841 0.9969124434198192
905 0.9935161616357231
969 0.9852807154960201
1033 0.9727687825052004
1097 0.9502974184224587
1161 0.9214746219365236
1225 0.8843219947994181
1289 0.8437494841231388
1353 0.8026356350354533
1417 0.7623070370228548
1481 0.7238043337908658
1545 0.6875462124299287
1609 0.6533159063482671
1673 0.621062265137179
1737 0.59087152667322
1801 0.5628564729917649
1865 0.5370739221752626
1929 0.513617428067078
1993 0.4926527470532792
2057 0.4743794412067908
2121 0.4589571358038149
2185 0.446435230085386
2249 0.4366834567744623
2313 0.4293094298011522
2377 0.4235760906121369
2441 0.4183741144451364
2505 0.4123284903542779
2569 0.404083765746635
2633 0.3927070866945754
2697 0.3780389550194568
2761 0.3608135820682406
2825 0.3424809869923227
2889 0.3247736854448236
2953 0.3090856543515567
3017 0.2958601893681888
3081 0.28465951571507
3145 0.2757570028967434
3209 0.2722482991351255
3273 0.2784269839223465
3337 0.2899969047122427
3401 0.2801645640126919
3465 0.2226699990285404
3529 0.1594075593862084
3593 0.1323439878749675
3657 0.1262039670996433
3721 0.1251823924040292
3785 0.1250271050628079
3849 0.1250040168748096
3913 0.1250005950889944
3977 0.1250000883638884
4041 0.1250000149310552
10 0.9998597997954176
74 0.9998597987006831
138 0.9998597955390742
202 0.9998597748854371
266 0.9998597208790025
330 0.999859407734732
394 0.9998586356964644
458 0.9998546986644707
522 0.9998456138783209
586 0.9998054691649118
650 0.9997196222132382
714 0.9993976749519639
778 0.9987685145072388
842 0.9968268836425186
906 0.9934309444649833
970 0.9851963517817288
1034 0.9726857371451864
1098 0.9502168517480485
1162 0.9213973131945917
1226 0.8842491976562471
1290 0.8436817697861642
1354 0.8025735069597252
1418 0.7622505860864328
1482 0.7237535490220909
1546 0.6875008838452883
1610 0.6532757753818915
1674 0.6210269978252163
1738 0.5908407422809555
1802 0.562829761653509
1866 0.5370508661860562
1930 0.5135976141964719
1994 0.4926357752231393
2058 0.474364932423515
2122 0.4589447389396998
2186 0.4464246257061837
2250 0.4366743571276189
2314 0.4293015752603436
2378 0.423569243666717
2442 0.4183680532781537
2506 0.4123230053177868
2570 0.4040786626259518
2634 0.3927021991916221
2698 0.3780341649271796
2762 0.3608088403275471
2826 0.3424763252157509
2890 0.3247692093268304
2954 0.309081517993802
3018 0.2958565560886739
3082 0.2846565110494934
3146 0.275754670222458
3210 0.2722465863620213
3274 0.2784257857182801
3338 0.2899961279961552
3402 0.280164140972942
3466 0.222669835173612
3530 0.1594075208065878
3594 0.132343982318253
3658 0.1262039665542675
3722 0.1251823923575526
3786 0.1250271050590705
3850 0.125004016874514
3914 0.1250005950889712
3978 0.1250000883638867
4042 0.125000014931055
11 0.9995378012378492
75 0.9995378001435148
139 0.9995377969830593
203 0.9995377763369506
267 0.9995377223501934
331 0.9995374093199303
395 0.9995366375627208
459 0.999532701965006
523 0.9995236204909992
587 0.9994834904542278
651 0.9993976749519639
715 0.9990758463449187
779 0.9984469187446581
843 0.9965060147327346
907 0.9931113566485875
971 0.9848799366566682
1035 0.9723742068179251
1099 0.949914435224125
1163 0.9211068321151209
1227 0.8839751026569508
1291 0.8434260860094718
1355 0.8023379400297405
1419 0.762035450670692
1483 0.7235588080946697
1547 0.6873258306309591
1611 0.6531195548062504
1675 0.6208885005291466
1739 0.5907186941822419
1803 0.5627227759538032
1867 0.5369575150728501
1931 0.5135164686933378
1995 0.4925654328592911
2059 0.4743040442879344
2123 0.4588920348743148
2187 0.4463789299142186
2251 0.4366345895192244
2315 0.4292667387819992
2379 0.4235384017710127
2443 0.4183403065314497
2507 0.4122974822968025
2571 0.4040545429536292
2635 0.3926787790351612
2699 0.3780109555543708
2763 0.3607856658249628
2827 0.342453372389278
2891 0.3247469968120613
2955 0.309060787409423
3019 0.2958381093812906
3083 0.2846410056310226
3147 0.2757424010599566
3211 0.2722373874398563
3275 0.2784192023302439
3339 0.289991742267259
3403 0.2801616607495476
3467 0.2226688256557156
3531 0.1594072713360598
3595 0.1323439450773941
3659 0.1262039627833464
3723 0.1251823920263491
3787 0.1250271050316138
3851 0.1250040168722761
3915 0.1250005950887908
3979 0.1250000883638723
4043 0.1250000149310538
12 0.9989085398753582
76 0.9989085387818177
140 0.9989085356236503
204 0.9989085149924546
268 0.9989084610446426
332 0.9989081482397562
396 0.998907377037798
460 0.9989034442695616
524 0.9988943693246731
588 0.9988542681718738
652 0.9987685145072388
716 0.9984469187446581
780 0.9978184475630321
844 0.9958789647636096
908 0.9924868079594159
972 0.9842615619725695
1036 0.971765319977033
1100 0.9493231727178142
1164 0.9205386017005501
1228 0.8834383352775733
1292 0.8429246123449714
1356 0.8018748962426672
1420 0.7616114162515564
1484 0.7231737075882979
1548 0.6869783582745266
1612 0.6528081516831948
1676 0.620611141856051
1740 0.5904730471813971
1804 0.5625062867593881
1868 0.5367675408300274
1932 0.5133503491973856
1996 0.4924205400385256
2060 0.4741778333133423
2124 0.4587820955091361
2188 0.4462830229176171
2252 0.4365506584578305
2316 0.4291928973560066
2380 0.4234729040170984
2444 0.4182815151600799
2508 0.4122438598585655
2572 0.4040046931017241
2636 0.3926315494969697
2700 0.3779655799204336
2764 0.3607418850858402
2828 0.3424114674086671
2892 0.3247076980212769
2956 0.3090250872335464
3020 0.2958070239711981
3084 0.2846152951759813
3148 0.2757222752828971
3212 0.2722223840561888
3276 0.2784084680231551
3340 0.2899845426889094
3404 0.2801575208594251
3468 0.2226670959656817
3532 0.1594068325760075
3596 0.1323438783192616
3660 0.1262039559108763
3724 0.1251823914130137
3788 0.1250271049799434
3852 0.1250040168679976
3916 0.1250005950884405
3980 0.1250000883638439
4044 0.1250000149310513
13 0.9969665921965236
77 0.9969665911055217
141 0.9969665879546689
205 0.9969665673709884
269 0.9969665135471164
333 0.9969662014574191
397 0.996965432014883
461 0.9969615081838527
525 0.9969524538271894
589 0.9969124434198192
653 0.9968268836425186
717 0.9965060147327346
781 0.9958789647636096
845 0.9939438827203961
909 0.9905594458972001
973 0.9823531139134709
1037 0.9698858145194877
1101 0.9474968990410835
1165 0.9187815565306094
1229 0.8817747847575074
1293 0.8413655268135442
1357 0.8004286301165938
1421 0.7602794696652304
1485 0.7219557579151428
1549 0.6858707920148576
1613 0.6518068038962312
1677 0.6197106244519729
1741 0.5896671234891047
1805 0.5617880482048903
1869 0.5361297612931993
1933 0.5127856614964658
1997 0.491921549236662
2061 0.473737246584097
2125 0.4583928695644104
2189 0.4459384783850197
2253 0.436244524055683
2317 0.4289192802084459
2381 0.4232262111368854
2445 0.4180563816862986
2509 0.4120351724790413
2573 0.4038078008451783
2637 0.3924426877633118
2701 0.3777824011609138
2765 0.3605638683781496
2829 0.3422399795368941
2893 0.3245456444458839
2957 0.30887630010301
3021 0.2956755387304513
3085 0.2845044352478047
3149 0.2756334898039881
3213 0.2721545117832295
3277 0.2783585697379489
3341 0.2899499650419711
3405 0.2801367135203361
3469 0.2226578755305151
3533 0.15940436282937
3597 0.1323434875524676
3661 0.126203914292238
3725 0.1251823875749048
3789 0.1250271046457676
3853 0.1250040168394139
3917 0.1250005950860236
3981 0.1250000883636417
4045 0.1250000149310333
14 0.9935700927914854
78 0.9935700917050199
142 0.9935700885672292
206 0.9935700680682972
270 0.9935700144653207
334 0.9935697036481874
398 0.9935689373336439
462 0.9935650293624356
526 0.9935560115058218
590 0.9935161616357231
654 0.9934309444649833
718 0.9931113566485875
782 0.9924868079594159
846 0.9905594458972001
910 0.9871885260067488
974 0.9790151662327345
1038 0.9665981951552362
1102 0.9443013024731093
1166 0.9157052878831156
1230 0.8788585695793081
1294 0.8386276996815419
1358 0.7978824870559701
1422 0.7579272957374659
1486 0.7197968468795422
1550 0.683899153222296
1614 0.6500157074425573
1678 0.6180914150498497
1742 0.5882097770654329
1806 0.5604813950934452
1870 0.5349620597647775
1934 0.5117448681267861
1998 0.490995484889914
2062 0.4729138062959558
2126 0.4576602885679218
2190 0.4452855682675095
2254 0.4356608116690334
2318 0.4283950387169032
2382 0.422752416697211
2446 0.4176246680778525
2510 0.411637894958393
2574 0.4034383183817021
2638 0.3920958745482112
2702 0.3774552201096195
2766 0.3602557037752109
2830 0.3419524792627772
2894 0.3242820840145383
2958 0.3086407397948887
3022 0.2954719718074455
3086 0.2843357399465215
3150 0.2755000214717391
3214 0.2720532121376063
3278 0.2782842018968981
3342 0.2898980719642832
3406 0.2801048746743985
3470 0.2226433293093927
3534 0.1594003518757977
3598 0.1323428397653962
3662 0.1262038440618694
3726 0.1251823809860685
3790 0.1250271040621041
3854 0.1250040167886345
3918 0.1250005950816573
3982 0.1250000883632701
4046 0.1250000149309994
15 0.9853341022353157
79 0.9853341011604442
143 0.9853340980560035
207 0.9853340777727108
271 0.9853340247308432
335 0.9853337171342543
399 0.9853329587208022
463 0.9853290906430178
527 0.9853201643948056
591 0.9852807154960201
655 0.9851963517817288
719 0.9848799366566682
783 0.9842615619725695
847 0.9823531139134709
911 0.9790151662327345
975 0.970921432384099
1039 0.9586252974175035
1103 0.9365463566305746
1167 0.9082310260068489
1231 0.8717547508704608
1295 0.8319342199937187
1359 0.7916245482183782
1423 0.7521083548063636
1487 0.714414059041632
1551 0.6789392425395206
1615 0.6454646870328099
1679 0.613931779217577
1743 0.5844213393763144
1807 0.5570414125535946
1871 0.5318463837885193
1935 0.5089283872347792
1999 0.4884523110840021
2063 0.4706176015868057
2127 0.4555848105189266
2191 0.4434052293020899
2255 0.4339510682800445
2319 0.4268325795550428
2383 0.4213152504553545
2447 0.4162923086222324
2511 0.410391898490201
2575 0.402263348364656
2639 0.3909811542758325
2703 0.3763957948127669
2767 0.3592527500156577
2831 0.3410122965120044
2895 0.323414236934145
2959 0.3078563393927756
3023 0.2947824389270099
3087 0.2837508726908787
3151 0.2750239722415171
3215 0.2716803751586925
3279 0.2780010611327777
3343 0.2896922359767222
3407 0.2799710432701593
3471 0.2225775753645597
3535 0.1593810466073516
3599 0.1323395829026133
3663 0.1262034773771764
3727 0.1251823453118863
3791 0.1250271007849511
3855 0.1250040164931662
3919 0.1250005950553435
3983 0.1250000883609524
4047 0.1250000149307801
16 0.9728213262655352
80 0.9728213252088337
144 0.9728213221566123
208 0.9728213022103563
272 0.9728212500446899
336 0.9728209474668815
400 0.9728202013532787
464 0.9728163952350615
528 0.9728076110913702
592 0.9727687825052004
656 0.9726857371451864
720 0.9723742068179251
784 0.971765319977033
848 0.9698858145194877
912 0.9665981951552362
976 0.9586252974175035
1040 0.9465119155555838
1104 0.924759971645386
1168 0.8968640128381856
1232 0.8609358391730938
1296 0.8217200340335328
1360 0.7820472732858338
1424 0.7431711346392015
1488 0.7061112674056215
1552 0.6712513005273779
1616 0.6383718280725916
1680 0.6074098850337541
1744 0.5784428277865967
1808 0.5515751007266239
1872 0.5268590706674409
1936 0.5043853827587764
2000 0.4843175794466067
2064 0.4668541635618012
2128 0.4521555923066474
2192 0.4402740762713229
2256 0.4310836394751697
2320 0.4241970467352355
2384 0.4188828780052975
2448 0.4140380461359673
2512 0.4082951120775168
2576 0.4003087087984665
2640 0.3891594345755252
2704 0.3747040434437732
2768 0.3576933408589431
2832 0.3395909190037186
2896 0.3221376846429191
2960 0.3067311830903211
3024 0.2938145967495217
3088 0.2829442333638044
3152 0.2743760702754098
3216 0.2711774488433232
3280 0.2776203447480829
3344 0.2894135753616351
3408 0.2797856152392708
3472 0.2224831006112621
3536 0.1593523936317813
3600 0.132334639863926
3664 0.1262029099695622
3728 0.125182289067712
3792 0.1250270955203474
3856 0.1250040160096761
3920 0.1250005950114958
3984 0.1250000883570201
4048 0.1250000149304013
17 0.9503483684402699
81 0.9503483674188806
145 0.9503483644679811
209 0.9503483451729321
273 0.950348294696626
337 0.9503480017496337
401 0.950347279181422
465 0.9503435910351437
529 0.9503350766877199
593 0.9502974184224587
657 0.9502168517480485
721 0.949914435224125
785 0.9493231727178142
849 0.9474968990410835
913 0.9443013024731093
977 0.9365463566305746
1041 0.924759971645386
1105 0.9035820902214262
1169 0.8764150279792995
1233 0.8414173506914064
1297 0.8032179615727763
1361 0.7645954328742507
1425 0.7267659401636619
1489 0.6907362947751592
1553 0.6568718616309955
1617 0.6249557671283614
1681 0.5949209801850759
1745 0.566840930181018
1809 0.5408147571611475
1873 0.5168917620136023
1937 0.4951599285644614
2001 0.4757797240886757
2065 0.4589466247826477
2129 0.4448191709593283
2193 0.4334494504261068
2257 0.4247133610619914
2321 0.4182276577161777
2385 0.4132673521739069
2449 0.4087386756319049
2513 0.4032865012740534
2577 0.3955798818191123
2641 0.3847136235795728
2705 0.3705551221533258
2769 0.3538593832230078
2833 0.3360873196688096
2897 0.3189732589796229
2961 0.3039094416475955
3025 0.2913388257517818
3089 0.2808206448441506
3153 0.2726074872898301
3217 0.269747861737168
3281 0.2764897134036657
3345 0.2885397208057194
3409 0.279156153159127
3473 0.2221307637027351
3537 0.1592373265182523
3601 0.132313780367719
3665 0.1262004102825886
3729 0.1251820308352741
3793 0.1250270703344649
3857 0.1250040136019004
3921 0.1250005947843838
3985 0.1250000883358498
4049 0.1250000149282762
18 0.9215234717589815
82 0.9215234707846908
146 0.9215234679688491
210 0.9215234495402842
274 0.9215234013097732
338 0.9215231211394901
402 0.9215224297742348
466 0.9215188975919172
530 0.9215107394643244
594 0.9214746219365236
658 0.9213973131945917
722 0.9211068321151209
786 0.9205386017005501
850 0.9187815565306094
914 0.9157052878831156
978 0.9082310260068489
1042 0.8968640128381856
1106 0.8764150279792995
1170 0.8501683998091852
1234 0.8163305150520507
1298 0.7793904365633832
1362 0.7420544125546793
1426 0.7054996085611821
1490 0.6707181893344729
1554 0.6380561121324017
1618 0.6073013924647299
1682 0.5783842267776393
1746 0.5513745701377489
1810 0.5263657004728881
1874 0.503403677368378
1938 0.4825735716440573
2002 0.464032163403915
2066 0.4479711172021532
2130 0.4345466994778417
2194 0.4238115900266965
2258 0.4156458661143831
2322 0.4096745458532613
2386 0.4051854208406151
2450 0.4011019379637514
2514 0.396089157645271
2578 0.3888358176706892
2642 0.3784509142701824
2706 0.3648060066302602
2770 0.3486487926443432
2834 0.3314245335072687
2898 0.3148503460270616
2962 0.3003070688904773
3026 0.2882360420403989
3090 0.2782015001570601
3154 0.2704554349555199
3218 0.2680272591690988
3282 0.275137414943349
3346 0.2874886152134015
3410 0.2783776567227486
3474 0.2216759842485215
3538 0.1590834408002977
3602 0.1322852056435865
3666 0.1261969121461643
3730 0.1251816618408619
3794 0.1250270335866759
3858 0.125004010016285
3922 0.1250005944393311
3986 0.1250000883030451
4050 0.1250000149249139
19 0.8843679182810336
83 0.8843679173743165
147 0.8843679147519216
211 0.8843678975590848
275 0.8843678525243551
339 0.8843675904453621
403 0.8843669431479807
467 0.8843636299639601
531 0.8843559704735177
595 0.8843219947994181
659 0.8842491976562471
723 0.8839751026569508
787 0.8834383352775733
851 0.8817747847575074
915 0.8788585695793081
979 0.8717547508704608
1043 0.8609358391730938
1107 0.8414173506914064
1171 0.8163305150520507
1235 0.7839100717245423
1299 0.7484870059075872
1363 0.7126607724631071
1427 0.6775802761069484
1491 0.6442241304733364
1555 0.6129220258846216
1619 0.5834707937634811
1683 0.5558026046384841
1747 0.5299862081890707
1811 0.5061091321573535
1875 0.4842144814245922
1939 0.4643844273509201
2003 0.4467710790804118
2067 0.4315602653690153
2131 0.4189038735690345
2195 0.4088544085189527
2259 0.4012982599501343
2323 0.3958754725933201
2387 0.3918996960373705
2451 0.388331533296892
2515 0.3838805020314988
2579 0.3772766435478049
2643 0.3676522854488209
2707 0.3548724393955429
2771 0.3396476708531704
2835 0.3233683831164763
2899 0.3076992687404614
2963 0.2939885947908201
3027 0.282673717737408
3091 0.2733423358700563
3155 0.2662788101548922
3219 0.2645131701397302
3283 0.2722163331655934
3347 0.2850389764959773
3411 0.2763379314631642
3475 0.2203243717606551
3539 0.1585845651723386
3603 0.1321872116060799
3667 0.1261842990673305
3731 0.1251802652189905
3795 0.1250268876488519
3859 0.1250039950969919
3923 0.1250005929370997
3987 0.1250000881537641
4051 0.1250000149088848
20 0.8437921049635581
84 0.8437921041335956
148 0.8437921017308787
212 0.8437920859403188
276 0.843792044530622
340 0.8437918029520954
404 0.8437912055624248
468 0.843788140053169
532 0.8437810440419387
596 0.8437494841231388
660 0.8436817697861642
724 0.8434260860094718
788 0.8429246123449714
852 0.8413655268135442
916 0.8386276996815419
980 0.8319342199937187
1044 0.8217200340335328
1108 0.8032179615727763
1172 0.7793904365633832
1236 0.7484870059075872
1300 0.7146755141606653
1364 0.6804319414707071
1428 0.6468844571769513
1492 0.6149997410338702
1556 0.5850933145539927
1620 0.5569723518249653
1684 0.5305737254072194
1748 0.5059661080763636
1812 0.4832314409619836
1876 0.4624102421235478
1940 0.4435823007084381
2004 0.4268954494782603
2068 0.4125300580470097
2132 0.4006347036582851
2196 0.3912644513996839
2260 0.3843172841891548
2324 0.3794566021321887
2388 0.3760330254465294
2452 0.3730566188401988
2516 0.3692915695973638
2580 0.3635129805992741
2644 0.3548704632342919
2708 0.3432068199294395
2772 0.329174676572202
2836 0.3140900889964939
2900 0.2995518205227614
2964 0.2868690145244273
3028 0.2764747973150654
3092 0.2679865060886801
3156 0.2617301502340264
3220 0.2607376630362233
3284 0.2691155259811823
3348 0.2824336522855922
3412 0.2740993118292426
3476 0.2187741261939451
3540 0.1579934364494417
3604 0.1320684258305053
3668 0.1261686533222316
3732 0.1251784912010694
3796 0.1250266977847064
3860 0.1250039752289317
3924 0.1250005908905894
3988 0.1250000879458271
4052 0.1250000148860287
21 0.8026746116094365
85 0.8026746108655788
149 0.8026746087091046
213 0.8026745944870205
277 0.8026745571273699
341 0.8026743383908914
405 0.8026737965279676
469 0.8026710056376472
533 0.8026645332189708
597 0.8026356350354533
661 0.8025735069597252
725 0.8023379400297405
789 0.8018748962426672
853 0.8004286301165938
917 0.7978824870559701
981 0.7916245482183782
1045 0.7820472732858338
1109 0.7645954328742507
1173 0.7420544125546793
1237 0.7126607724631071
1301 0.6804319414707071
1365 0.647710320632865
1429 0.6156173127677751
1493 0.5851147242361121
1557 0.5565066731056968
1621 0.5296097024800526
1685 0.5043681667048863
1749 0.4808512310526847
1813 0.459134860663786
1877 0.4392565271010167
1941 0.421293669231033
2005 0.4053899568822788
2069 0.3917202688918009
2133 0.3804303648265183
2197 0.3715802895545639
2261 0.3650856617021029
2325 0.3606444348447444
2389 0.3576612244758655
2453 0.3552170053164966
2517 0.3521516389176275
2581 0.3472975046519953
2645 0.3398164337885328
2709 0.3295040358585627
2773 0.316916989071529
2837 0.3032588331529902
2901 0.290033435778417
2965 0.2784906737686698
3029 0.2690460553834125
3093 0.261354158515936
3157 0.2558336891502873
3221 0.2555847218255596
3285 0.2646224564666491
3349 0.2782259923004315
3413 0.2697444985566103
3477 0.2152146422093039
3541 0.1565032465123433
3605 0.1317506493043402
3669 0.1261242945617359
3733 0.1251731602216413
3797 0.1250260932908016
3861 0.125003908345461
3925 0.1250005836207662
3989 0.1250000871676313
4053 0.1250000147956837
22 0.7623423098482913
86 0.7623423091915721
150 0.7623423072844311
214 0.7623422946523785
278 0.762342261400543
342 0.7623420658529881
406 0.7623415803809354
470 0.7623390685373659
534 0.7623332298764525
598 0.7623070370228548
662 0.7622505860864328
726 0.762035450670692
790 0.7616114162515564
854 0.7602794696652304
918 0.7579272957374659
982 0.7521083548063636
1046 0.7431711346392015
1110 0.7267659401636619
1174 0.7054996085611821
1238 0.6775802761069484
1302 0.6468844571769513
1366 0.6156173127677751
1430 0.5849029646235954
1494 0.5557032998599623
1558 0.5283130358754901
1622 0.5025577787238455
1686 0.4783912908116724
1750 0.4558836086571729
1814 0.4351048881505273
1878 0.4160898697165059
1942 0.3989145259170665
2006 0.3837197085879245
2070 0.3706766851304639
2134 0.3599312456385806
2198 0.351552681229115
2262 0.3454798780136124
2326 0.3414513135753591
2390 0.3389296937046886
2454 0.3370661759410952
2518 0.3347685591550843
2582 0.3309123778143332
2646 0.3246555318715032
2710 0.3157346089283077
2774 0.3046075186234455
2838 0.292371342004679
2902 0.2804445322658654
2966 0.2700240934910594
3030 0.2615125625445852
3094 0.2546154177164853
3158 0.2498665435043135
3222 0.2504379614169345
3286 0.260214475355423
3350 0.274106033613666
3414 0.2653585619616497
3478 0.2115460322989286
3542 0.1549516685159137
3606 0.1314161551832989
3670 0.1260766029696616
3734 0.1251672797317541
3798 0.1250254082083
3862 0.1250038305012759
3926 0.1250005749369781
3990 0.1250000862142009
4054 0.1250000146819964
23 0.7238359120592056
87 0.7238359114887337
151 0.7238359098285685
215 0.7238358987743537
279 0.7238358696021678
343 0.7238356971200176
407 0.7238352677770887
471 0.7238330340173269
535 0.7238278272504229
599 0.7238043337908658
663 0.7237535490220909
727 0.7235588080946697
791 0.7231737075882979
855 0.7219557579151428
919 0.7197968468795422
983 0.714414059041632
1047 0.7061112674056215
1111 0.6907362947751592
1175 0.6707181893344729
1239 0.6442241304733364
1303 0.6149997410338702
1367 0.5851147242361121
1431 0.5557032998599623
1495 0.5277341461037441
1559 0.5014929112695193
1623 0.4768131200212664
1687 0.4536589122305144
1751 0.4321009304255083
1815 0.4122032882175294
1879 0.3939978916407308
1943 0.3775599841185671
2007 0.3630291666123652
2071 0.3505756734682974
2135 0.3403494372596895
2199 0.3324351644403424
2263 0.3268030801763246
2327 0.3232404436638505
2391 0.3212724856344915
2455 0.3201152688172391
2519 0.318724607748619
2583 0.3159856314778955
2647 0.3110154937143462
2711 0.303468396712831
2775 0.2937066828232366
2839 0.2827499899437895
2903 0.271968718725091
2967 0.2625270023242698
3031 0.2548032303940959
3095 0.2485331675106708
3159 0.2443889545811955
3223 0.2456800884406199
3287 0.256078049047794
3351 0.2695812891879412
3415 0.2588758357907561
3479 0.205035204535755
3543 0.1519820713877692
3607 0.1307422112785463
3671 0.1259742600275603
3735 0.1251537748309846
3799 0.1250237230914737
3863 0.1250036258590573
3927 0.1250005505976644
3991 0.1250000833708418
4055 0.1250000143201379
24 0.6875742414943063
88 0.687574241005207
152 0.687574239578395
216 0.6875742300202496
280 0.6875742047227007
344 0.6875740542204163
408 0.6875736784501418
472 0.6875717109403729
536 0.687567110085149
600 0.6875462124299287
664 0.6875008838452883
728 0.6873258306309591
792 0.6869783582745266
856 0.6858707920148576
920 0.683899153222296
984 0.6789392425395206
1048 0.6712513005273779
1112 0.6568718616309955
1176 0.6380561121324017
1240 0.6129220258846216
1304 0.5850933145539927
1368 0.5565066731056968
1432 0.5283130358754901
1496 0.5014929112695193
1560 0.4763231889853612
1624 0.4526446534618186
1688 0.4304326857801553
1752 0.4097584559814327
1816 0.3906803955727531
1880 0.3732283829591113
1944 0.3574787333225538
2008 0.3435726405785352
2072 0.3316834715719062
2136 0.3219711549100054
2200 0.3145433148677838
2264 0.3094094786492398
2328 0.3064109077560436
2392 0.305132187014274
2456 0.3048360395183271
2520 0.3044899685258867
2584 0.3029413150655195
2648 0.2992266192723198
2712 0.2929065583840214
2776 0.2842741585021126
2840 0.2743221825842583
2904 0.2644190666739374
2968 0.2557141573688507
3032 0.2485578905057421
3096 0.2427260170335128
3160 0.2390675527295287
3224 0.241044054852326
3288 0.2520435452894402
3352 0.2650506235839934
3416 0.2523339271035658
3480 0.198724169069334
3544 0.1492192651291102
3608 0.1301257935323161
3672 0.1258795922177511
3736 0.1251410006793603
3800 0.1250220865121042
3864 0.1250034216400935
3928 0.1250005256383209
3992 0.1250000803748602
4056 0.1250000139275807
25 0.6533405667796421
89 0.6533405663658537
153 0.6533405651554278
217 0.6533405569911118
281 0.653340535311513
345 0.6533404054277072
409 0.6533400800240775
473 0.6533383639519611
537 0.6533343365626548
601 0.6533159063482671
665 0.6532757753818915
729 0.6531195548062504
793 0.6528081516831948
857 0.6518068038962312
921 0.6500157074425573
985 0.6454646870328099
1049 0.6383718280725916
1113 0.6249557671283614
1177 0.6073013924647299
1241 0.5834707937634811
1305 0.5569723518249653
1369 0.5296097024800526
1433 0.5025577787238455
1497 0.4768131200212664
1561 0.4526446534618186
1625 0.4299006826794696
1689 0.4085690872009834
1753 0.3887219154587842
1817 0.3704128196168069
1881 0.3536712652370071
1945 0.3385774167517135
2009 0.3252781260529803
2073 0.3139557904335026
2137 0.3047886859169723
2201 0.2979181290070136
2265 0.2934043224049881
2329 0.29114935418156
2393 0.2907900265856957
2457 0.2916035219709448
2521 0.2925080992448496
2585 0.2922392281697589
2649 0.2897007572969027
2713 0.2843635718048714
2777 0.276515285384152
2841 0.267213725925834
2905 0.2578995858596078
2969 0.2497361568453295
3033 0.243035188965625
3097 0.2376026816448091
3161 0.2345102296439991
3225 0.2374316184420449
3289 0.2492433642640933
3353 0.2609743267894337
3417 0.2439224306508166
3481 0.1896581526201724
3545 0.1451636414612315
3609 0.1291936371856138
3673 0.1257274363626772
3737 0.1251189260003877
3801 0.1250190355739992
3865 0.125003011336414
3929 0.1250004716930508
3993 0.1250000734205435
4057 0.1250000129445962
26 0.6210837886009101
90 0.6210837882550548
154 0.6210837872402782
218 0.6210837803435703
282 0.621083761963456
346 0.6210836509922235
410 0.6210833719181218
474 0.6210818884568743
538 0.6210783931048156
602 0.621062265137179
666 0.6210269978252163
730 0.6208885005291466
794 0.620611141856051
858 0.6197106244519729
922 0.6180914150498497
986 0.613931779217577
1050 0.6074098850337541
1114 0.5949209801850759
1178 0.5783842267776393
1242 0.5558026046384841
1306 0.5305737254072194
1370 0.5043681667048863
1434 0.4783912908116724
1498 0.4536589122305144
1562 0.4304326857801553
1626 0.4085690872009834
1690 0.3880696277996805
1754 0.3690076754341839
1818 0.3514333870813319
1882 0.3353781487496801
1946 0.3209297553984892
2010 0.3082462692720322
2074 0.2975272640471532
2138 0.2889807791033269
2202 0.2827959370571909
2266 0.279096781804173
2330 0.2778493240658963
2394 0.278720391096252
2458 0.2809398123094579
2522 0.2832796726523298
2586 0.2842701677756693
2650 0.2826505282907955
2714 0.277862278373241
2778 0.270311555951511
2842 0.2612401073930282
2906 0.2522177887818599
2970 0.2444064638031955
3034 0.2380297433601835
3098 0.2329011396771434
3162 0.2303328043341416
3226 0.2341706125095519
3290 0.2465733679851919
3354 0.256450153458297
3418 0.2349809928980045
3482 0.1811241626169554
3546 0.1417026173000139
3610 0.128435375729379
3674 0.1256040473456049
3738 0.1251007962007217
3802 0.1250164814805845
3866 0.1250026603971071
3930 0.1250004244869337
3994 0.1250000671875596
4058 0.1250000120394826
27 0.5908901754135687
91 0.5908901751276864
155 0.5908901742861045
219 0.5908901685191162
283 0.5908901530891021
347 0.5908900591422261
411 0.5908898219098925
475 0.5908885499477539
539 0.5908855399794539
603 0.59087152667322
667 0.5908407422809555
731 0.5907186941822419
795 0.5904730471813971
859 0.5896671234891047
923 0.5882097770654329
987 0.5844213393763144
1051 0.5784428277865967
1115 0.566840930181018
1179 0.5513745701377489
1243 0.5299862081890707
1307 0.5059661080763636
1371 0.4808512310526847
1435 0.4558836086571729
1499 0.4321009304255083
1563 0.4097584559814327
1627 0.3887219154587842
1691 0.3690076754341839
1755 0.3506909838537712
1819 0.3338202567971316
1883 0.3184320383427565
1947 0.3046269397449252
2011 0.2925819883135652
2075 0.2825254258317555
2139 0.2747109374749673
2203 0.2693939538001174
2267 0.2667760093385087
2331 0.2668790206288624
2395 0.269346080723168
2459 0.2732476782575168
2523 0.2770713734654219
2587 0.2790594176095046
2651 0.277831687017649
2715 0.2729593771441296
2779 0.2651438801570818
2843 0.255912326100683
2907 0.2469648232045396
2971 0.2393964279667624
3035 0.2332725741558042
3099 0.2284272468562601
3163 0.2265504858365414
3227 0.2317178938751581
3291 0.2448907464564825
3355 0.2516865078438402
3419 0.2237062686515597
3483 0.170707223124211
3547 0.1376595820232193
3611 0.1275442754217389
3675 0.1254511092073219
3739 0.1250766976728045
3803 0.125012818567792
3867 0.1250021166690246
3931 0.1250003454785781
3995 0.1250000559201465
4059 0.1250000102604356
28 0.562872526731744
92 0.5628725264977885
156 0.5628725258066203
220 0.5628725210281398
284 0.5628725081887722
348 0.5628724293047562
412 0.562872229229794
476 0.5628711465090838
540 0.5628685724888789
604 0.5628564729917649
668 0.562829761653509
732 0.5627227759538032
796 0.5625062867593881
860 0.5617880482048903
924 0.5604813950934452
988 0.5570414125535946
1052 0.5515751007266239
1116 0.5408147571611475
1180 0.5263657004728881
1244 0.5061091321573535
1308 0.4832314409619836
1372 0.459134860663786
1436 0.4351048881505273
1500 0.4122032882175294
1564 0.3906803955727531
1628 0.3704128196168069
1692 0.3514333870813319
1756 0.3338202567971316
1820 0.3176228443880494
1884 0.3028877318868356
1948 0.2897360305221467
2012 0.2783752474627333
2076 0.269079067004518
2140 0.2621687574127242
2204 0.2579878468128211
2268 0.2568206482842893
2332 0.2587028331567981
2396 0.263132595983617
2460 0.268834614033848
2524 0.273860234949024
2588 0.2761785198170849
2652 0.2744944255900537
2716 0.2687725040080096
2780 0.2601759727177063
2844 0.2505360295778702
2908 0.2416030602505336
2972 0.2343013602185952
3036 0.2284810383563524
3100 0.2240384698322841
3164 0.223096870008029
3228 0.2297714323558682
3292 0.2432691087356361
3356 0.2457448475727445
3420 0.2116100888601024
3484 0.1614215733432029
3548 0.1345002224385031
3612 0.1268887933970891
3676 0.1253399303078443
3740 0.1250591228148589
3804 0.1250101235101238
3868 0.1250017120681946
3932 0.1250002859145629
3996 0.1250000472989444
4060 0.1250000088744933
29 0.5370876635901959
93 0.5370876634004442
157 0.5370876628377454
221 0.5370876589104913
285 0.5370876483107806
349 0.5370875825563746
413 0.5370874150007656
477 0.5370864992738993
541 0.5370843115548701
605 0.5370739221752626
669 0.5370508661860562
733 0.5369575150728501
797 0.5367675408300274
861 0.5361297612931993
925 0.5349620597647775
989 0.5318463837885193
1053 0.5268590706674409
1117 0.5168917620136023
1181 0.503403677368378
1245 0.4842144814245922
1309 0.4624102421235478
1373 0.4392565271010167
1437 0.4160898697165059
1501 0.3939978916407308
1565 0.3732283829591113
1629 0.3536712652370071
1693 0.3353781487496801
1757 0.3184320383427565
1821 0.3028877318868356
1885 0.2888093267128579
1949 0.2763500237940457
2013 0.2657649992779796
2077 0.2573973892093657
2141 0.2516640253729072
2205 0.2490144672780464
2269 0.2497899424788489
2333 0.2539217444953855
2397 0.2605381073896438
2461 0.2677863905584186
2525 0.2732419671994007
2589 0.2748450406481025
2653 0.2717542023496879
2717 0.264572482125531
2781 0.2549562563574124
2845 0.244935877690536
2909 0.2361709362593972
2973 0.2292850674556191
3037 0.2238511537218095
3101 0.2199316219729231
3165 0.2202570655261137
3229 0.228796152491874
3293 0.2420434976851897
3357 0.2379355831139716
3421 0.1970674483315698
3485 0.1517385682913961
3549 0.1314659560590051
3613 0.126260833954598
3677 0.1252283909971977
3741 0.1250403270089039
3805 0.1250070284549714
3869 0.1250012113392692
3933 0.1250002062986248
3997 0.1250000348297817
4061 0.1250000066850958
30 0.5136291342454483
94 0.5136291340927391
158 0.5136291336380805
222 0.5136291304329998
286 0.5136291217414514
350 0.5136290672724168
414 0.5136289277901891
478 0.513628157509792
542 0.5136263077633842
606 0.513617428067078
670 0.5135976141964719
734 0.5135164686933378
798 0.5133503491973856
862 0.5127856614964658
926 0.5117448681267861
990 0.5089283872347792
1054 0.5043853827587764
1118 0.4951599285644614
1182 0.4825735716440573
1246 0.4643844273509201
1310 0.4435823007084381
1374 0.421293669231033
1438 0.3989145259170665
1502 0.3775599841185671
1566 0.3574787333225538
1630 0.3385774167517135
1694 0.3209297553984892
1758 0.3046269397449252
1822 0.2897360305221467
1886 0.2763500237940457
1950 0.2646715741803171
2014 0.2550284341163868
2078 0.2478647286738344
2142 0.2437199502437382
2206 0.2431389843335086
2270 0.2464111005375327
2334 0.2531104642502232
2398 0.2616810542306167
2462 0.2695775783202503
2526 0.2741786308548645
2590 0.2738926636956743
2654 0.2686700304724841
2718 0.2597806517234135
2782 0.2492178416718875
2846 0.2390300495312853
2910 0.2306385301386159
2974 0.2242666451446521
3038 0.2192437722782841
3102 0.216012085377511
3166 0.2179784708693543
3230 0.228420951388448
3294 0.240087206639661
3358 0.2276670567555738
3422 0.1824557736094419
3486 0.1439706657051052
3550 0.1293401662137367
3614 0.1258432905354241
3678 0.1251552824011085
3742 0.1250280488686614
3806 0.125005008516899
3870 0.1250008845784672
3934 0.1250001543217302
3998 0.125000026677639
4062 0.1250000052500358
31 0.4926626835373584
95 0.4926626834152332
159 0.4926626830501159
223 0.4926626804491102
287 0.4926626733608472
351 0.4926626284623554
415 0.4926625128978593
479 0.4926618676915643
543 0.4926603099716425
607 0.4926527470532792
671 0.4926357752231393
735 0.4925654328592911
799 0.4924205400385256
863 0.491921549236662
927 0.490995484889914
991 0.4884523110840021
1055 0.4843175794466067
1119 0.4757797240886757
1183 0.464032163403915
1247 0.4467710790804118
1311 0.4268954494782603
1375 0.4053899568822788
1439 0.3837197085879245
1503 0.3630291666123652
1567 0.3435726405785352
1631 0.3252781260529803
1695 0.3082462692720322
1759 0.2925819883135652
1823 0.2783752474627333
1887 0.2657649992779796
1951 0.2550284341163868
2015 0.2465988493854026
2079 0.2410537586839615
2143 0.2390563133728485
2207 0.2411502494427971
2271 0.2473064393459026
2335 0.2563557116816234
2399 0.2658537196515183
2463 0.2728623993388115
2527 0.2752020028811576
2591 0.27218922761528
2655 0.2645792311223827
2719 0.2540964889611398
2783 0.242867754103842
2847 0.2328268745356297
2911 0.2250495802944046
2975 0.2192846355521003
3039 0.2147264700527525
3103 0.2124917008594527
3167 0.2166450914051921
3231 0.2289030870474756
3295 0.2368008311349939
3359 0.2138211641099139
3423 0.1671395329563521
3487 0.1372058901887462
3551 0.1276302868371278
3615 0.1255050814804726
3679 0.1250934157635042
3743 0.1250170267359837
3807 0.1250030705742775
3871 0.1250005479043519
3935 0.1250000965577402
3999 0.1250000168713955
4063 0.1250000033587907
32 0.4743878568793608
96 0.4743878567821445
160 0.4743878564902447
224 0.4743878543879235
288 0.4743878486294789
352 0.4743878117452655
416 0.4743877163068472
480 0.4743871773554896
544 0.4743858689781379
608 0.4743794412067908
672 0.474364932423515
736 0.4743040442879344
800 0.4741778333133423
864 0.473737246584097
928 0.4729138062959558
992 0.4706176015868057
1056 0.4668541635618012
1120 0.4589466247826477
1184 0.4479711172021532
1248 0.4315602653690153
1312 0.4125300580470097
1376 0.3917202688918009
1440 0.3706766851304639
1504 0.3505756734682974
1568 0.3316834715719062
1632 0.3139557904335026
1696 0.2975272640471532
1760 0.2825254258317555
1824 0.269079067004518
1888 0.2573973892093657
1952 0.2478647286738344
2016 0.2410537586839615
2080 0.2376825799270003
2144 0.2384522367958312
2208 0.2436368183725925
2272 0.2524523712481846
2336 0.2626975218367855
2400 0.2713431405128607
2464 0.2758357743330189
2528 0.2749763620784908
2592 0.268968816265913
2656 0.2591033466943644
2720 0.247352695718589
2784 0.2358738365771157
2848 0.2263951246390598
2912 0.2195093554617558
2976 0.2144250256829981
3040 0.2104347764998167
3104 0.2096442056923498
3168 0.2164239478210458
3232 0.2295785693616567
3296 0.2306123768413487
3360 0.1973129626031925
3424 0.1539704051460976
3488 0.1325378399702156
3552 0.1265710061372656
3616 0.1253031107669966
3680 0.1250570421980601
3744 0.1250106182157409
3808 0.1250019577279242
3872 0.1250003572773953
3936 0.1250000643854159
4000 0.1250000115030968
4064 0.1250000023454016
33 0.4589642589113062
97 0.4589642588341273
161 0.4589642586013751
225 0.458964256905826
289 0.458964252237516
353 0.4589642219866855
417 0.4589641432927165
481 0.4589636935914994
545 0.4589625957842356
609 0.4589571358038149
673 0.4589447389396998
737 0.4588920348743148
801 0.4587820955091361
865 0.4583928695644104
929 0.4576602885679218
993 0.4555848105189266
1057 0.4521555923066474
1121 0.4448191709593283
1185 0.4345466994778417
1249 0.4189038735690345
1313 0.4006347036582851
1377 0.3804303648265183
1441 0.3599312456385806
1505 0.3403494372596895
1569 0.3219711549100054
1633 0.3047886859169723
1697 0.2889807791033269
1761 0.2747109374749673
1825 0.2621687574127242
1889 0.2516640253729072
1953 0.2437199502437382
2017 0.2390563133728485
2081 0.2384522367958312
2145 0.2423843274012921
2209 0.2503988520740006
2273 0.2606066321626856
2337 0.2700656816558821
2401 0.2760498849346147
2465 0.2770098706985113
2529 0.2726555728806618
2593 0.2637674448432181
2657 0.2520055642789933
2721 0.2395351506220224
2785 0.2284520284966957
2849 0.220088114862373
2913 0.214333931355844
2977 0.209889203662405
3041 0.2066058536612832
3105 0.2078680119790215
3169 0.217567549244077
3233 0.2296342339107116
3297 0.2198148696369184
3361 0.1785015360793994
3425 0.1428522963887361
3489 0.129190853169749
3553 0.1258440193850948
3617 0.1251616675010438
3681 0.1250304079944837
3745 0.1250056590093129
3809 0.1250010408623352
3873 0.1250001892385765
3937 0.125000033858777
4001 0.1250000060015999
4065 0.1250000012071188
34 0.4464412664409886
98 0.4464412663797406
162 0.4464412661942297
226 0.4464412648266938
290 0.4464412610422149
354 0.4464412362203533
418 0.4464411713084108
482 0.4464407957489793
546 0.4464398739168525
610 0.446435230085386
674 0.4464246257061837
738 0.4463789299142186
802 0.4462830229176171
866 0.4459384783850197
930 0.4452855682675095
994 0.4434052293020899
1058 0.4402740762713229
1122 0.4334494504261068
1186 0.4238115900266965
1250 0.4088544085189527
1314 0.3912644513996839
1378 0.3715802895545639
1442 0.351552681229115
1506 0.3324351644403424
1570 0.3145433148677838
1634 0.2979181290070136
1698 0.2827959370571909
1762 0.2693939538001174
1826 0.2579878468128211
1890 0.2490144672780464
1954 0.2431389843335086
2018 0.2411502494427971
2082 0.2436368183725925
2146 0.2503988520740006
2210 0.2598775037618368
2274 0.2693463495809632
2338 0.2760684780161972
2402 0.2782883340121572
2466 0.2753338799783123
2530 0.2674993836250187
2594 0.2560724500020057
2658 0.2430986063230655
2722 0.2308092046740696
2786 0.2209701593237189
2850 0.2142119041600459
2914 0.2095806608980549
2978 0.2056134931188568
3042 0.2033974894035802
3106 0.2074983257275634
3170 0.2197370421439655
3234 0.2270247011342438
3298 0.2038033444451421
3362 0.1608716559593036
3426 0.1352172804387161
3490 0.1272439131835995
3554 0.1254474112130614
3618 0.1250865436349429
3682 0.125016534559209
3746 0.1250031312340953
3810 0.1250005861907655
3874 0.1250001085104649
3938 0.1250000197560565
4002 0.1250000035640895
4066 0.1250000007303155
35 0.436688590584026
99 0.4366885905352794
163 0.4366885903870387
227 0.4366885892806059
291 0.4366885862041117
355 0.436688565768962
419 0.4366885120680773
483 0.4366881973246703
547 0.4366874208862234
611 0.4366834567744623
675 0.4366743571276189
739 0.4366345895192244
803 0.4365506584578305
867 0.436244524055683
931 0.4356608116690334
995 0.4339510682800445
1059 0.4310836394751697
1123 0.4247133610619914
1187 0.4156458661143831
1251 0.4012982599501343
1315 0.3843172841891548
1379 0.3650856617021029
1443 0.3454798780136124
1507 0.3268030801763246
1571 0.3094094786492398
1635 0.2934043224049881
1699 0.279096781804173
1763 0.2667760093385087
1827 0.2568206482842893
1891 0.2497899424788489
1955 0.2464111005375327
2019 0.2473064393459026
2083 0.2524523712481846
2147 0.2606066321626856
2211 0.2693463495809632
2275 0.2760541330120972
2339 0.2788826943668709
2403 0.2768748069629565
2467 0.2699114444795709
2531 0.2589204796726556
2595 0.2457991705934927
2659 0.2327913973698308
2723 0.221816540522048
2787 0.2139724862922851
2851 0.2089836583858391
2915 0.2051727779743131
2979 0.2016201500795775
3043 0.2012622548536947
3107 0.2090045464618819
3171 0.2220264592696538
3235 0.2189965266555473
3299 0.1832175015118835
3363 0.1460430058590159
3427 0.1302005237203885
3491 0.1260799916020004
3555 0.1252114288390684
3619 0.1250405501159589
3683 0.1250076744242902
3747 0.1250014368772378
3811 0.125000264630421
3875 0.1250000481380934
3939 0.1250000085580988
4003 0.1250000015094578
4067 0.1250000002991093
36 0.429313826866859
100 0.4293138268277405
164 0.4293138267084101
228 0.4293138258059853
292 0.4293138232872953
356 0.4293138063319459
420 0.4293137616052462
484 0.4293134958510148
548 0.4293128377038771
612 0.4293094298011522
676 0.4293015752603436
740 0.4292667387819992
804 0.4291928973560066
868 0.4289192802084459
932 0.4283950387169032
996 0.4268325795550428
1060 0.4241970467352355
1124 0.4182276577161777
1188 0.4096745458532613
1252 0.3958754725933201
1316 0.3794566021321887
1380 0.3606444348447444
1444 0.3414513135753591
1508 0.3232404436638505
1572 0.3064109077560436
1636 0.29114935418156
1700 0.2778493240658963
1764 0.2668790206288624
1828 0.2587028331567981
1892 0.2539217444953855
1956 0.2531104642502232
2020 0.2563557116816234
2084 0.2626975218367855
2148 0.2700656816558821
2212 0.2760684780161972
2276 0.2788826943668709
2340 0.2773617206205426
2404 0.2710152202981488
2468 0.2604129617705399
2532 0.2472940169512741
2596 0.2339152344170997
2660 0.2222228543043219
2724 0.2134929016194159
2788 0.2080174797427398
2852 0.2045609826881752
2916 0.2011191239275197
2980 0.1982905573606033
3044 0.200967071402649
3108 0.2123818446551304
3172 0.2217928927475964
3236 0.2034057129536885
3300 0.1624636273142956
3364 0.1360520750219815
3428 0.1274850957975953
3492 0.1255041197115391
3556 0.125098894267608
3620 0.1250191575777424
3684 0.1250036677952647
3748 0.1250006956405676
3812 0.1250001297240479
3876 0.1250000239252137
3940 0.1250000043087183
4004 0.1250000007709541
4068 0.1250000001550956
37 0.4235799032133739
101 0.4235799031814259
165 0.4235799030838816
229 0.4235799023356777
293 0.423579900244353
357 0.423579885961904
421 0.4235798482300749
485 0.4235796207337425
549 0.4235790564700139
613 0.4235760906121369
677 0.423569243666717
741 0.4235384017710127
805 0.4234729040170984
869 0.4232262111368854
933 0.422752416697211
997 0.4213152504553545
1061 0.4188828780052975
1125 0.4132673521739069
1189 0.4051854208406151
1253 0.3918996960373705
1317 0.3760330254465294
1381 0.3576612244758655
1445 0.3389296937046886
1509 0.3212724856344915
1573 0.305132187014274
1637 0.2907900265856957
1701 0.278720391096252
1765 0.269346080723168
1829 0.263132595983617
1893 0.2605381073896438
1957 0.2616810542306167
2021 0.2658537196515183
2085 0.2713431405128607
2149 0.2760498849346147
2213 0.2782883340121572
2277 0.2768748069629565
2341 0.2710152202981488
2405 0.2608426038797192
2469 0.2478377258062595
2533 0.2342564620736839
2597 0.2221192747275975
2661 0.2127610595358738
2725 0.206816303944118
2789 0.2036489198385461
2853 0.2010153585973874
2917 0.1974840085556079
2981 0.1962974754560677
3045 0.203259510915677
3109 0.2163425238944428
3173 0.214706151017816
3237 0.1810561456860981
3301 0.1453661199696363
3365 0.1300691001764469
3429 0.1260627621323958
3493 0.1252102062356351
3557 0.1250406339752304
3621 0.1250077619103426
3685 0.1250014581724243
3749 0.1250002710538385
3813 0.1250000491869814
3877 0.125000008844501
3941 0.1250000015383437
4005 0.1250000002674472
4069 0.1250000000514481
38 0.4183774865771214
102 0.4183774865501553
166 0.4183774864681251
230 0.4183774858289942
294 0.4183774840481669
358 0.4183774716936233
422 0.4183774391540452
486 0.4183772398429044
550 0.4183767469127468
614 0.4183741144451364
678 0.4183680532781537
742 0.4183403065314497
806 0.4182815151600799
870 0.4180563816862986
934 0.4176246680778525
998 0.4162923086222324
1062 0.4140380461359673
1126 0.4087386756319049
1190 0.4011019379637514
1254 0.388331533296892
1318 0.3730566188401988
1382 0.3552170053164966
1446 0.3370661759410952
1510 0.3201152688172391
1574 0.3048360395183271
1638 0.2916035219709448
1702 0.2809398123094579
1766 0.2732476782575168
1830 0.268834614033848
1894 0.2677863905584186
1958 0.2695775783202503
2022 0.2728623993388115
2086 0.2758357743330189
2150 0.2770098706985113
2214 0.2753338799783123
2278 0.2699114444795709
2342 0.2604129617705399
2406 0.2478377258062595
2470 0.2342821502983893
2534 0.2218586409281845
2598 0.2120356312861212
2662 0.2056671637763749
2726 0.2026413081787142
2790 0.2009477006406362
2854 0.1978358785052146
2918 0.1943321476498141
2982 0.1966054300849792
3046 0.2081120715657518
3110 0.2168913968512248
3174 0.1973932148513004
3238 0.1582496250135512
3302 0.1345513890825391
3366 0.1271325665643595
3430 0.1254334780616841
3494 0.1250855131555006
3558 0.125016612389874
3622 0.1250032004665989
3686 0.1250006062991471
3750 0.1250001139764999
3814 0.125000020892084
3878 0.1250000038068862
3942 0.1250000006699098
4006 0.1250000001181752
4070 0.1250000000230786
39 0.4123315611044231
103 0.4123315610803841
167 0.4123315610081125
231 0.4123315604351911
295 0.4123315588564188
359 0.4123315477151399
423 0.412331518679264
487 0.4123313378131929
551 0.412330894950646
615 0.4123284903542779
679 0.4123230053177868
743 0.4122974822968025
807 0.4122438598585655
871 0.4120351724790413
935 0.411637894958393
999 0.410391898490201
1063 0.4082951120775168
1127 0.4032865012740534
1191 0.396089157645271
1255 0.3838805020314988
1319 0.3692915695973638
1383 0.3521516389176275
1447 0.3347685591550843
1511 0.318724607748619
1575 0.3044899685258867
1639 0.2925080992448496
1703 0.2832796726523298
1767 0.2770713734654219
1831 0.273860234949024
1895 0.2732419671994007
1959 0.2741786308548645
2023 0.2752020028811576
2087 0.2749763620784908
2151 0.2726555728806618
2215 0.2674993836250187
2279 0.2589204796726556
2343 0.2472940169512741
2407 0.2342564620736839
2471 0.2218586409281845
2535 0.2117227435879683
2599 0.2049515576500653
2663 0.2018543905172861
2727 0.2008620234562377
2791 0.1986044655665488
2855 0.1940777854929581
2919 0.1925471996728321
2983 0.2004135746351069
3047 0.2131747996695825
3111 0.2075301625200217
3175 0.1723601891411806
3239 0.1409985230186795
3303 0.1288435110314523
3367 0.1257996294926717
3431 0.1251581667247631
3495 0.1250307249373424
3559 0.1250058649058165
3623 0.1250011098069733
3687 0.1250002049510904
3751 0.1250000376374983
3815 0.1250000066690314
3879 0.1250000011829265
3943 0.1250000001996973
4007 0.1250000000342375
4071 0.1250000000063507
40 0.4040866679818805
104 0.4040866679587554
168 0.4040866678907976
232 0.4040866673421901
296 0.4040866658630528
360 0.4040866552391668
424 0.404086628117289
488 0.4040864562697405
552 0.4040860435687405
616 0.404083765746635
680 0.4040786626259518
744 0.4040545429536292
808 0.4040046931017241
872 0.4038078008451783
936 0.4034383183817021
1000 0.402263348364656
1064 0.4003087087984665
1128 0.3955798818191123
1192 0.3888358176706892
1256 0.3772766435478049
1320 0.3635129805992741
1384 0.3472975046519953
1448 0.3309123778143332
1512 0.3159856314778955
1576 0.3029413150655195
1640 0.2922392281697589
1704 0.2842701677756693
1768 0.2790594176095046
1832 0.2761785198170849
1896 0.2748450406481025
1960 0.2738926636956743
2024 0.27218922761528
2088 0.268968816265913
2152 0.2637674448432181
2216 0.2560724500020057
2280 0.2457991705934927
2344 0.2339152344170997
2408 0.2221192747275975
2472 0.2120356312861212
2536 0.2049515576500653
2600 0.2015641067109531
2664 0.2008081658118443
2728 0.1992955574643785
2792 0.1945833259487866
2856 0.190482854253126
2920 0.1945860969237996
2984 0.2074134637386688
3048 0.2115666392564176
3112 0.1852508973298211
3176 0.1492620188121921
3240 0.1314369380549241
3304 0.126396116193433
3368 0.1252825341558634
3432 0.1250557043087724
3496 0.1250108836021107
3560 0.125002090746942
3624 0.1250003998855515
3688 0.1250000744920112
3752 0.1250000138692466
3816 0.1250000024838296
3880 0.1250000004475223
3944 0.12500000007651
4008 0.1250000000133317
4072 0.1250000000025146
41 0.3927099387843261
105 0.3927099387601447
169 0.3927099386914035
233 0.3927099381269147
297 0.392709936653369
361 0.392709925893836
425 0.3927098992557579
489 0.3927097277926806
553 0.3927093277434971
617 0.3927070866945754
681 0.3927021991916221
745 0.3926787790351612
809 0.3926315494969697
873 0.3924426877633118
937 0.3920958745482112
1001 0.3909811542758325
1065 0.3891594345755252
1129 0.3847136235795728
1193 0.3784509142701824
1257 0.3676522854488209
1321 0.3548704632342919
1385 0.3398164337885328
1449 0.3246555318715032
1513 0.3110154937143462
1577 0.2992266192723198
1641 0.2897007572969027
1705 0.2826505282907955
1769 0.277831687017649
1833 0.2744944255900537
1897 0.2717542023496879
1961 0.2686700304724841
2025 0.2645792311223827
2089 0.2591033466943644
2153 0.2520055642789933
2217 0.2430986063230655
2281 0.2327913973698308
2345 0.2222228543043219
2409 0.2127610595358738
2473 0.2056671637763749
2537 0.2018543905172861
2601 0.2008081658118443
2665 0.199558419481563
2729 0.1950519878030311
2793 0.1896249895159807
2857 0.1908363133187485
2921 0.2020775171958714
2985 0.2115122972455269
3049 0.1946802360835308
3113 0.1580155503873414
3177 0.1347291461037876
3241 0.1272064775933538
3305 0.1254523960939029
3369 0.1250897825660175
3433 0.1250174556533608
3497 0.1250033691316715
3561 0.1250006343235942
3625 0.125000119189402
3689 0.1250000215536607
3753 0.1250000039242129
3817 0.1250000006759779
3881 0.1250000001188415
3945 0.1250000000193795
4009 0.1250000000032951
4073 0.1250000000005869
42 0.3780418456020461
106 0.3780418455750423
170 0.3780418455011795
234 0.3780418448861792
298 0.3780418433413557
362 0.3780418319077251
426 0.3780418046329464
490 0.378041626767941
554 0.3780412262631989
618 0.3780389550194568
682 0.3780341649271796
746 0.3780109555543708
810 0.3779655799204336
874 0.3777824011609138
938 0.3774552201096195
1002 0.3763957948127669
1066 0.3747040434437732
1130 0.3705551221533258
1194 0.3648060066302602
1258 0.3548724393955429
1322 0.3432068199294395
1386 0.3295040358585627
1450 0.3157346089283077
1514 0.303468396712831
1578 0.2929065583840214
1642 0.2843635718048714
1706 0.277862278373241
1770 0.2729593771441296
1834 0.2687725040080096
1898 0.264572482125531
1962 0.2597806517234135
2026 0.2540964889611398
2090 0.247352695718589
2154 0.2395351506220224
2218 0.2308092046740696
2282 0.221816540522048
2346 0.2134929016194159
2410 0.206816303944118
2474 0.2026413081787142
2538 0.2008620234562377
2602 0.1992955574643785
2666 0.1950519878030311
2730 0.1894169564077553
2794 0.1890373575338259
2858 0.1985117157130497
2922 0.2099674746203772
2986 0.2004683553041036
3050 0.1659698127558162
3114 0.1384667707186975
3178 0.1282337509640052
3242 0.1256837519726189
3306 0.125138141688429
3370 0.1250275526850928
3434 0.1250053945100835
3498 0.1250010543715666
3562 0.1250002002856619
3626 0.1250000382225392
3690 0.1250000069825188
3754 0.1250000012937163
3818 0.1250000002255039
3882 0.1250000000403636
3946 0.1250000000066757
4010 0.1250000000011544
4074 0.1250000000002095
43 0.360816551742918
107 0.360816551711894
171 0.3608165516301639
235 0.3608165509428744
299 0.3608165492819448
363 0.3608165368650544
427 0.3608165083581685
491 0.360816320599247
555 0.3608159133948526
619 0.3608135820682406
683 0.3608088403275471
747 0.3607856658249628
811 0.3607418850858402
875 0.3605638683781496
939 0.3602557037752109
1003 0.3592527500156577
1067 0.3576933408589431
1131 0.3538593832230078
1195 0.3486487926443432
1259 0.3396476708531704
1323 0.329174676572202
1387 0.316916989071529
1451 0.3046075186234455
1515 0.2937066828232366
1579 0.2842741585021126
1643 0.276515285384152
1707 0.270311555951511
1771 0.2651438801570818
1835 0.2601759727177063
1899 0.2549562563574124
1963 0.2492178416718875
2027 0.242867754103842
2091 0.2358738365771157
2155 0.2284520284966957
2219 0.2209701593237189
2283 0.2139724862922851
2347 0.2080174797427398
2411 0.2036489198385461
2475 0.2009477006406362
2539 0.1986044655665488
2603 0.1945833259487866
2667 0.1896249895159807
2731 0.1890373575338259
2795 0.1972656200213888
2859 0.2087341658472983
2923 0.203276145339443
2987 0.1717747989226546
3051 0.1418895883578722
3115 0.1292987783450237
3179 0.1259330542191877
3243 0.1251919307590643
3307 0.1250384072759359
3371 0.1250076289817428
3435 0.1250014747877915
3499 0.1250002854119932
3563 0.1250000529409899
3627 0.1250000099441018
3691 0.1250000017544929
3755 0.1250000003188175
3819 0.1250000000531346
3883 0.1250000000093226
3947 0.1250000000014607
4011 0.125000000000248
4075 0.1250000000000422
44 0.3424840147082856
108 0.342484014673104
172 0.3424840145833882
236 0.3424840138236362
300 0.3424840120498843
364 0.342483998690121
428 0.3424839690786159
492 0.342483772519125
556 0.3424833610706744
620 0.3424809869923227
684 0.3424763252157509
748 0.342453372389278
812 0.3424114674086671
876 0.3422399795368941
940 0.3419524792627772
1004 0.3410122965120044
1068 0.3395909190037186
1132 0.3360873196688096
1196 0.3314245335072687
1260 0.3233683831164763
1324 0.3140900889964939
1388 0.3032588331529902
1452 0.292371342004679
1516 0.2827499899437895
1580 0.2743221825842583
1644 0.267213725925834
1708 0.2612401073930282
1772 0.255912326100683
1836 0.2505360295778702
1900 0.244935877690536
1964 0.2390300495312853
2028 0.2328268745356297
2092 0.2263951246390598
2156 0.220088114862373
2220 0.2142119041600459
2284 0.2089836583858391
2348 0.2045609826881752
2412 0.2010153585973874
2476 0.1978358785052146
2540 0.1940777854929581
2604 0.190482854253126
2668 0.1908363133187485
2732 0.1985117157130497
2796 0.2087341658472983
2860 0.2041035753016398
2924 0.1748192936501747
2988 0.144362204517815
3052 0.1302252210100305
3116 0.1261818753119465
3180 0.1252495240350666
3244 0.1250516202200339
3308 0.1250104283168034
3372 0.125002105140544
3436 0.1250004110438954
3500 0.1250000809971729
3564 0.1250000151710771
3628 0.1250000029057815
3692 0.125000000518148
3756 0.1250000000960406
3820 0.1250000000162106
3884 0.1250000000028969
3948 0.1250000000004612
4012 0.1250000000000795
4076 0.1250000000000138
45 0.3247766880259313
109 0.3247766879878765
173 0.3247766878933387
237 0.3247766870880256
301 0.3247766852605857
365 0.3247766714057432
429 0.3247766415962518
493 0.324776442290208
557 0.3247760377350191
621 0.3247736854448236
685 0.3247692093268304
749 0.3247469968120613
813 0.3247076980212769
877 0.3245456444458839
941 0.3242820840145383
1005 0.323414236934145
1069 0.3221376846429191
1133 0.3189732589796229
1197 0.3148503460270616
1261 0.3076992687404614
1325 0.2995518205227614
1389 0.290033435778417
1453 0.2804445322658654
1517 0.271968718725091
1581 0.2644190666739374
1645 0.2578995858596078
1709 0.2522177887818599
1773 0.2469648232045396
1837 0.2416030602505336
1901 0.2361709362593972
1965 0.2306385301386159
2029 0.2250495802944046
2093 0.2195093554617558
2157 0.214333931355844
2221 0.2095806608980549
2285 0.2051727779743131
2349 0.2011191239275197
2413 0.1974840085556079
2477 0.1943321476498141
2541 0.1925471996728321
2605 0.1945860969237996
2669 0.2020775171958714
2733 0.2099674746203772
2797 0.203276145339443
2861 0.1748192936501747
2925 0.1452306928068917
2989 0.130756012529937
3053 0.1263522579378727
3117 0.1252952400956613
3181 0.1250619738693299
3245 0.125012874273697
3309 0.1250025864136771
3373 0.1250005212324081
3437 0.1250000999585056
3501 0.1250000195246602
3565 0.1250000035472625
3629 0.125000000670295
3693 0.1250000001146097
3757 0.1250000000209238
3821 0.1250000000033509
3885 0.1250000000005908
3949 0.1250000000000883
4013 0.125000000000015
4077 0.1250000000000024
46 0.3090885030127448
110 0.3090885029744285
174 0.3090885028811126
238 0.3090885020811371
302 0.3090885003052606
366 0.309088486743872
430 0.3090884582442266
494 0.3090882661386971
558 0.3090878858197328
622 0.3090856543515567
686 0.309081517993802
750 0.309060787409423
814 0.3090250872335464
878 0.30887630010301
942 0.3086407397948887
1006 0.3078563393927756
1070 0.3067311830903211
1134 0.3039094416475955
1198 0.3003070688904773
1262 0.2939885947908201
1326 0.2868690145244273
1390 0.2784906737686698
1454 0.2700240934910594
1518 0.2625270023242698
1582 0.2557141573688507
1646 0.2497361568453295
1710 0.2444064638031955
1774 0.2393964279667624
1838 0.2343013602185952
1902 0.2292850674556191
1966 0.2242666451446521
2030 0.2192846355521003
2094 0.2144250256829981
2158 0.209889203662405
2222 0.2056134931188568
2286 0.2016201500795775
2350 0.1982905573606033
2414 0.1962974754560677
2478 0.1966054300849792
2542 0.2004135746351069
2606 0.2074134637386688
2670 0.2115122972455269
2734 0.2004683553041036
2798 0.1717747989226546
2862 0.144362204517815
2926 0.130756012529937
2990 0.1264232773949508
3054 0.1253224899453125
3118 0.1250708836700544
3182 0.1250150487705418
3246 0.1250031880583465
3310 0.1250006472925073
3374 0.1250001331421548
3438 0.1250000257580751
3502 0.1250000051396062
3566 0.1250000009419772
3630 0.1250000001818467
3694 0.1250000000314218
3758 0.1250000000058515
3822 0.1250000000009503
3886 0.1250000000001703
3950 0.1250000000000259
4014 0.1250000000000045
4078 0.1250000000000007
47 0.2958627408544998
111 0.2958627408191594
175 0.2958627407343054
239 0.2958627400011435
303 0.295862738399288
367 0.2958627260579108
431 0.2958627005704598
495 0.2958625270338132
559 0.2958621899339186
623 0.2958601893681888
687 0.2958565560886739
751 0.2958381093812906
815 0.2958070239711981
879 0.2956755387304513
943 0.2954719718074455
1007 0.2947824389270099
1071 0.2938145967495217
1135 0.2913388257517818
1199 0.2882360420403989
1263 0.282673717737408
1327 0.2764747973150654
1391 0.2690460553834125
1455 0.2615125625445852
1519 0.2548032303940959
1583 0.2485578905057421
1647 0.243035188965625
1711 0.2380297433601835
1775 0.2332725741558042
1839 0.2284810383563524
1903 0.2238511537218095
1967 0.2192437722782841
2031 0.2147264700527525
2095 0.2104347764998167
2159 0.2066058536612832
2223 0.2033974894035802
2287 0.2012622548536947
2351 0.200967071402649
2415 0.203259510915677
2479 0.2081120715657518
2543 0.2131747996695825
2607 0.2115666392564176
2671 0.1946802360835308
2735 0.1659698127558162
2799 0.1418895883578722
2863 0.1302252210100305
2927 0.1263522579378727
2991 0.1253224899453125
3055 0.1250727643900117
3119 0.1250161517131811
3183 0.1250034250069917
3247 0.1250007292676993
3311 0.1250001460332038
3375 0.1250000299705909
3439 0.1250000056436454
3503 0.1250000011175879
3567 0.1250000001969128
3631 0.1250000000376352
3695 0.1250000000061801
3759 0.1250000000011403
3823 0.1250000000001741
3887 0.125000000000031
3951 0.1250000000000044
4015 0.1250000000000007
4079 0.1250000000000001
48 0.2846616526948075
112 0.284661652665203
176 0.2846616525947836
240 0.2846616519804092
304 0.2846616506521771
368 0.2846616403070854
432 0.2846616191943594
496 0.2846614736661481
560 0.2846611946998601
624 0.28465951571507
688 0.2846565110494934
752 0.2846410056310226
816 0.2846152951759813
880 0.2845044352478047
944 0.2843357399465215
1008 0.2837508726908787
1072 0.2829442333638044
1136 0.2808206448441506
1200 0.2782015001570601
1264 0.2733423358700563
1328 0.2679865060886801
1392 0.261354158515936
1456 0.2546154177164853
1520 0.2485331675106708
1584 0.2427260170335128
1648 0.2376026816448091
1712 0.2329011396771434
1776 0.2284272468562601
1840 0.2240384698322841
1904 0.2199316219729231
1968 0.216012085377511
2032 0.2124917008594527
2096 0.2096442056923498
2160 0.2078680119790215
2224 0.2074983257275634
2288 0.2090045464618819
2352 0.2123818446551304
2416 0.2163425238944428
2480 0.2168913968512248
2544 0.2075301625200217
2608 0.1852508973298211
2672 0.1580155503873414
2736 0.1384667707186975
2800 0.1292987783450237
2864 0.1261818753119465
2928 0.1252952400956613
2992 0.1250708836700544
3056 0.1250161517131811
3120 0.1250036613521769
3184 0.1250007835841502
3248 0.125000170537401
3312 0.1250000343779704
3376 0.125000007216204
3440 0.1250000013671341
3504 0.1250000002768938
3568 0.1250000000491612
3632 0.1250000000095946
3696 0.1250000000015934
3760 0.1250000000002991
3824 0.1250000000000464
3888 0.1250000000000083
3952 0.1250000000000012
4016 0.1250000000000002
4080 0.125
49 0.2757586726259145
113 0.275758672603361
177 0.2757586725499973
241 0.2757586720790847
305 0.2757586710670534
369 0.2757586630841637
433 0.2757586469056912
497 0.2757585337864036
561 0.2757583187018189
625 0.2757570028967434
689 0.275754670222458
753 0.2757424010599566
817 0.2757222752828971
881 0.2756334898039881
945 0.2755000214717391
1009 0.2750239722415171
1073 0.2743760702754098
1137 0.2726074872898301
1201 0.2704554349555199
1265 0.2662788101548922
1329 0.2617301502340264
1393 0.2558336891502873
1457 0.2498665435043135
1521 0.2443889545811955
1585 0.2390675527295287
1649 0.2345102296439991
1713 0.2303328043341416
1777 0.2265504858365414
1841 0.223096870008029
1905 0.2202570655261137
1969 0.2179784708693543
2033 0.2166450914051921
2097 0.2164239478210458
2161 0.217567549244077
2225 0.2197370421439655
2289 0.2220264592696538
2353 0.2217928927475964
2417 0.214706151017816
2481 0.1973932148513004
2545 0.1723601891411806
2609 0.1492620188121921
2673 0.1347291461037876
2737 0.1282337509640052
2801 0.1259330542191877
2865 0.1252495240350666
2929 0.1250619738693299
2993 0.1250150487705418
3057 0.1250034250069917
3121 0.1250007835841502
3185 0.125000165643458
3249 0.1250000361594402
3313 0.1250000071084833
3377 0.1250000014889162
3441 0.1250000002716533
3505 0.1250000000547498
3569 0.1250000000092496
3633 0.1250000000017969
3697 0.1250000000002807
3761 0.1250000000000526
3825 0.1250000000000076
3889 0.1250000000000013
3953 0.1250000000000002
4017 0.125
4081 0.125
50 0.2722495261222749
114 0.2722495261064598
178 0.2722495260691082
242 0.2722495257352484
306 0.2722495250191843
370 0.2722495192906151
434 0.2722495077121532
498 0.2722494254703621
562 0.2722492696473391
626 0.2722482991351255
690 0.2722465863620213
754 0.2722373874398563
818 0.2722223840561888
882 0.2721545117832295
946 0.2720532121376063
1010 0.2716803751586925
1074 0.2711774488433232
1138 0.269747861737168
1202 0.2680272591690988
1266 0.2645131701397302
1330 0.2607376630362233
1394 0.2555847218255596
1458 0.2504379614169345
1522 0.2456800884406199
1586 0.241044054852326
1650 0.2374316184420449
1714 0.2341706125095519
1778 0.2317178938751581
1842 0.2297714323558682
1906 0.228796152491874
1970 0.228420951388448
2034 0.2289030870474756
2098 0.2295785693616567
2162 0.2296342339107116
2226 0.2270247011342438
2290 0.2189965266555473
2354 0.2034057129536885
2418 0.1810561456860981
2482 0.1582496250135512
2546 0.1409985230186795
2610 0.1314369380549241
2674 0.1272064775933538
2738 0.1256837519726189
2802 0.1251919307590643
2866 0.1250516202200339
2930 0.125012874273697
2994 0.1250031880583465
3058 0.1250007292676993
3122 0.125000170537401
3186 0.1250000361594402
3250 0.1250000080768555
3314 0.1250000015916924
3378 0.1250000003411819
3442 0.1250000000625017
3506 0.1250000000128716
3570 0.1250000000021919
3634 0.1250000000004335
3698 0.1250000000000687
3762 0.125000000000013
3826 0.1250000000000019
3890 0.1250000000000003
3954 0.125
4018 0.125
4082 0.125
51 0.2784278380837533
115 0.2784278380734748
179 0.2784278380491647
243 0.2784278378286962
307 0.2784278373549907
371 0.2784278335048749
435 0.27842782571189
499 0.2784277693827997
563 0.2784276625481395
627 0.2784269839223465
691 0.2784257857182801
755 0.2784192023302439
819 0.2784084680231551
883 0.2783585697379489
947 0.2782842018968981
1011 0.2780010611327777
1075 0.2776203447480829
1139 0.2764897134036657
1203 0.275137414943349
1267 0.2722163331655934
1331 0.2691155259811823
1395 0.2646224564666491
1459 0.260214475355423
1523 0.256078049047794
1587 0.2520435452894402
1651 0.2492433642640933
1715 0.2465733679851919
1779 0.2448907464564825
1843 0.2432691087356361
1907 0.2420434976851897
1971 0.240087206639661
2035 0.2368008311349939
2099 0.2306123768413487
2163 0.2198148696369184
2227 0.2038033444451421
2291 0.1832175015118835
2355 0.1624636273142956
2419 0.1453661199696363
2483 0.1345513890825391
2547 0.1288435110314523
2611 0.126396116193433
2675 0.1254523960939029
2739 0.125138141688429
2803 0.1250384072759359
2867 0.1250104283168034
2931 0.1250025864136771
2995 0.1250006472925073
3059 0.1250001460332038
3123 0.1250000343779704
3187 0.1250000071084833
3251 0.1250000015916924
3315 0.1250000003022642
3379 0.12500000006478
3443 0.1250000000113002
3507 0.1250000000023269
3571 0.1250000000003728
3635 0.1250000000000739
3699 0.1250000000000109
3763 0.1250000000000021
3827 0.1250000000000002
3891 0.125
3955 0.125
4019 0.125
4083 0.125
52 0.2899974516882691
116 0.2899974516823126
180 0.289997451668154
244 0.2899974515374378
308 0.2899974512548845
372 0.2899974489136152
436 0.2899974441454235
500 0.2899974089426431
564 0.2899973417526385
628 0.2899969047122427
692 0.2899961279961552
756 0.289991742267259
820 0.2899845426889094
884 0.2899499650419711
948 0.2898980719642832
1012 0.2896922359767222
1076 0.2894135753616351
1140 0.2885397208057194
1204 0.2874886152134015
1268 0.2850389764959773
1332 0.2824336522855922
1396 0.2782259923004315
1460 0.274106033613666
1524 0.2695812891879412
1588 0.2650506235839934
1652 0.2609743267894337
1716 0.256450153458297
1780 0.2516865078438402
1844 0.2457448475727445
1908 0.2379355831139716
1972 0.2276670567555738
2036 0.2138211641099139
2100 0.1973129626031925
2164 0.1785015360793994
2228 0.1608716559593036
2292 0.1460430058590159
2356 0.1360520750219815
2420 0.1300691001764469
2484 0.1271325665643595
2548 0.1257996294926717
2612 0.1252825341558634
2676 0.1250897825660175
2740 0.1250275526850928
2804 0.1250076289817428
2868 0.125002105140544
2932 0.1250005212324081
2996 0.1250001331421548
3060 0.1250000299705909
3124 0.125000007216204
3188 0.1250000014889162
3252 0.1250000003411819
3316 0.12500000006478
3380 0.1250000000141895
3444 0.1250000000024853
3508 0.1250000000005211
3572 0.1250000000000843
3636 0.1250000000000169
3700 0.1250000000000025
3764 0.1250000000000004
3828 0.1250000000000001
3892 0.125
3956 0.125
4020 0.125
4084 0.125
53 0.2801648552802887
117 0.2801648552775564
181 0.2801648552710015
245 0.2801648552090119
309 0.2801648550735015
373 0.2801648539209703
437 0.2801648515451405
501 0.2801648334933854
565 0.280164798580431
629 0.2801645640126919
693 0.280164140972942
757 0.2801616607495476
821 0.2801575208594251
885 0.2801367135203361
949 0.2801048746743985
1013 0.2799710432701593
1077 0.2797856152392708
1141 0.279156153159127
1205 0.2783776567227486
1269 0.2763379314631642
1333 0.2740993118292426
1397 0.2697444985566103
1461 0.2653585619616497
1525 0.2588758357907561
1589 0.2523339271035658
1653 0.2439224306508166
1717 0.2349809928980045
1781 0.2237062686515597
1845 0.2116100888601024
1909 0.1970674483315698
1973 0.1824557736094419
2037 0.1671395329563521
2101 0.1539704051460976
2165 0.1428522963887361
2229 0.1352172804387161
2293 0.1302005237203885
2357 0.1274850957975953
2421 0.1260627621323958
2485 0.1254334780616841
2549 0.1251581667247631
2613 0.1250557043087724
2677 0.1250174556533608
2741 0.1250053945100835
2805 0.1250014747877915
2869 0.1250004110438954
2933 0.1250000999585056
2997 0.1250000257580751
3061 0.1250000056436454
3125 0.1250000013671341
3189 0.1250000002716533
3253 0.1250000000625017
3317 0.1250000000113002
3381 0.1250000000024853
3445 0.1250000000004097
3509 0.1250000000000864
3573 0.125000000000013
3637 0.1250000000000026
3701 0.1250000000000003
3765 0.1250000000000001
3829 0.125
3893 0.125
3957 0.125
4021 0.125
4085 0.125
54 0.2226701081622601
118 0.2226701081614289
182 0.2226701081594067
246 0.2226701081396583
310 0.2226701080957506
374 0.2226701077090149
438 0.2226701068969174
502 0.2226701004843632
566 0.222670087826213
630 0.2226699990285404
694 0.222669835173612
758 0.2226688256557156
822 0.2226670959656817
886 0.2226578755305151
950 0.2226433293093927
1014 0.2225775753645597
1078 0.2224831006112621
1142 0.2221307637027351
1206 0.2216759842485215
1270 0.2203243717606551
1334 0.2187741261939451
1398 0.2152146422093039
1462 0.2115460322989286
1526 0.205035204535755
1590 0.198724169069334
1654 0.1896581526201724
1718 0.1811241626169554
1782 0.170707223124211
1846 0.1614215733432029
1910 0.1517385682913961
1974 0.1439706657051052
2038 0.1372058901887462
2102 0.1325378399702156
2166 0.129190853169749
2230 0.1272439131835995
2294 0.1260799916020004
2358 0.1255041197115391
2422 0.1252102062356351
2486 0.1250855131555006
2550 0.1250307249373424
2614 0.1250108836021107
2678 0.1250033691316715
2742 0.1250010543715666
2806 0.1250002854119932
2870 0.1250000809971729
2934 0.1250000195246602
2998 0.1250000051396062
3062 0.1250000011175879
3126 0.1250000002768938
3190 0.1250000000547498
3254 0.1250000000128716
3318 0.1250000000023269
3382 0.1250000000005211
3446 0.1250000000000864
3510 0.1250000000000184
3574 0.1250000000000028
3638 0.1250000000000005
3702 0.1250000000000001
3766 0.125
3830 0.125
3894 0.125
3958 0.125
4022 0.125
4086 0.125
55 0.1594075842260774
119 0.1594075842259262
183 0.1594075842255523
247 0.159407584221771
311 0.1594075842132028
375 0.1594075841348489
439 0.1594075839669357
503 0.1594075825864971
567 0.1594075798011267
631 0.1594075593862084
695 0.1594075208065878
759 0.1594072713360598
823 0.1594068325760075
887 0.15940436282937
951 0.1594003518757977
1015 0.1593810466073516
1079 0.1593523936317813
1143 0.1592373265182523
1207 0.1590834408002977
1271 0.1585845651723386
1335 0.1579934364494417
1399 0.1565032465123433
1463 0.1549516685159137
1527 0.1519820713877692
1591 0.1492192651291102
1655 0.1451636414612315
1719 0.1417026173000139
1783 0.1376595820232193
1847 0.1345002224385031
1911 0.1314659560590051
1975 0.1293401662137367
2039 0.1276302868371278
2103 0.1265710061372656
2167 0.1258440193850948
2231 0.1254474112130614
2295 0.1252114288390684
2359 0.125098894267608
2423 0.1250406339752304
2487 0.125016612389874
2551 0.1250058649058165
2615 0.125002090746942
2679 0.1250006343235942
2743 0.1250002002856619
2807 0.1250000529409899
2871 0.1250000151710771
2935 0.1250000035472625
2999 0.1250000009419772
3063 0.1250000001969128
3127 0.1250000000491612
3191 0.1250000000092496
3255 0.1250000000021919
3319 0.1250000000003728
3383 0.1250000000000843
3447 0.125000000000013
3511 0.1250000000000028
3575 0.1250000000000004
3639 0.1250000000000001
3703 0.125
3767 0.125
3831 0.125
3895 0.125
3959 0.125
4023 0.125
4087 0.125
56 0.1323439913639499
120 0.1323439913639321
184 0.1323439913638875
248 0.1323439913634232
312 0.1323439913623554
376 0.1323439913522957
440 0.1323439913303931
504 0.1323439911446109
568 0.1323439907634046
632 0.1323439878749675
696 0.132343982318253
760 0.1323439450773941
824 0.1323438783192616
888 0.1323434875524676
952 0.1323428397653962
1016 0.1323395829026133
1080 0.132334639863926
1144 0.132313780367719
1208 0.1322852056435865
1272 0.1321872116060799
1336 0.1320684258305053
1400 0.1317506493043402
1464 0.1314161551832989
1528 0.1307422112785463
1592 0.1301257935323161
1656 0.1291936371856138
1720 0.128435375729379
1784 0.1275442754217389
1848 0.1268887933970891
1912 0.126260833954598
1976 0.1258432905354241
2040 0.1255050814804726
2104 0.1253031107669966
2168 0.1251616675010438
2232 0.1250865436349429
2296 0.1250405501159589
2360 0.1250191575777424
2424 0.1250077619103426
2488 0.1250032004665989
2552 0.1250011098069733
2616 0.1250003998855515
2680 0.125000119189402
2744 0.1250000382225392
2808 0.1250000099441018
2872 0.1250000029057815
2936 0.125000000670295
3000 0.1250000001818467
3064 0.1250000000376352
3128 0.1250000000095946
3192 0.1250000000017969
3256 0.1250000000004335
3320 0.1250000000000739
3384 0.1250000000000169
3448 0.1250000000000026
3512 0.1250000000000005
3576 0.1250000000000001
3640 0.125
3704 0.125
3768 0.125
3832 0.125
3896 0.125
3960 0.125
4024 0.125
4088 0.125
57 0.1262039674347466
121 0.126203967434745
185 0.1262039674347414
249 0.1262039674347017
313 0.1262039674346093
377 0.1262039674337163
441 0.1262039674317449
505 0.1262039674145586
569 0.1262039673787751
633 0.1262039670996433
697 0.1262039665542675
761 0.1262039627833464
825 0.1262039559108763
889 0.126203914292238
953 0.1262038440618694
1017 0.1262034773771764
1081 0.1262029099695622
1145 0.1262004102825886
1209 0.1261969121461643
1273 0.1261842990673305
1337 0.1261686533222316
1401 0.1261242945617359
1465 0.1260766029696616
1529 0.1259742600275603
1593 0.1258795922177511
1657 0.1257274363626772
1721 0.1256040473456049
1785 0.1254511092073219
1849 0.1253399303078443
1913 0.1252283909971977
1977 0.1251552824011085
2041 0.1250934157635042
2105 0.1250570421980601
2169 0.1250304079944837
2233 0.125016534559209
2297 0.1250076744242902
2361 0.1250036677952647
2425 0.1250014581724243
2489 0.1250006062991471
2553 0.1250002049510904
2617 0.1250000744920112
2681 0.1250000215536607
2745 0.1250000069825188
2809 0.1250000017544929
2873 0.125000000518148
2937 0.1250000001146097
3001 0.1250000000314218
3065 0.1250000000061801
3129 0.1250000000015934
3193 0.1250000000002807
3257 0.1250000000000687
3321 0.1250000000000109
3385 0.1250000000000025
3449 0.1250000000000003
3513 0.1250000000000001
3577 0.125
3641 0.125
3705 0.125
3769 0.125
3833 0.125
3897 0.125
3961 0.125
4025 0.125
4089 0.125
58 0.125182392432
122 0.1251823924319999
186 0.1251823924319996
250 0.1251823924319967
314 0.1251823924319897
378 0.1251823924319206
442 0.1251823924317662
506 0.1251823924303832
570 0.1251823924274627
634 0.1251823924040292
698 0.1251823923575526
762 0.1251823920263491
826 0.1251823914130137
890 0.1251823875749048
954 0.1251823809860685
1018 0.1251823453118863
1082 0.125182289067712
1146 0.1251820308352741
1210 0.1251816618408619
1274 0.1251802652189905
1338 0.1251784912010694
1402 0.1251731602216413
1466 0.1251672797317541
1530 0.1251537748309846
1594 0.1251410006793603
1658 0.1251189260003877
1722 0.1251007962007217
1786 0.1250766976728045
1850 0.1250591228148589
1914 0.1250403270089039
1978 0.1250280488686614
2042 0.1250170267359837
2106 0.1250106182157409
2170 0.1250056590093129
2234 0.1250031312340953
2298 0.1250014368772378
2362 0.1250006956405676
2426 0.1250002710538385
2490 0.1250001139764999
2554 0.1250000376374983
2618 0.1250000138692466
2682 0.1250000039242129
2746 0.1250000012937163
2810 0.1250000003188175
2874 0.1250000000960406
2938 0.1250000000209238
3002 0.1250000000058515
3066 0.1250000000011403
3130 0.1250000000002991
3194 0.1250000000000526
3258 0.125000000000013
3322 0.1250000000000021
3386 0.1250000000000004
3450 0.1250000000000001
3514 0.125
3578 0.125
3642 0.125
3706 0.125
3770 0.125
3834 0.125
3898 0.125
3962 0.125
4026 0.125
4090 0.125
59 0.1250271050650111
123 0.1250271050650111
187 0.1250271050650111
251 0.1250271050650109
315 0.1250271050650103
379 0.1250271050650054
443 0.125027105064994
507 0.1250271050648888
571 0.1250271050646641
635 0.1250271050628079
699 0.1250271050590705
763 0.1250271050316138
827 0.1250271049799434
891 0.1250271046457676
955 0.1250271040621041
1019 0.1250271007849511
1083 0.1250270955203474
1147 0.1250270703344649
1211 0.1250270335866759
1275 0.1250268876488519
1339 0.1250266977847064
1403 0.1250260932908016
1467 0.1250254082083
1531 0.1250237230914737
1595 0.1250220865121042
1659 0.1250190355739992
1723 0.1250164814805845
1787 0.125012818567792
1851 0.1250101235101238
1915 0.1250070284549714
1979 0.125005008516899
2043 0.1250030705742775
2107 0.1250019577279242
2171 0.1250010408623352
2235 0.1250005861907655
2299 0.125000264630421
2363 0.1250001297240479
2427 0.1250000491869814
2491 0.125000020892084
2555 0.1250000066690314
2619 0.1250000024838296
2683 0.1250000006759779
2747 0.1250000002255039
2811 0.1250000000531346
2875 0.1250000000162106
2939 0.1250000000033509
3003 0.1250000000009503
3067 0.1250000000001741
3131 0.1250000000000464
3195 0.1250000000000076
3259 0.1250000000000019
3323 0.1250000000000002
3387 0.1250000000000001
3451 0.125
3515 0.125
3579 0.125
3643 0.125
3707 0.125
3771 0.125
3835 0.125
3899 0.125
3963 0.125
4027 0.125
4091 0.125
60 0.1250040168749803
124 0.1250040168749803
188 0.1250040168749803
252 0.1250040168749803
316 0.1250040168749803
380 0.1250040168749799
444 0.1250040168749791
508 0.1250040168749713
572 0.1250040168749542
636 0.1250040168748096
700 0.125004016874514
764 0.1250040168722761
828 0.1250040168679976
892 0.1250040168394139
956 0.1250040167886345
1020 0.1250040164931662
1084 0.1250040160096761
1148 0.1250040136019004
1212 0.125004010016285
1276 0.1250039950969919
1340 0.1250039752289317
1404 0.125003908345461
1468 0.1250038305012759
1532 0.1250036258590573
1596 0.1250034216400935
1660 0.125003011336414
1724 0.1250026603971071
1788 0.1250021166690246
1852 0.1250017120681946
1916 0.1250012113392692
1980 0.1250008845784672
2044 0.1250005479043519
2108 0.1250003572773953
2172 0.1250001892385765
2236 0.1250001085104649
2300 0.1250000481380934
2364 0.1250000239252137
2428 0.125000008844501
2492 0.1250000038068862
2556 0.1250000011829265
2620 0.1250000004475223
2684 0.1250000001188415
2748 0.1250000000403636
2812 0.1250000000093226
2876 0.1250000000028969
2940 0.1250000000005908
3004 0.1250000000001703
3068 0.125000000000031
3132 0.1250000000000083
3196 0.1250000000000013
3260 0.1250000000000003
3324 0.125
3388 0.125
3452 0.125
3516 0.125
3580 0.125
3644 0.125
3708 0.125
3772 0.125
3836 0.125
3900 0.125
3964 0.125
4028 0.125
4092 0.125
61 0.1250005950890075
125 0.1250005950890075
189 0.1250005950890075
253 0.1250005950890075
317 0.1250005950890075
381 0.1250005950890074
445 0.1250005950890074
509 0.1250005950890068
573 0.1250005950890055
637 0.1250005950889944
701 0.1250005950889712
765 0.1250005950887908
829 0.1250005950884405
893 0.1250005950860236
957 0.1250005950816573
1021 0.1250005950553435
1085 0.1250005950114958
1149 0.1250005947843838
1213 0.1250005944393311
1277 0.1250005929370997
1341 0.1250005908905894
1405 0.1250005836207662
1469 0.1250005749369781
1533 0.1250005505976644
1597 0.1250005256383209
1661 0.1250004716930508
1725 0.1250004244869337
1789 0.1250003454785781
1853 0.1250002859145629
1917 0.1250002062986248
1981 0.1250001543217302
2045 0.1250000965577402
2109 0.1250000643854159
2173 0.125000033858777
2237 0.1250000197560565
2301 0.1250000085580988
2365 0.1250000043087183
2429 0.1250000015383437
2493 0.1250000006699098
2557 0.1250000001996973
2621 0.12500000007651
2685 0.1250000000193795
2749 0.1250000000066757
2813 0.1250000000014607
2877 0.1250000000004612
2941 0.1250000000000883
3005 0.1250000000000259
3069 0.1250000000000044
3133 0.1250000000000012
3197 0.1250000000000002
3261 0.125
3325 0.125
3389 0.125
3453 0.125
3517 0.125
3581 0.125
3645 0.125
3709 0.125
3773 0.125
3837 0.125
3901 0.125
3965 0.125
4029 0.125
4093 0.125
62 0.1250000883638895
126 0.1250000883638895
190 0.1250000883638895
254 0.1250000883638895
318 0.1250000883638895
382 0.1250000883638895
446 0.1250000883638895
510 0.1250000883638895
574 0.1250000883638893
638 0.1250000883638884
702 0.1250000883638867
766 0.1250000883638723
830 0.1250000883638439
894 0.1250000883636417
958 0.1250000883632701
1022 0.1250000883609524
1086 0.1250000883570201
1150 0.1250000883358498
1214 0.1250000883030451
1278 0.1250000881537641
1342 0.1250000879458271
1406 0.1250000871676313
1470 0.1250000862142009
1534 0.1250000833708418
1598 0.1250000803748602
1662 0.1250000734205435
1726 0.1250000671875596
1790 0.1250000559201465
1854 0.1250000472989444
1918 0.1250000348297817
1982 0.125000026677639
2046 0.1250000168713955
2110 0.1250000115030968
2174 0.1250000060015999
2238 0.1250000035640895
2302 0.1250000015094578
2366 0.1250000007709541
2430 0.1250000002674472
2494 0.1250000001181752
2558 0.1250000000342375
2622 0.1250000000133317
2686 0.1250000000032951
2750 0.1250000000011544
2814 0.125000000000248
2878 0.1250000000000795
2942 0.125000000000015
3006 0.1250000000000045
3070 0.1250000000000007
3134 0.1250000000000002
3198 0.125
3262 0.125
3326 0.125
3390 0.125
3454 0.125
3518 0.125
3582 0.125
3646 0.125
3710 0.125
3774 0.125
3838 0.125
3902 0.125
3966 0.125
4030 0.125
4094 0.125
63 0.1250000149310553
127 0.1250000149310553
191 0.1250000149310553
255 0.1250000149310553
319 0.1250000149310553
383 0.1250000149310553
447 0.1250000149310553
511 0.1250000149310553
575 0.1250000149310552
639 0.1250000149310552
703 0.125000014931055
767 0.1250000149310538
831 0.1250000149310513
895 0.1250000149310333
959 0.1250000149309994
1023 0.1250000149307801
1087 0.1250000149304013
1151 0.1250000149282762
1215 0.1250000149249139
1279 0.1250000149088848
1343 0.1250000148860287
1407 0.1250000147956837
1471 0.1250000146819964
1535 0.1250000143201379
1599 0.1250000139275807
1663 0.1250000129445962
1727 0.1250000120394826
1791 0.1250000102604356
1855 0.1250000088744933
1919 0.1250000066850958
1983 0.1250000052500358
2047 0.1250000033587907
2111 0.1250000023454016
2175 0.1250000012071188
2239 0.1250000007303155
2303 0.1250000002991093
2367 0.1250000001550956
2431 0.1250000000514481
2495 0.1250000000230786
2559 0.1250000000063507
2623 0.1250000000025146
2687 0.1250000000005869
2751 0.1250000000002095
2815 0.1250000000000422
2879 0.1250000000000138
2943 0.1250000000000024
3007 0.1250000000000007
3071 0.1250000000000001
3135 0.125
3199 0.125
3263 0.125
3327 0.125
3391 0.125
3455 0.125
3519 0.125
3583 0.125
3647 0.125
3711 0.125
3775 0.125
3839 0.125
3903 0.125
3967 0.125
4031 0.125
4095 0.125
