0 2.499999997994943
64 2.499999994162782
128 2.49999998309544
192 2.499999910796554
256 2.499999721744846
320 2.499998625570378
384 2.499995923018599
448 2.49998214128312
512 2.499950339717103
576 2.499809813455405
640 2.499509315444779
704 2.498382479825595
768 2.496180852707234
832 2.489390497374159
896 2.477528182439292
960 2.448839879548041
1024 2.405453158645011
1088 2.328148358875135
1152 2.230120636563328
1216 2.105700280864907
1280 1.972271400992832
1344 1.839753302747952
1408 1.712430666615396
1472 1.593399104443141
1536 1.48363191742418
1600 1.382153170831012
1664 1.288490083859586
1728 1.202583593767915
1792 1.124439052176703
1856 1.053897464575423
1920 0.9908944259566222
1984 0.9355573680716711
2048 0.8881082757755537
2112 0.8486952185203112
2176 0.8172660399329666
2240 0.7934866440290084
2304 0.7766769173248266
2368 0.7657835705787114
2432 0.7594480084999771
2496 0.7561997916084415
2560 0.7547217088778982
2624 0.7540636767893385
2688 0.7537057950387951
2752 0.7534867973245784
2816 0.7535097675412527
2880 0.7540101763501431
2944 0.7548050401307658
3008 0.7541825282746263
3072 0.7492217818500612
3136 0.7412784747530627
3200 0.7438352872960442
3264 0.7765532870885188
3328 0.827445886459669
3392 0.7948004220017583
3456 0.579840149460244
3520 0.3573621437953601
3584 0.271576681369543
3648 0.2534282745647973
3712 0.2505124429992771
3776 0.2500759352419893
3840 0.2500112481598952
3904 0.2500016662692126
3968 0.2500002474193294
4032 0.2500000418069648
1 2.499999994162782
65 2.499999990330622
129 2.499999979263282
193 2.499999906964394
257 2.499999717912687
321 2.49999862173822
385 2.499995919186444
449 2.499982137450988
513 2.499950335885026
577 2.499809809623559
641 2.499509311613433
705 2.498382475996165
769 2.496180848881586
833 2.489390493560466
897 2.477528178646812
961 2.448839875808858
1025 2.405453154988228
1089 2.328148355373911
1153 2.230120633264776
1217 2.105700277844941
1281 1.972271398279233
1345 1.839753300362621
1409 1.712430664550924
1473 1.593399102684926
1537 1.48363191594585
1601 1.382153169604098
1665 1.288490082853308
1729 1.202583592951372
1793 1.124439051520334
1857 1.053897464052131
1921 0.9908944255422736
1985 0.9355573677452659
2049 0.8881082755192297
2113 0.8486952183191979
2177 0.8172660397748941
2241 0.7934866439041004
2305 0.7766769172250321
2369 0.7657835704973049
2433 0.7594480084310585
2497 0.7561997915464643
2561 0.7547217088172711
2625 0.7540636767242069
2689 0.7537057949632422
2753 0.7534867972335645
2817 0.7535097674324176
2881 0.754010176225881
2945 0.754805039999161
3009 0.7541825281478755
3073 0.7492217817402947
3137 0.7412784746674819
3201 0.7438352872349047
3265 0.7765532870478137
3329 0.8274458864353159
3393 0.7948004219903837
3457 0.5798401494569174
3521 0.3573621437948239
3585 0.2715766813694868
3649 0.2534282745647929
3713 0.2505124429992768
3777 0.2500759352419893
3841 0.2500112481598952
3905 0.2500016662692126
3969 0.2500002474193294
4033 0.2500000418069648
2 2.49999998309544
66 2.499999979263282
130 2.499999968195944
194 2.499999895897053
258 2.499999706845348
322 2.499998610670886
386 2.499995908119125
450 2.499982126383733
514 2.499950324817918
578 2.499809798557125
642 2.499509300548448
706 2.498382464936704
770 2.496180837833029
834 2.489390482546385
898 2.477528167693865
962 2.448839865009352
1026 2.405453144425814
1090 2.328148345258521
1154 2.23012062373148
1218 2.105700269110656
1282 1.972271390423489
1346 1.83975329344754
1410 1.712430658555732
1474 1.593399097568386
1538 1.483631911633401
1602 1.382153166015271
1666 1.288490079900966
1730 1.202583590547806
1794 1.124439049581409
1858 1.053897462500492
1922 0.9908944243087802
1986 0.9355573667695363
2050 0.8881082747497011
2114 0.8486952177127778
2178 0.8172660392961862
2242 0.793486643524303
2306 0.7766769169206446
2370 0.7657835702487613
2434 0.759448008221387
2498 0.7561997913600754
2562 0.7547217086390121
2626 0.7540636765389456
2690 0.7537057947564751
2754 0.7534867969936938
2818 0.7535097671547889
2882 0.7540101759170994
2946 0.7548050396785773
3010 0.7541825278434878
3074 0.7492217814791653
3138 0.741278474464978
3202 0.7438352870905124
3266 0.7765532869515526
3330 0.8274458863774434
3394 0.7948004219631051
3458 0.5798401494488291
3522 0.3573621437934996
3586 0.271576681369346
3650 0.253428274564782
3714 0.250512442999276
3778 0.2500759352419892
3842 0.2500112481598952
3906 0.2500016662692126
3970 0.2500002474193294
4034 0.2500000418069648
3 2.499999910796554
67 2.499999906964394
131 2.499999895897053
195 2.49999982359817
259 2.499999634546469
323 2.49999853837204
387 2.499995835820362
451 2.499982054085393
515 2.499950252520562
579 2.499809726264167
643 2.499509228264953
707 2.498382392689251
771 2.496180765656663
835 2.489390410594291
899 2.477528096139036
963 2.448839794449138
1027 2.405453075400283
1091 2.328148279116822
1155 2.230120561339778
1219 2.105700211847603
1283 1.972271338796626
1347 1.839753247843555
1411 1.712430618848197
1475 1.593399063502357
1539 1.483631882747304
1603 1.382153141811661
1667 1.288490059839109
1731 1.202583574080298
1795 1.124439036179335
1859 1.053897451673841
1923 0.9908944156158606
1987 0.9355573598209034
2051 0.8881082692093532
2115 0.8486952132968317
2179 0.8172660357687352
2243 0.7934866406908401
2307 0.7766769146198376
2371 0.7657835683433091
2435 0.7594480065886395
2499 0.7561997898832954
2563 0.7547217072005878
2627 0.7540636750179436
2691 0.753705793034823
2755 0.7534867949761368
2819 0.7535097648031018
2883 0.7540101732863116
2947 0.7548050369302925
3011 0.7541825252140378
3075 0.7492217792018492
3139 0.7412784726789442
3203 0.7438352858007201
3267 0.7765532860791903
3331 0.8274458858435945
3395 0.7948004217054245
3459 0.579840149369973
3523 0.3573621437801308
3587 0.2715766813678844
3651 0.2534282745646643
3715 0.2505124429992677
3779 0.2500759352419885
3843 0.2500112481598952
3907 0.2500016662692126
3971 0.2500002474193294
4035 0.2500000418069648
4 2.499999721744846
68 2.499999717912687
132 2.499999706845348
196 2.499999634546469
260 2.499999445494782
324 2.499998349320443
388 2.499995646768979
452 2.499981865035121
516 2.499950063472865
580 2.499809537227972
644 2.499509039253509
708 2.498382203772004
772 2.496180576925115
836 2.489390222448077
900 2.477527909029088
964 2.448839609930315
1028 2.405452894876762
1092 2.328148106088317
1156 2.230120398050566
1220 2.105700061853742
1284 1.972271203409541
1348 1.839753128049339
1412 1.712430514327024
1476 1.593398973604907
1540 1.483631806298026
1604 1.382153077545033
1668 1.288490006377097
1732 1.202583530024153
1796 1.124439000172874
1860 1.05389742245608
1924 0.9908943920455657
1988 0.9355573408873249
2052 0.8881082540363153
2116 0.8486952011406123
2180 0.8172660260086728
2244 0.7934866328135413
2308 0.776676908199057
2372 0.765783563017588
2436 0.7594480020388312
2500 0.7561997858125938
2564 0.7547217033205085
2628 0.7540636710453795
2692 0.7537057887081584
2756 0.7534867900986704
2820 0.7535097593112302
2884 0.7540101673151317
2948 0.7548050308282458
3012 0.75418251946828
3076 0.7492217742780397
3140 0.7412784688405282
3204 0.7438352830345552
3268 0.7765532842051327
3332 0.827445884689975
3396 0.7948004211423932
3460 0.5798401491947904
3524 0.3573621437498696
3588 0.2715766813645245
3652 0.2534282745643904
3716 0.250512442999248
3780 0.2500759352419872
3844 0.2500112481598951
3908 0.2500016662692126
3972 0.2500002474193294
4036 0.2500000418069648
5 2.499998625570378
69 2.49999862173822
133 2.499998610670886
197 2.49999853837204
261 2.499998349320443
325 2.499997253146609
389 2.499994550596405
453 2.499980768869013
517 2.499948967321732
581 2.499808441143641
645 2.49950794331281
709 2.498381108377093
773 2.496179482605187
837 2.489389131509501
901 2.47752682406959
965 2.448838539879344
1029 2.405451847777909
1093 2.328147101887104
1157 2.230119449503865
1221 2.105699188970333
1285 1.972270413591065
1349 1.839752426690145
1413 1.712429899689705
1477 1.593398442121175
1541 1.483631351525189
1605 1.382152692569281
1669 1.288489683647831
1733 1.202583261836122
1797 1.124438779001878
1861 1.053897241253137
1925 0.9908942443763001
1989 0.9355572209973965
2053 0.8881081568842578
2117 0.8486951223985162
2181 0.8172659620206483
2245 0.7934865805133267
2309 0.7766768649964888
2373 0.7657835266651546
2437 0.7594479704916528
2501 0.7561997571010722
2565 0.7547216754632996
2629 0.7540636420439463
2693 0.7537057566831995
2757 0.7534867536261765
2821 0.7535097179347106
2885 0.7540101220356008
2949 0.7548049842307444
3013 0.7541824752114898
3077 0.7492217359462759
3141 0.7412784385822176
3205 0.7438352609211389
3269 0.7765532689855396
3333 0.8274458751394527
3397 0.7948004163592518
3461 0.5798401476545006
3525 0.357362143473713
3589 0.2715766813329214
3653 0.253428274561745
3717 0.250512442999052
3781 0.2500759352419731
3845 0.2500112481598942
3909 0.2500016662692124
3973 0.2500002474193294
4037 0.2500000418069648
6 2.499995923018599
70 2.499995919186444
134 2.499995908119125
198 2.499995835820362
262 2.499995646768979
326 2.499994550596405
390 2.499991848049313
454 2.499978066337892
518 2.4999462648276
582 2.499805738814373
646 2.499505241337893
710 2.498378407747561
774 2.496176784624288
838 2.48938644185107
902 2.477524149118286
966 2.448835901547183
1030 2.405449265777273
1094 2.328144624970535
1158 2.230117108809187
1222 2.105697033078304
1286 1.972268460494851
1350 1.839750689281752
1414 1.712428373811749
1478 1.593397119199935
1542 1.483630216116202
1606 1.382151728133755
1670 1.288488872101193
1734 1.202582584677811
1798 1.12443821810342
1862 1.053896779569289
1926 0.9908938662840486
1990 0.9355569124602412
2054 0.8881079055444009
2118 0.8486949175966116
2182 0.817265794714808
2246 0.7934864430982743
2310 0.7766767510468732
2374 0.76578343063305
2438 0.759447887395065
2502 0.7561996822545649
2566 0.7547216043166542
2630 0.7540635702109215
2694 0.7537056802601499
2758 0.7534866698714928
2822 0.7535096262103544
2886 0.7540100246029858
2950 0.7548048862959292
3014 0.754182383805878
3078 0.7492216577139393
3142 0.7412783772599327
3206 0.7438352162298471
3270 0.7765532381854393
3334 0.827445855694765
3398 0.794800406503984
3462 0.5798401444228277
3526 0.3573621428825327
3590 0.2715766812641644
3654 0.2534282745559083
3718 0.2505124429986135
3782 0.2500759352419411
3846 0.2500112481598918
3910 0.2500016662692123
3974 0.2500002474193294
4038 0.2500000418069648
7 2.49998214128312
71 2.499982137450988
135 2.499982126383733
199 2.499982054085393
263 2.499981865035121
327 2.499980768869013
391 2.499978066337892
455 2.499964284708327
519 2.49993248338747
583 2.499791958217377
647 2.499491462551644
711 2.498364635823902
775 2.496163026197075
839 2.489372725734207
903 2.47751050766985
967 2.44882244543574
1031 2.405436094275788
1095 2.328131982192198
1159 2.230105150170293
1223 2.105685998210726
1287 1.972258438310944
1351 1.839741740972457
1415 1.712420479306087
1479 1.593390236926727
1543 1.483624271809871
1607 1.382146642700847
1671 1.288484558915485
1735 1.202578954697352
1799 1.124435183465024
1863 1.053894257043661
1927 0.9908917789275978
1991 0.9355551904495416
2055 0.8881064867225643
2119 0.8486937477112013
2183 0.8172648271530193
2247 0.7934856380731545
2311 0.7766760743231678
2375 0.7657828519332809
2439 0.7594473786916013
2503 0.7561992162721632
2567 0.7547211536969024
2631 0.7540631079092781
2695 0.7537051818320744
2759 0.7534861180603568
2823 0.753509017144675
2887 0.7540093730319619
2951 0.7548042261715467
3015 0.7541817616413591
3079 0.7492211187655111
3143 0.7412779488133792
3207 0.7438348990529889
3271 0.7765530157527401
3335 0.827445712273236
3399 0.7948003317130177
3463 0.579840118952187
3527 0.3573621380330048
3591 0.2715766806818831
3655 0.253428274505085
3719 0.2505124429946896
3783 0.2500759352416466
3847 0.2500112481598697
3911 0.2500016662692106
3975 0.2500002474193292
4039 0.2500000418069648
8 2.499950339717103
72 2.499950335885026
136 2.499950324817918
200 2.499950252520562
264 2.499950063472865
328 2.499948967321732
392 2.4999462648276
456 2.49993248338747
520 2.49990068250486
584 2.499760159283797
648 2.499459667802068
712 2.498332856916387
776 2.496131278428889
840 2.489341075466899
904 2.477479029348008
968 2.448791393205184
1032 2.405405695764669
1096 2.328102795437625
1160 2.230077529829813
1224 2.105660487659616
1288 1.972235239266895
1352 1.839720989125127
1416 1.712402129436478
1480 1.593374195410971
1544 1.483610372316817
1608 1.382134708708385
1672 1.288474396992106
1736 1.202570365588823
1800 1.124427969876734
1864 1.053888231408182
1928 0.9908867671171155
1992 0.9355510336903834
2056 0.8881030429522836
2120 0.8486908923260307
2184 0.8172624526594267
2248 0.7934836525049408
2312 0.7766743986245693
2376 0.7657814166524841
2440 0.759446120490919
2504 0.7561980750226877
2568 0.7547200711384655
2632 0.7540620289231124
2696 0.7537040592533857
2760 0.753484921218734
2824 0.7535077422411833
2888 0.7540080505354771
2952 0.7548029193710342
3016 0.7541805531232306
3080 0.7492200856848438
3144 0.7412771342164362
3208 0.7438342981716697
3272 0.776552593969462
3336 0.8274454386127217
3400 0.7948001871340918
3464 0.5798400687193288
3528 0.357362128258767
3592 0.2715766794880545
3656 0.2534282743993289
3720 0.2505124429864042
3784 0.2500759352410156
3848 0.250011248159822
3912 0.2500016662692071
3976 0.2500002474193289
4040 0.2500000418069648
9 2.499809813455405
73 2.499809809623559
137 2.499809798557125
201 2.499809726264167
265 2.499809537227972
329 2.499808441143641
393 2.499805738814373
457 2.499791958217377
521 2.499760159283797
585 2.499619644715837
649 2.499319171792487
713 2.498192431029831
777 2.495990990214906
841 2.489201217181031
905 2.477339928079428
969 2.448654161171365
1033 2.405271325795664
1097 2.327973705297249
1161 2.22995525002746
1225 2.105547330204775
1289 1.972132062498928
1353 1.839628339801445
1417 1.712319815303138
1481 1.593301821102572
1545 1.483547246616532
1609 1.382080104320443
1673 1.288427517196853
1737 1.20253038645808
1801 1.124394069985663
1865 1.053859624082865
1929 0.9908627156423647
1993 0.9355308592586767
2057 0.8880861309942462
2121 0.8486766968973927
2185 0.8172504962388675
2249 0.7934735200288006
2313 0.7766657262582627
2377 0.7657738766901734
2441 0.7594394048604093
2505 0.7561918815675646
2569 0.7547140983372114
2633 0.7540559852131735
2697 0.7536976921368368
2761 0.7534780666330595
2825 0.7535003831875245
2889 0.7540003591423317
2953 0.7547952523693973
3017 0.7541733838082172
3081 0.7492138722561269
3145 0.7412721552584424
3209 0.7438305593760332
3273 0.7765499174109823
3337 0.8274436603736508
3401 0.7947992170016279
3465 0.5798397170443339
3529 0.3573620567873845
3593 0.2715766704577559
3657 0.2534282735753856
3721 0.250512442919949
3785 0.2500759352358071
3849 0.2500112481594168
3913 0.2500016662691759
3977 0.2500002474193265
4041 0.2500000418069647
10 2.499509315444779
74 2.499509311613433
138 2.499509300548448
202 2.499509228264953
266 2.499509039253509
330 2.49950794331281
394 2.499505241337893
458 2.499491462551644
522 2.499459667802068
586 2.499319171792487
650 2.499018738651032
714 2.497892148035047
778 2.495691001814007
842 2.488902147418804
906 2.47704247449051
970 2.448360690477811
1034 2.404983946774186
1098 2.327697534529007
1162 2.229693519160151
1226 2.105304882726662
1290 1.971910695645571
1354 1.839429161859857
1418 1.712142421026959
1482 1.593145383159229
1546 1.483410333130728
1610 1.381961216908841
1674 1.288325015534172
1738 1.202442571399996
1802 1.124319241780129
1866 1.053796149023444
1930 0.9908090572179294
1994 0.9354855945729054
2058 0.888047964827269
2122 0.8486444728156308
2186 0.8172231987901699
2250 0.7934502651858722
2314 0.7766457410747806
2378 0.7657564712037663
2442 0.7594239415963731
2506 0.7561777513971832
2570 0.7547007138380357
2634 0.7540428019203195
2698 0.7536842634224996
2762 0.7534641272193571
2826 0.7534859370372664
2890 0.7539857281738536
2954 0.754781044711872
3018 0.7541603665801532
3082 0.7492027549243487
3146 0.7412633298885445
3210 0.7438239622702859
3274 0.776545192689148
3338 0.8274405010071423
3402 0.7947974682513952
3466 0.5798390687396391
3530 0.3573619218813501
3594 0.2715766531002938
3658 0.2534282719665554
3722 0.2505124427881684
3786 0.25007593522532
3850 0.2500112481585889
3914 0.250001666269111
3978 0.2500002474193215
4042 0.2500000418069642
11 2.498382479825595
75 2.498382475996165
139 2.498382464936704
203 2.498382392689251
267 2.498382203772004
331 2.498381108377093
395 2.498378407747561
459 2.498364635823902
523 2.498332856916387
587 2.498192431029831
651 2.497892148035047
715 2.496766122700669
779 2.494566084018971
843 2.487780672336452
907 2.475927044983957
971 2.447260096008592
1035 2.403905986896292
1099 2.326660981168462
1163 2.228710167861318
1227 2.10439210215394
1291 1.971074914712841
1355 1.83867404151106
1419 1.711466464068244
1483 1.592545601866031
1547 1.482881693592049
1611 1.381498519269515
1675 1.28792258633914
1739 1.202094518310432
1803 1.124019630934544
1867 1.053539235594964
1931 0.990589389139603
1995 0.9352980657091877
2059 0.8878878661821911
2123 0.8485075398759365
2187 0.8171056289304492
2251 0.7933486897078356
2315 0.7765571521670002
2379 0.765678114240637
2443 0.7593531951779742
2507 0.7561120348458419
2571 0.75463747500795
2635 0.7539796354060493
2699 0.7536191847070097
2763 0.7533959739466193
2827 0.7534147812740791
2891 0.7539131081857579
2955 0.7547098493842815
3019 0.7540943122315374
3083 0.7491454358424677
3147 0.7412169631687828
3211 0.7437885730043333
3275 0.7765192630029151
3339 0.8274226811729636
3403 0.7947872297496791
3467 0.5798350834443637
3531 0.3573610517357888
3595 0.2715765369877673
3659 0.2534282608571381
3723 0.2505124418493955
3787 0.2500759351482824
3851 0.2500112481523211
3915 0.250001666268606
3979 0.2500002474192813
4043 0.2500000418069608
12 2.496180852707234
76 2.496180848881586
140 2.496180837833029
204 2.496180765656663
268 2.496180576925115
332 2.496179482605187
396 2.496176784624288
460 2.496163026197075
524 2.496131278428889
588 2.495990990214906
652 2.495691001814007
716 2.494566084018971
780 2.492368213566431
844 2.485589529555109
908 2.473747703890336
972 2.445109644462373
1036 2.401799552798721
1100 2.324634806749253
1164 2.226786957293994
1228 2.102604944984993
1292 1.969436032397609
1356 1.837190049989309
1420 1.710134438235611
1484 1.59135980426306
1548 1.481832616675787
1612 1.380576423586781
1676 1.287116873395424
1740 1.201394172142296
1804 1.123413521290159
1868 1.053016548720433
1932 0.9901398170196861
1996 0.9349119017608849
2060 0.8875561058072673
2124 0.8482219844845744
2188 0.8168589409127968
2252 0.7931343655912
2316 0.7763694129393575
2380 0.7655117319623838
2444 0.759203297144337
2508 0.7559739578666776
2572 0.7545067629287404
2636 0.7538522570022645
2700 0.7534919883388508
2764 0.7532672918957835
2828 0.7532849683573496
2892 0.7537847295601353
2956 0.7545873338061568
3020 0.7539830685267317
3084 0.7490504355983133
3148 0.7411409317392069
3212 0.7437308703186154
3276 0.7764769964245433
3340 0.8273934372428893
3404 0.7947701488554467
3468 0.5798282623467155
3532 0.3573595232830449
3596 0.2715763290355124
3660 0.2534282406238397
3724 0.2505124401112498
3788 0.2500759350033112
3852 0.2500112481403374
3916 0.250001666267625
3980 0.2500002474192017
4044 0.2500000418069538
13 2.489390497374159
77 2.489390493560466
141 2.489390482546385
205 2.489390410594291
269 2.489390222448077
333 2.489389131509501
397 2.48938644185107
461 2.489372725734207
525 2.489341075466899
589 2.489201217181031
653 2.488902147418804
717 2.487780672336452
781 2.485589529555109
845 2.478831636324275
909 2.46702619581673
973 2.438476721282239
1037 2.395301183168537
1101 2.318379979480363
1165 2.220843467736174
1229 2.097069287264076
1293 1.964343606661147
1357 1.832557637723801
1421 1.705952843588519
1485 1.587611778594854
1549 1.478490761139945
1613 1.37761321169407
1677 1.284502608633113
1741 1.199097979278427
1805 1.121404007075547
1869 1.051262994966211
1933 0.988612661766631
1997 0.9335829522476951
2061 0.8863988070264812
2125 0.8472117512582739
2189 0.8159733729976986
2253 0.7923532150438544
2317 0.7756742799208385
2381 0.7648855430937814
2445 0.7586297078027631
2509 0.7554369406642975
2573 0.7539907280038726
2637 0.7533429907480023
2701 0.7529784514907614
2765 0.7527439098906271
2829 0.7527535992949379
2893 0.7532553489953364
2957 0.7540769532541661
3021 0.7535129629991966
3085 0.7486413501317493
3149 0.74080603824076
3213 0.7434702437502596
3277 0.7762807949173103
3341 0.8272531582009517
3405 0.7946844321335376
3469 0.5797919945622093
3533 0.3573509439087376
3597 0.2715751143059034
3661 0.253428118268205
3725 0.2505124292384031
3789 0.250075934065777
3853 0.2500112480602795
3917 0.2500016662608575
3981 0.2500002474186356
4045 0.2500000418069031
14 2.477528182439292
78 2.477528178646812
142 2.477528167693865
206 2.477528096139036
270 2.477527909029088
334 2.47752682406959
398 2.477524149118286
462 2.47751050766985
526 2.477479029348008
590 2.477339928079428
654 2.47704247449051
718 2.475927044983957
782 2.473747703890336
846 2.46702619581673
910 2.455284343501335
974 2.426889191065694
1038 2.383947627836581
1102 2.307448091020005
1166 2.210449493174293
1230 2.08737631923512
1294 1.955411166964392
1358 1.824411419298782
1422 1.698576438102415
1486 1.580975334573653
1550 1.472548087455916
1614 1.37231848520873
1678 1.279806710917683
1742 1.194949894110834
1806 1.117751711049596
1870 1.048055418664284
1934 0.9858004373975556
1998 0.9311187148973975
2062 0.8842376424543835
2126 0.8453118302626189
2190 0.8142964549416661
2254 0.7908647763464586
2318 0.7743432097032775
2382 0.7636834780720853
2446 0.7575302134313928
2510 0.754414938071398
2574 0.7530226968393037
2638 0.7524083524108448
2702 0.7520620885339934
2766 0.751839122649802
2830 0.7518642359360218
2894 0.7523958882076833
2958 0.7532702535828141
3022 0.7527861663226932
3086 0.7480195316426396
3150 0.7403030124773847
3214 0.7430814895569149
3278 0.7759885092090446
3342 0.8270427067174613
3406 0.7945533455019179
3470 0.5797348475066439
3534 0.3573370299932784
3598 0.27157310263397
3662 0.2534279119433938
3726 0.2505124105766269
3790 0.2500759324283545
3854 0.2500112479180555
3918 0.2500016662486312
3982 0.2500002474175954
4046 0.2500000418068083
15 2.448839879548041
79 2.448839875808858
143 2.448839865009352
207 2.448839794449138
271 2.448839609930315
335 2.448838539879344
399 2.448835901547183
463 2.44882244543574
527 2.448791393205184
591 2.448654161171365
655 2.448360690477811
719 2.447260096008592
783 2.445109644462373
847 2.438476721282239
911 2.426889191065694
975 2.398865829464412
1039 2.35648558023489
1103 2.280987607462883
1167 2.185260417919152
1231 2.063824449088291
1295 1.933627976783195
1359 1.804439641264762
1423 1.680373588520269
1487 1.564469474199041
1551 1.45763482778381
1615 1.358897203676158
1679 1.267771578277571
1743 1.184191519983911
1807 1.108157994122017
1871 1.039515629902893
1935 0.9782064834422086
1999 0.924365346127709
2063 0.8782231653324718
2127 0.8399395496549042
2191 0.809476042825874
2255 0.7865128599814031
2319 0.7703829566716395
2383 0.7600433316731934
2447 0.7541423020748707
2511 0.7512141893823255
2575 0.7499480393538172
2639 0.7494070316718296
2703 0.749096820455137
2767 0.7488959583593642
2831 0.7489576980646173
2895 0.7495687012284775
2959 0.7505881004364704
3023 0.7503294123753783
3087 0.7458690001612166
3151 0.7385135029297866
3215 0.7416541038083315
3279 0.7748778457253526
3343 0.8262091976013398
3407 0.79400337468678
3471 0.5794773309294445
3535 0.3572702777136145
3599 0.2715630124378798
3663 0.2534268363808461
3727 0.2505123095765455
3791 0.2500759232351988
3855 0.2500112470905088
3919 0.2500016661749496
3983 0.2500002474111056
4047 0.2500000418061947
16 2.405453158645011
80 2.405453154988228
144 2.405453144425814
208 2.405453075400283
272 2.405452894876762
336 2.405451847777909
400 2.405449265777273
464 2.405436094275788
528 2.405405695764669
592 2.405271325795664
656 2.404983946774186
720 2.403905986896292
784 2.401799552798721
848 2.395301183168537
912 2.383947627836581
976 2.35648558023489
1040 2.31495070152801
1104 2.240952388772399
1168 2.147123333555814
1232 2.028114268140483
1296 1.900532530193115
1360 1.77400662528741
1424 1.652535336460938
1488 1.539116372933119
1552 1.434613914661665
1616 1.338063666649173
1680 1.248975232033932
1744 1.167277934863753
1808 1.092968729808436
1872 1.02589391432175
1936 0.9659987174512691
2000 0.9134210433679524
2064 0.8683958267650754
2128 0.8310889951890524
2192 0.8014710282030867
2256 0.7792328516792832
2320 0.763718622709189
2384 0.7538957948042608
2448 0.748421628123355
2512 0.7458382571600362
2576 0.7448435193853374
2640 0.7445138362542225
2704 0.7443756549197212
2768 0.7443361780764873
2832 0.7445812465320458
2896 0.7454274312506596
2960 0.7467560456410743
3024 0.7468930362779993
3088 0.7429113585302957
3152 0.7360831599215126
3216 0.7397316085177489
3280 0.7733859464544578
3344 0.8250815250369401
3408 0.7932419958240327
3472 0.579107907893781
3536 0.3571713660874076
3600 0.2715477157655614
3664 0.253425173357274
3728 0.2505121503714616
3792 0.2500759084673062
3856 0.2500112457363587
3920 0.2500016660521706
3984 0.2500002474000951
4048 0.2500000418051337
17 2.328148358875135
81 2.328148355373911
145 2.328148345258521
209 2.328148279116822
273 2.328148106088317
337 2.328147101887104
401 2.328144624970535
465 2.328131982192198
529 2.328102795437625
593 2.327973705297249
657 2.327697534529007
721 2.326660981168462
785 2.324634806749253
849 2.318379979480363
913 2.307448091020005
977 2.280987607462883
1041 2.240952388772399
1105 2.1695781785262
1169 2.079047228526821
1233 1.964184829168314
1297 1.841040991705565
1361 1.718972007730784
1425 1.601820377719539
1489 1.492518504896862
1553 1.391873695419695
1617 1.298944089362355
1681 1.213239321699275
1745 1.134685746935268
1809 1.063274085816036
1873 0.9988526800403439
1937 0.9413698809723055
2001 0.890964745647862
2065 0.8478732497430707
2129 0.8122657609453745
2193 0.7841222232956258
2257 0.7631475117346869
2321 0.7487027453679282
2385 0.7397738459009985
2449 0.7350370203591324
2513 0.7330540889559972
2577 0.7325457434382637
2641 0.7326186158662614
2705 0.7328399618804232
2769 0.7331668254302885
2833 0.7338360728395114
2897 0.7352070483714976
2961 0.7371936550823334
3025 0.7381504669092105
3089 0.7351684800090367
3153 0.7294841616966403
3217 0.734291364949145
3281 0.7689699271131256
3345 0.8215532349943453
3409 0.7906644837194785
3473 0.577736066427167
3537 0.356775767386143
3601 0.2714833477226939
3665 0.2534178603274787
3729 0.2505114197545987
3793 0.2500758378231546
3857 0.2500112389927822
3921 0.2500016654162316
3985 0.2500002473408178
4049 0.2500000417991836
18 2.230120636563328
82 2.230120633264776
146 2.23012062373148
210 2.230120561339778
274 2.230120398050566
338 2.230119449503865
402 2.230117108809187
466 2.230105150170293
530 2.230077529829813
594 2.22995525002746
658 2.229693519160151
722 2.228710167861318
786 2.226786957293994
850 2.220843467736174
914 2.210449493174293
978 2.185260417919152
1042 2.147123333555814
1106 2.079047228526821
1170 1.992646100013317
1234 1.88292952186849
1298 1.76527158537453
1362 1.648668452656505
1426 1.536794219077202
1490 1.432504160589474
1554 1.33654569830903
1618 1.248010115710862
1682 1.166413628545158
1746 1.091682275903969
1810 1.023800251257207
1874 0.9626189625687179
1938 0.9080904567893675
2002 0.8603541234451428
2066 0.8196455180756271
2130 0.7861392168662773
2194 0.7598273156970232
2258 0.7404352884631797
2322 0.727352250970031
2386 0.7195976216085455
2450 0.7158839245056493
2514 0.7148093582419718
2578 0.7151298539629817
2642 0.7159874556825383
2706 0.7169871959975781
2770 0.7181256536327404
2834 0.7196756522238474
2898 0.7220230399654342
2962 0.7251009197747268
3026 0.7272854932960661
3090 0.7256851966708636
3154 0.7214979694288342
3218 0.7277697548643935
3282 0.7637022770866886
3346 0.8173164362602737
3410 0.7874822322390215
3474 0.5759698451951536
3538 0.3562479608731298
3602 0.2713953014001916
3666 0.2534076359151708
3730 0.2505103760109968
3794 0.2500757347530059
3858 0.2500112289504298
3922 0.250001664450046
3986 0.2500002472489643
4050 0.2500000417897693
19 2.105700280864907
83 2.105700277844941
147 2.105700269110656
211 2.105700211847603
275 2.105700061853742
339 2.105699188970333
403 2.105697033078304
467 2.105685998210726
531 2.105660487659616
595 2.105547330204775
659 2.105304882726662
723 2.10439210215394
787 2.102604944984993
851 2.097069287264076
915 2.08737631923512
979 2.063824449088291
1043 2.028114268140483
1107 1.964184829168314
1171 1.88292952186849
1235 1.779492062568523
1299 1.668466675701411
1363 1.55835752670231
1427 1.452696320366637
1491 1.354257013651989
1555 1.263736930016717
1619 1.180276477760289
1683 1.10341496388263
1747 1.033085338518226
1811 0.9692660745425775
1875 0.9118129729637893
1939 0.860681726901901
2003 0.8160084775404275
2067 0.7780215807420964
2131 0.74689285489346
2195 0.7226230935715562
2259 0.7049618076233908
2323 0.693339489229801
2387 0.6868346070200088
2451 0.6842333952586723
2515 0.6842146366547439
2579 0.6856104294121101
2643 0.687623531682397
2707 0.6898966783973122
2771 0.6924375050042357
2835 0.6955034455540238
2899 0.6994465851022268
2963 0.7041710478244551
3027 0.7080655665446181
3091 0.7083116366099059
3155 0.706169338867723
3219 0.7145661332738357
3283 0.7523901929128858
3347 0.8074791916212058
3411 0.7791842617627337
3475 0.5707564642446503
3539 0.3545470224604989
3603 0.2710945019378692
3667 0.253370855289462
3731 0.2505064277756289
3795 0.2500753254653817
3859 0.2500111871660382
3923 0.2500016602436406
3987 0.2500002468309753
4051 0.2500000417448875
20 1.972271400992832
84 1.972271398279233
148 1.972271390423489
212 1.972271338796626
276 1.972271203409541
340 1.972270413591065
404 1.972268460494851
468 1.972258438310944
532 1.972235239266895
596 1.972132062498928
660 1.971910695645571
724 1.971074914712841
788 1.969436032397609
852 1.964343606661147
916 1.955411166964392
980 1.933627976783195
1044 1.900532530193115
1108 1.841040991705565
1172 1.76527158537453
1236 1.668466675701411
1300 1.564415904540369
1364 1.461079009121861
1428 1.36186602703288
1492 1.269471500042826
1556 1.184549446572067
1620 1.106294912200746
1684 1.034278677166206
1748 0.9684438324277779
1812 0.9087638231324209
1876 0.8550998516187677
1940 0.8074121798461797
2004 0.7658337612068274
2068 0.7305853371801174
2132 0.7018369539910549
2196 0.6796028777320439
2260 0.6636672703606113
2324 0.6535195423898393
2388 0.64832098971869
2452 0.6469581578950481
2516 0.6482134705171693
2580 0.6510067978720679
2644 0.6545954920266385
2708 0.6586350317861289
2772 0.6631059880433132
2836 0.6682097732749165
2900 0.6742322673542972
2964 0.6810305321386843
3028 0.6870053302418908
3092 0.6894316512591016
3156 0.6896608992881348
3220 0.7004976178774829
3284 0.740450039155419
3348 0.7970560747771351
3412 0.7701128790129311
3476 0.5648065598086178
3540 0.3525401716266981
3604 0.2707307114795334
3668 0.2533252938023015
3732 0.2505014144002491
3796 0.2500747930143511
3860 0.250011131522082
3924 0.2500016545132031
3988 0.2500002462487482
4052 0.2500000416808905
21 1.839753302747952
85 1.839753300362621
149 1.83975329344754
213 1.839753247843555
277 1.839753128049339
341 1.839752426690145
405 1.839750689281752
469 1.839741740972457
533 1.839720989125127
597 1.839628339801445
661 1.839429161859857
725 1.83867404151106
789 1.837190049989309
853 1.832557637723801
917 1.824411419298782
981 1.804439641264762
1045 1.77400662528741
1109 1.718972007730784
1173 1.648668452656505
1237 1.55835752670231
1301 1.461079009121861
1365 1.364234066377574
1429 1.271154668640064
1493 1.184476844717454
1557 1.104819609637739
1621 1.031428902156922
1685 0.9639136688755016
1749 0.9022281953478224
1813 0.8463397571824604
1877 0.7961132683536294
1941 0.7515126627312771
2005 0.7126665016769815
2069 0.6797857354461081
2133 0.6530369256465984
2197 0.6324497229556806
2261 0.6178523455239889
2325 0.6088135505753335
2389 0.6046105896797153
2453 0.6042737203693808
2517 0.6067340339061895
2581 0.6110310295465639
2645 0.6164786368835322
2709 0.6227065816888451
2773 0.6295924540421804
2837 0.6371857163979048
2901 0.6456108069010918
2965 0.6545916791639933
3029 0.6624725379518405
3093 0.6666315885736499
3157 0.668689855684645
3221 0.6815686898176334
3285 0.7232839890223522
3349 0.7802950626334624
3413 0.7526107334895796
3477 0.551303218138378
3541 0.3475295790918841
3605 0.2697629253787273
3669 0.2531965335253116
3733 0.2504863611169422
3797 0.2500730980017166
3861 0.2500109442066694
3925 0.2500016341570066
3989 0.250000244069789
4053 0.2500000414279241
22 1.712430666615396
86 1.712430664550924
150 1.712430658555732
214 1.712430618848197
278 1.712430514327024
342 1.712429899689705
406 1.712428373811749
470 1.712420479306087
534 1.712402129436478
598 1.712319815303138
662 1.712142421026959
726 1.711466464068244
790 1.710134438235611
854 1.705952843588519
918 1.698576438102415
982 1.680373588520269
1046 1.652535336460938
1110 1.601820377719539
1174 1.536794219077202
1238 1.452696320366637
1302 1.36186602703288
1366 1.271154668640064
1430 1.183845173826031
1494 1.102529832871386
1558 1.027798430766526
1622 0.95894499701265
1686 0.8956198869357831
1750 0.837788533966864
1814 0.7854120133070129
1878 0.7383589398975425
1942 0.6965980234247442
2006 0.6602554888336587
2070 0.629535573636027
2134 0.6046061761845375
2198 0.5855197241113592
2262 0.5721584739574236
2326 0.5641814723379029
2390 0.5609902535012072
2454 0.5617598220474072
2518 0.5655599589090242
2582 0.5715280582962063
2646 0.5790038141926708
2710 0.5875565556614646
2774 0.5969296926908814
2838 0.6070011681162764
2902 0.617730383477354
2966 0.6287183894262222
3030 0.6382831822152143
3094 0.6439838512985826
3158 0.6478261506412557
3222 0.6628910512411185
3286 0.7065773302724073
3350 0.7639769711589675
3414 0.7351097190207229
3478 0.5375118044107026
3542 0.3423535209274839
3606 0.2687480672579619
3670 0.2530584033014479
3734 0.2504697656718483
3798 0.250071177189428
3862 0.2500107261970586
3926 0.2500016098416135
3990 0.2500002414001705
4054 0.2500000411095996
23 1.593399104443141
87 1.593399102684926
151 1.593399097568386
215 1.593399063502357
279 1.593398973604907
343 1.593398442121175
407 1.593397119199935
471 1.593390236926727
535 1.593374195410971
599 1.593301821102572
663 1.593145383159229
727 1.592545601866031
791 1.59135980426306
855 1.587611778594854
919 1.580975334573653
983 1.564469474199041
1047 1.539116372933119
1111 1.492518504896862
1175 1.432504160589474
1239 1.354257013651989
1303 1.269471500042826
1367 1.184476844717454
1431 1.102529832871386
1495 1.026199215061178
1559 0.956046473880043
1623 0.8914079759707039
1687 0.8319754111908746
1751 0.777723379137923
1815 0.728605618764064
1879 0.6844934380596736
1943 0.6453613013319383
2007 0.6113361677171913
2071 0.5826209052747454
2135 0.5593930441012972
2199 0.541739881552903
2263 0.5296135502973244
2327 0.5227805231795225
2391 0.5207790225992263
2455 0.5229274409618614
2519 0.5284107179181752
2583 0.5364161579730201
2647 0.5462442191960918
2711 0.5573382072809766
2775 0.5692620968136969
2839 0.581714439385023
2903 0.5945152257834849
2967 0.6071612203463457
3031 0.6179069867927132
3095 0.6244422649658111
3159 0.6292725616711978
3223 0.6459289436061701
3287 0.690953321014414
3351 0.7460572969583402
3415 0.7095690237421117
3479 0.5134705427403178
3543 0.3325919082237792
3607 0.2667194985619707
3671 0.252763275457943
3735 0.250431694952044
3799 0.2500664533492963
3863 0.2500101530925403
3927 0.2500015416895662
3991 0.2500002334387295
4055 0.250000040096395
24 1.48363191742418
88 1.48363191594585
152 1.483631911633401
216 1.483631882747304
280 1.483631806298026
344 1.483631351525189
408 1.483630216116202
472 1.483624271809871
536 1.483610372316817
600 1.483547246616532
664 1.483410333130728
728 1.482881693592049
792 1.481832616675787
856 1.478490761139945
920 1.472548087455916
984 1.45763482778381
1048 1.434613914661665
1112 1.391873695419695
1176 1.33654569830903
1240 1.263736930016717
1304 1.184549446572067
1368 1.104819609637739
1432 1.027798430766526
1496 0.956046473880043
1560 0.8900980184231471
1624 0.8293275743649261
1688 0.7734677931580111
1752 0.7225009419075821
1816 0.6763736292711536
1880 0.634960798195807
1944 0.5982457405691003
2008 0.5663616119088605
2072 0.5395181715343527
2136 0.5179139926928759
2200 0.5016855469667973
2264 0.4908701305769427
2328 0.4853530528625529
2392 0.4848083096571525
2456 0.4886742024929917
2520 0.4961983175922671
2584 0.506540693441464
2648 0.5188784888441462
2712 0.5324638469460616
2776 0.5466581793792897
2840 0.561006449451631
2904 0.5752420119081287
2968 0.588796292302015
3032 0.5998858707147904
3096 0.6064295921099165
3160 0.6116430089667083
3224 0.6296219298885624
3288 0.6758344230980166
3352 0.7282527440377387
3416 0.6840721910888196
3480 0.4904851473751378
3544 0.3236184111712394
3608 0.2648740660649443
3672 0.2524911275184162
3736 0.2503957135927226
3800 0.2500618661795604
3864 0.2500095811839519
3928 0.2500014718015606
3992 0.2500002250499465
4056 0.2500000389972344
25 1.382153170831012
89 1.382153169604098
153 1.382153166015271
217 1.382153141811661
281 1.382153077545033
345 1.382152692569281
409 1.382151728133755
473 1.382146642700847
537 1.382134708708385
601 1.382080104320443
665 1.381961216908841
729 1.381498519269515
793 1.380576423586781
857 1.37761321169407
921 1.37231848520873
985 1.358897203676158
1049 1.338063666649173
1113 1.298944089362355
1177 1.248010115710862
1241 1.180276477760289
1305 1.106294912200746
1369 1.031428902156922
1433 0.95894499701265
1497 0.8914079759707039
1561 0.8293275743649261
1625 0.772115259406139
1689 0.7195454636362318
1753 0.6716077051818785
1817 0.6282427768388598
1881 0.5893317479467427
1945 0.5548714845418549
2009 0.5250087780754682
2073 0.4999714324877631
2137 0.4799948902432698
2201 0.4652852665032775
2265 0.4559874876444762
2329 0.4521224915197319
2393 0.4534967012906804
2457 0.4596265442111597
2521 0.4697316584835944
2585 0.4828188992097373
2649 0.4978224501016635
2713 0.5137415338303605
2777 0.5297629784826514
2841 0.5453863549769508
2905 0.5603961199568807
2969 0.5742599605111908
3033 0.5851937343246002
3097 0.5913995891091437
3161 0.5970459836775419
3225 0.6170928785068317
3289 0.6652176190718966
3353 0.7121858774151737
3417 0.6518969238090332
3481 0.4582311820673556
3545 0.3106912534086047
3609 0.2621099229924982
3673 0.2520558836187289
3737 0.2503336114818492
3801 0.2500533164594066
3865 0.2500084321768563
3929 0.2500013207514818
3993 0.2500002055777917
4057 0.2500000362448766
26 1.288490083859586
90 1.288490082853308
154 1.288490079900966
218 1.288490059839109
282 1.288490006377097
346 1.288489683647831
410 1.288488872101193
474 1.288484558915485
538 1.288474396992106
602 1.288427517196853
666 1.288325015534172
730 1.28792258633914
794 1.287116873395424
858 1.284502608633113
922 1.279806710917683
986 1.267771578277571
1050 1.248975232033932
1114 1.213239321699275
1178 1.166413628545158
1242 1.10341496388263
1306 1.034278677166206
1370 0.9639136688755016
1434 0.8956198869357831
1498 0.8319754111908746
1562 0.7734677931580111
1626 0.7195454636362318
1690 0.6700251495002789
1754 0.6249034136895449
1818 0.5841172866238357
1882 0.5475577906033455
1946 0.515241845715402
2010 0.4873398820968086
2074 0.4641128872199946
2138 0.4458546279580241
2202 0.4328679194799886
2266 0.4254326670283348
2330 0.4237191142478833
2394 0.4276414621738273
2458 0.4367048193301669
2522 0.4499440469927345
2586 0.4660348184187781
2650 0.4835519967524454
2714 0.5012525831042178
2778 0.5182853153566049
2842 0.5342966376114781
2906 0.5492705550091002
2970 0.5627458715224301
3034 0.5728918332580194
3098 0.5782184250928732
3162 0.5839845701505002
3226 0.6059095246741159
3290 0.6551387189701385
3354 0.6945885161624356
3418 0.6181796118532896
3482 0.4284237547718441
3546 0.2998213114314484
3610 0.2598758223303294
3674 0.2517041662747354
3738 0.2502826520777909
3802 0.2500461601186891
3866 0.2500074494345254
3930 0.2500011885718723
3994 0.2500001881253834
4058 0.2500000337105568
27 1.202583593767915
91 1.202583592951372
155 1.202583590547806
219 1.202583574080298
283 1.202583530024153
347 1.202583261836122
411 1.202582584677811
475 1.202578954697352
539 1.202570365588823
603 1.20253038645808
667 1.202442571399996
731 1.202094518310432
795 1.201394172142296
859 1.199097979278427
923 1.194949894110834
987 1.184191519983911
1051 1.167277934863753
1115 1.134685746935268
1179 1.091682275903969
1243 1.033085338518226
1307 0.9684438324277779
1371 0.9022281953478224
1435 0.837788533966864
1499 0.777723379137923
1563 0.7225009419075821
1627 0.6716077051818785
1691 0.6249034136895449
1755 0.5823918191543254
1819 0.5440092081207939
1883 0.5096620659891796
1947 0.4793963085095235
2011 0.4534198381079196
2075 0.4320478735112856
2139 0.415662145294558
2203 0.4046981263323845
2267 0.3996018396532817
2331 0.400692258553528
2395 0.407917132849781
2459 0.4205927671447339
2523 0.4373248329077555
2587 0.4562674441994388
2651 0.4756257038165372
2715 0.494099681743803
2779 0.5110701329188347
2843 0.5265417519161606
2907 0.5407670503962309
2971 0.5532821926308937
3035 0.5621011992810658
3099 0.5661805123216285
3163 0.5724233610388323
3227 0.5975780969139857
3291 0.6486261258419062
3355 0.6763013847266073
3419 0.5766438026702991
3483 0.393012179920636
3547 0.2873703022086347
3611 0.2572756230576539
3675 0.2512701932190653
3739 0.25021498730911
3803 0.250035898842752
3867 0.2500059268660911
3931 0.250000967345309
3995 0.250000156576552
4059 0.2500000287292234
28 1.124439052176703
92 1.124439051520334
156 1.124439049581409
220 1.124439036179335
284 1.124439000172874
348 1.124438779001878
412 1.12443821810342
476 1.124435183465024
540 1.124427969876734
604 1.124394069985663
668 1.124319241780129
732 1.124019630934544
796 1.123413521290159
860 1.121404007075547
924 1.117751711049596
988 1.108157994122017
1052 1.092968729808436
1116 1.063274085816036
1180 1.023800251257207
1244 0.9692660745425775
1308 0.9087638231324209
1372 0.8463397571824604
1436 0.7854120133070129
1500 0.728605618764064
1564 0.6763736292711536
1628 0.6282427768388598
1692 0.5841172866238357
1756 0.5440092081207939
1820 0.5078589367890809
1884 0.4755968473930643
1948 0.4473111272063834
2012 0.4232675422808214
2076 0.4038660270635573
2140 0.3896174273362978
2204 0.3811342191064941
2268 0.3790504100075221
2332 0.3837801519732567
2396 0.3951130857825324
2460 0.4118503744412928
2524 0.4318596206045394
2588 0.4527113481697489
2652 0.4725026183929307
2716 0.4902893697148063
2780 0.5060028138034468
2844 0.5201161368782535
2908 0.5330847348215992
2972 0.5442975140534384
3036 0.5515616007510283
3100 0.5545184585779199
3164 0.5619546338883713
3228 0.5909705721257204
3292 0.642341343052436
3356 0.6538735948973328
3420 0.5328708072160723
3484 0.3621720762514268
3548 0.2777851902311003
3612 0.2553761179325537
3676 0.2509557083336372
3740 0.2501656750918813
3804 0.2500283498454258
3868 0.2500047939096134
3932 0.250000800564194
3996 0.2500001324371402
4060 0.2500000248485839
29 1.053897464575423
93 1.053897464052131
157 1.053897462500492
221 1.053897451673841
285 1.05389742245608
349 1.053897241253137
413 1.053896779569289
477 1.053894257043661
541 1.053888231408182
605 1.053859624082865
669 1.053796149023444
733 1.053539235594964
797 1.053016548720433
861 1.051262994966211
925 1.048055418664284
989 1.039515629902893
1053 1.02589391432175
1117 0.9988526800403439
1181 0.9626189625687179
1245 0.9118129729637893
1309 0.8550998516187677
1373 0.7961132683536294
1437 0.7383589398975425
1501 0.6844934380596736
1565 0.634960798195807
1629 0.5893317479467427
1693 0.5475577906033455
1757 0.5096620659891796
1821 0.4755968473930643
1885 0.4453293572482533
1949 0.4190101464196174
2013 0.3969933315435266
2077 0.379807528060965
2141 0.3681469813528581
2205 0.3628446721132019
2269 0.3646990699798484
2333 0.3740375328021982
2397 0.3901005980655956
2461 0.4107232199727127
2525 0.4328808544714192
2589 0.4539119856413522
2653 0.4724216666338516
2717 0.4882743494327248
2781 0.5020616513776524
2845 0.5145994752245672
2909 0.5263295829977389
2973 0.5362434761684686
3037 0.5418346222150026
3101 0.5438394738855514
3165 0.5535411226572617
3229 0.5877382758942543
3293 0.6375657758618574
3357 0.6250511230305582
3421 0.4816015755390375
3485 0.3309383984423551
3549 0.2687349855735727
3613 0.2535721753373039
3677 0.2506412394983312
3741 0.2501129743939821
3805 0.2500196815238107
3869 0.2500033918065322
3933 0.2500005776378413
3997 0.2500000975234383
4061 0.2500000187182697
30 0.9908944259566222
94 0.9908944255422736
158 0.9908944243087802
222 0.9908944156158606
286 0.9908943920455657
350 0.9908942443763001
414 0.9908938662840486
478 0.9908917789275978
542 0.9908867671171155
606 0.9908627156423647
670 0.9908090572179294
734 0.990589389139603
798 0.9901398170196861
862 0.988612661766631
926 0.9858004373975556
990 0.9782064834422086
1054 0.9659987174512691
1118 0.9413698809723055
1182 0.9080904567893675
1246 0.860681726901901
1310 0.8074121798461797
1374 0.7515126627312771
1438 0.6965980234247442
1502 0.6453613013319383
1566 0.5982457405691003
1630 0.5548714845418549
1694 0.515241845715402
1758 0.4793963085095235
1822 0.4473111272063834
1886 0.4190101464196174
1950 0.3947366550934907
2014 0.3749779274579977
2078 0.3604509033755946
2142 0.3520921141914318
2206 0.3509592564806388
2270 0.357854588093318
2334 0.3725826502916196
2398 0.3932262670886568
2462 0.4163510528064778
2526 0.4384754140608362
2590 0.4575980922410265
2654 0.4734606070316186
2718 0.4867938454190865
2782 0.4985690126054054
2846 0.5096296105584284
2910 0.5201433206459664
2974 0.5285151755334105
3038 0.5321168973076094
3102 0.5335588816735721
3166 0.5468382326332166
3230 0.586502663920493
3294 0.6302025951693727
3358 0.5877393652560053
3422 0.4313111297805544
3486 0.3065179093013739
3550 0.2624732343115158
3614 0.2523804323375259
3678 0.2504355659303538
3742 0.2500785636146615
3806 0.2500140247284237
3870 0.2500024768479961
3934 0.2500004321017331
3998 0.2500000746974165
4062 0.2500000147001014
31 0.9355573680716711
95 0.9355573677452659
159 0.9355573667695363
223 0.9355573598209034
287 0.9355573408873249
351 0.9355572209973965
415 0.9355569124602412
479 0.9355551904495416
543 0.9355510336903834
607 0.9355308592586767
671 0.9354855945729054
735 0.9352980657091877
799 0.9349119017608849
863 0.9335829522476951
927 0.9311187148973975
991 0.924365346127709
1055 0.9134210433679524
1119 0.890964745647862
1183 0.8603541234451428
1247 0.8160084775404275
1311 0.7658337612068274
1375 0.7126665016769815
1439 0.6602554888336587
1503 0.6113361677171913
1567 0.5663616119088605
1631 0.5250087780754682
1695 0.4873398820968086
1759 0.4534198381079196
1823 0.4232675422808214
1887 0.3969933315435266
1951 0.3749779274579977
2015 0.3579031680161444
2079 0.3467417144720876
2143 0.3426975441833461
2207 0.3469187392755629
2271 0.3597575364809339
2335 0.379747755591501
2399 0.4033200122147256
2463 0.4262567275139058
2527 0.4458522953774192
2591 0.461628841873136
2655 0.4744400704049581
2719 0.4853949652882126
2783 0.4954203501205173
2847 0.5051813797779353
2911 0.5144389251577323
2975 0.5209307378392932
3039 0.5223666564397721
3103 0.524248741416259
3167 0.5431317490155054
3231 0.588218379017902
3295 0.6182320358599117
3359 0.5384812265400769
3423 0.3802233891802114
3487 0.2858222509005261
3551 0.2575022915058374
3615 0.2514214407834204
3679 0.2502618420158275
3743 0.2500476844920845
3807 0.2500085979302197
3871 0.2500015341427345
3935 0.2500002703620109
3999 0.2500000472399183
4063 0.250000009404614
32 0.8881082757755537
96 0.8881082755192297
160 0.8881082747497011
224 0.8881082692093532
288 0.8881082540363153
352 0.8881081568842578
416 0.8881079055444009
480 0.8881064867225643
544 0.8881030429522836
608 0.8880861309942462
672 0.888047964827269
736 0.8878878661821911
800 0.8875561058072673
864 0.8863988070264812
928 0.8842376424543835
992 0.8782231653324718
1056 0.8683958267650754
1120 0.8478732497430707
1184 0.8196455180756271
1248 0.7780215807420964
1312 0.7305853371801174
1376 0.6797857354461081
1440 0.629535573636027
1504 0.5826209052747454
1568 0.5395181715343527
1632 0.4999714324877631
1696 0.4641128872199946
1760 0.4320478735112856
1824 0.4038660270635573
1888 0.379807528060965
1952 0.3604509033755946
2016 0.3467417144720876
2080 0.3399439471915646
2144 0.3414159134502958
2208 0.3519450068440795
2272 0.3705890851862182
2336 0.3939215277180995
2400 0.4172025158273168
2464 0.4370212546877663
2528 0.4525889217526326
2592 0.4648157735397703
2656 0.4749364619718113
2720 0.4839037181894223
2784 0.492448197425727
2848 0.5010633861056931
2912 0.5089752301982092
2976 0.5132180663966142
3040 0.5126555167234954
3104 0.5166470952928341
3168 0.5429321076805422
3232 0.590553246269469
3296 0.5960451746661209
3360 0.4809389391691092
3424 0.337648438901669
3488 0.2718454406390672
3552 0.2544531224850525
3616 0.2508512934278844
3680 0.2501598169783713
3744 0.2500297345359039
3808 0.2500054817612951
3872 0.2500010003809179
3936 0.2500001802793059
4000 0.2500000322086761
4064 0.2500000065671244
33 0.8486952185203112
97 0.8486952183191979
161 0.8486952177127778
225 0.8486952132968317
289 0.8486952011406123
353 0.8486951223985162
417 0.8486949175966116
481 0.8486937477112013
545 0.8486908923260307
609 0.8486766968973927
673 0.8486444728156308
737 0.8485075398759365
801 0.8482219844845744
865 0.8472117512582739
929 0.8453118302626189
993 0.8399395496549042
1057 0.8310889951890524
1121 0.8122657609453745
1185 0.7861392168662773
1249 0.74689285489346
1313 0.7018369539910549
1377 0.6530369256465984
1441 0.6046061761845375
1505 0.5593930441012972
1569 0.5179139926928759
1633 0.4799948902432698
1697 0.4458546279580241
1761 0.415662145294558
1825 0.3896174273362978
1889 0.3681469813528581
1953 0.3520921141914318
2017 0.3426975441833461
2081 0.3414159134502958
2145 0.3493229809231395
2209 0.3659617593407448
2273 0.3882623114292393
2337 0.4112727388905988
2401 0.4309822337433352
2465 0.4462225982108355
2529 0.4578596043882835
2593 0.4671961274734772
2657 0.4752162721255729
2721 0.4826065008222449
2785 0.4900117296469898
2849 0.4977039078824274
2913 0.5040377668982242
2977 0.5054993890044776
3041 0.5035202348107316
3105 0.5120499456588227
3169 0.5471700820613724
3233 0.5907501085305967
3297 0.5579230691915948
3361 0.4172264424140069
3425 0.3029205292945866
3489 0.2620162057697387
3553 0.2523807152424822
3617 0.2504534209597193
3681 0.250085170450981
3745 0.2500158462267042
3809 0.2500029144494043
3873 0.2500005298692018
3937 0.2500000948046152
4001 0.250000016804481
4065 0.2500000033799328
34 0.8172660399329666
98 0.8172660397748941
162 0.8172660392961862
226 0.8172660357687352
290 0.8172660260086728
354 0.8172659620206483
418 0.817265794714808
482 0.8172648271530193
546 0.8172624526594267
610 0.8172504962388675
674 0.8172231987901699
738 0.8171056289304492
802 0.8168589409127968
866 0.8159733729976986
930 0.8142964549416661
994 0.809476042825874
1058 0.8014710282030867
1122 0.7841222232956258
1186 0.7598273156970232
1250 0.7226230935715562
1314 0.6796028777320439
1378 0.6324497229556806
1442 0.5855197241113592
1506 0.541739881552903
1570 0.5016855469667973
1634 0.4652852665032775
1698 0.4328679194799886
1762 0.4046981263323845
1826 0.3811342191064941
1890 0.3628446721132019
1954 0.3509592564806388
2018 0.3469187392755629
2082 0.3519450068440795
2146 0.3659617593407448
2210 0.3863751731864428
2274 0.4083567545896396
2338 0.4275155304273722
2402 0.4422621478579774
2466 0.4533073372590086
2530 0.4619264967156065
2594 0.4691116887636815
2658 0.475520145507036
2722 0.4817079964395471
2786 0.4882701809238116
2850 0.4949619776797557
2914 0.4989464132563189
2978 0.4970872238441685
3042 0.4953406899013477
3106 0.5115967511390197
3170 0.5547621976624527
3234 0.5816371860004368
3298 0.5022452307397656
3362 0.3594357443521151
3426 0.2797734894564943
3490 0.2563785472730577
3554 0.2512578418270615
3618 0.2502425315197794
3682 0.25004630467127
3746 0.2500087677454509
3810 0.2500016413445858
3874 0.2500003038296695
3938 0.2500000553169707
4002 0.2500000099794512
4066 0.2500000020448834
35 0.7934866440290084
99 0.7934866439041004
163 0.793486643524303
227 0.7934866406908401
291 0.7934866328135413
355 0.7934865805133267
419 0.7934864430982743
483 0.7934856380731545
547 0.7934836525049408
611 0.7934735200288006
675 0.7934502651858722
739 0.7933486897078356
803 0.7931343655912
867 0.7923532150438544
931 0.7908647763464586
995 0.7865128599814031
1059 0.7792328516792832
1123 0.7631475117346869
1187 0.7404352884631797
1251 0.7049618076233908
1315 0.6636672703606113
1379 0.6178523455239889
1443 0.5721584739574236
1507 0.5296135502973244
1571 0.4908701305769427
1635 0.4559874876444762
1699 0.4254326670283348
1763 0.3996018396532817
1827 0.3790504100075221
1891 0.3646990699798484
1955 0.357854588093318
2019 0.3597575364809339
2083 0.3705890851862182
2147 0.3882623114292393
2211 0.4083567545896396
2275 0.4263929555569321
2339 0.4403916929907905
2403 0.4507863767267678
2467 0.4587389813355409
2531 0.4651798616720671
2595 0.4707509314411875
2659 0.4758930642900301
2723 0.4810941185073163
2787 0.4868362700803802
2851 0.4919916313416173
2915 0.4926010624301221
2979 0.4877916611340927
3043 0.4896796529862262
3107 0.5170321989024987
3171 0.5627687525235647
3235 0.5537468258574684
3299 0.4324295260877525
3363 0.3126551681097876
3427 0.2649483407654655
3491 0.2530500173644925
3555 0.2505932009803892
3619 0.2501135872534931
3683 0.250021490127451
3747 0.2500040233190051
3811 0.2500007409673912
3875 0.250000134786737
3939 0.2500000239626792
4003 0.2500000042264818
4067 0.250000000837506
36 0.7766769173248266
100 0.7766769172250321
164 0.7766769169206446
228 0.7766769146198376
292 0.776676908199057
356 0.7766768649964888
420 0.7766767510468732
484 0.7766760743231678
548 0.7766743986245693
612 0.7766657262582627
676 0.7766457410747806
740 0.7765571521670002
804 0.7763694129393575
868 0.7756742799208385
932 0.7743432097032775
996 0.7703829566716395
1060 0.763718622709189
1124 0.7487027453679282
1188 0.727352250970031
1252 0.693339489229801
1316 0.6535195423898393
1380 0.6088135505753335
1444 0.5641814723379029
1508 0.5227805231795225
1572 0.4853530528625529
1636 0.4521224915197319
1700 0.4237191142478833
1764 0.400692258553528
1828 0.3837801519732567
1892 0.3740375328021982
1956 0.3725826502916196
2020 0.379747755591501
2084 0.3939215277180995
2148 0.4112727388905988
2212 0.4275155304273722
2276 0.4403916929907905
2340 0.449985034229497
2404 0.457246368097435
2468 0.4629916556032908
2532 0.4677850837200955
2596 0.4719974686638505
2660 0.4758980805663293
2724 0.480130975603302
2788 0.485044214765936
2852 0.4880465968684083
2916 0.484661679404872
2980 0.4789959055487659
3044 0.4893233165580674
3108 0.528591346748837
3172 0.562140706942481
3236 0.5000736285549069
3300 0.3643355175025328
3364 0.282238033621748
3428 0.2570682176452264
3492 0.2514176425448677
3556 0.2502771639734036
3620 0.2500536513139477
3684 0.250010270206614
3748 0.2500019478075626
3812 0.2500003632278378
3876 0.2500000669906161
3940 0.250000012064412
4004 0.2500000021586715
4068 0.2500000004342677
37 0.7657835705787114
101 0.7657835704973049
165 0.7657835702487613
229 0.7657835683433091
293 0.765783563017588
357 0.7657835266651546
421 0.76578343063305
485 0.7657828519332809
549 0.7657814166524841
613 0.7657738766901734
677 0.7657564712037663
741 0.765678114240637
805 0.7655117319623838
869 0.7648855430937814
933 0.7636834780720853
997 0.7600433316731934
1061 0.7538957948042608
1125 0.7397738459009985
1189 0.7195976216085455
1253 0.6868346070200088
1317 0.64832098971869
1381 0.6046105896797153
1445 0.5609902535012072
1509 0.5207790225992263
1573 0.4848083096571525
1637 0.4534967012906804
1701 0.4276414621738273
1765 0.407917132849781
1829 0.3951130857825324
1893 0.3901005980655956
1957 0.3932262670886568
2021 0.4033200122147256
2085 0.4172025158273168
2149 0.4309822337433352
2213 0.4422621478579774
2277 0.4507863767267678
2341 0.457246368097435
2405 0.4622848914383308
2469 0.4663378905174776
2533 0.4696496153256609
2597 0.472340884553647
2661 0.4749742459404602
2725 0.4788362188045041
2789 0.483288527265233
2853 0.4831610678464834
2917 0.4757033799137021
2981 0.4733882347028867
3045 0.4971447294674427
3109 0.5422343670524639
3173 0.5379718879491703
3237 0.4248458241397189
3301 0.3104980760846346
3365 0.2645559510347536
3429 0.2530002144037187
3493 0.2505897224246511
3557 0.2501138207607734
3621 0.2500217350692009
3685 0.2500040829458993
3749 0.2500007589529962
3813 0.2500001377236263
3877 0.2500000247646054
3941 0.2500000043073624
4005 0.2500000007488523
4069 0.2500000001440547
38 0.7594480084999771
102 0.7594480084310585
166 0.759448008221387
230 0.7594480065886395
294 0.7594480020388312
358 0.7594479704916528
422 0.759447887395065
486 0.7594473786916013
550 0.759446120490919
614 0.7594394048604093
678 0.7594239415963731
742 0.7593531951779742
806 0.759203297144337
870 0.7586297078027631
934 0.7575302134313928
998 0.7541423020748707
1062 0.748421628123355
1126 0.7350370203591324
1190 0.7158839245056493
1254 0.6842333952586723
1318 0.6469581578950481
1382 0.6042737203693808
1446 0.5617598220474072
1510 0.5229274409618614
1574 0.4886742024929917
1638 0.4596265442111597
1702 0.4367048193301669
1766 0.4205927671447339
1830 0.4118503744412928
1894 0.4107232199727127
1958 0.4163510528064778
2022 0.4262567275139058
2086 0.4370212546877663
2150 0.4462225982108355
2214 0.4533073372590086
2278 0.4587389813355409
2342 0.4629916556032908
2406 0.4663378905174776
2470 0.4688483943984175
2534 0.4704386117140095
2598 0.4715883998526771
2662 0.4740832131312545
2726 0.479024925934133
2790 0.4821758915417599
2854 0.4764300921210038
2918 0.4666768453936463
2982 0.4746531027988335
3046 0.5134764351168579
3110 0.5444408935275975
3174 0.4791179671553766
3238 0.350738564789593
3302 0.2777494240317874
3366 0.2560538997825623
3430 0.2512182106989737
3494 0.2502396269002426
3558 0.2500465221287096
3622 0.2500089615879753
3686 0.2500016976480496
3750 0.2500003191345761
3814 0.2500000584978488
3878 0.2500000106592817
3942 0.2500000018757473
4006 0.2500000003308906
4070 0.2500000000646199
39 0.7561997916084415
103 0.7561997915464643
167 0.7561997913600754
231 0.7561997898832954
295 0.7561997858125938
359 0.7561997571010722
423 0.7561996822545649
487 0.7561992162721632
551 0.7561980750226877
615 0.7561918815675646
679 0.7561777513971832
743 0.7561120348458419
807 0.7559739578666776
871 0.7554369406642975
935 0.754414938071398
999 0.7512141893823255
1063 0.7458382571600362
1127 0.7330540889559972
1191 0.7148093582419718
1255 0.6842146366547439
1319 0.6482134705171693
1383 0.6067340339061895
1447 0.5655599589090242
1511 0.5284107179181752
1575 0.4961983175922671
1639 0.4697316584835944
1703 0.4499440469927345
1767 0.4373248329077555
1831 0.4318596206045394
1895 0.4328808544714192
1959 0.4384754140608362
2023 0.4458522953774192
2087 0.4525889217526326
2151 0.4578596043882835
2215 0.4619264967156065
2279 0.4651798616720671
2343 0.4677850837200955
2407 0.4696496153256609
2471 0.4704386117140095
2535 0.4703726765401209
2599 0.4714745683954462
2663 0.476069480155228
2727 0.4814987945802496
2791 0.4787232977902856
2855 0.4657693282314737
2919 0.4611617508776431
2983 0.4872384570213503
3047 0.5308447793647034
3111 0.5129050881716435
3175 0.3960475418504789
3239 0.297113366243507
3303 0.2609885375235713
3367 0.2522532175697729
3431 0.2504435134625412
3495 0.2500860555301883
3559 0.2500164227120101
3623 0.2500031074954211
3687 0.2500005738643441
3751 0.2500001053850401
3815 0.2500000186732894
3879 0.2500000033121945
3943 0.2500000005591524
4007 0.2500000000958649
4071 0.2500000000177819
40 0.7547217088778982
104 0.7547217088172711
168 0.7547217086390121
232 0.7547217072005878
296 0.7547217033205085
360 0.7547216754632996
424 0.7547216043166542
488 0.7547211536969024
552 0.7547200711384655
616 0.7547140983372114
680 0.7547007138380357
744 0.75463747500795
808 0.7545067629287404
872 0.7539907280038726
936 0.7530226968393037
1000 0.7499480393538172
1064 0.7448435193853374
1128 0.7325457434382637
1192 0.7151298539629817
1256 0.6856104294121101
1320 0.6510067978720679
1384 0.6110310295465639
1448 0.5715280582962063
1512 0.5364161579730201
1576 0.506540693441464
1640 0.4828188992097373
1704 0.4660348184187781
1768 0.4562674441994388
1832 0.4527113481697489
1896 0.4539119856413522
1960 0.4575980922410265
2024 0.461628841873136
2088 0.4648157735397703
2152 0.4671961274734772
2216 0.4691116887636815
2280 0.4707509314411875
2344 0.4719974686638505
2408 0.472340884553647
2472 0.4715883998526771
2536 0.4714745683954462
2600 0.4750362247810287
2664 0.4811760796339313
2728 0.4809044894315799
2792 0.4674526546022955
2856 0.4544156433010919
2920 0.467739741242533
2984 0.5107185725939803
3048 0.5259336638615788
3112 0.4382400405579674
3176 0.3224639335598981
3240 0.2685509864996342
3304 0.2539479959233239
3368 0.2507930376507516
3432 0.250156052841955
3496 0.2500304772399073
3560 0.250005854211456
3624 0.2500011196839869
3688 0.2500002085777929
3752 0.250000038833896
3816 0.2500000069547232
3880 0.2500000012530624
3944 0.250000000214228
4008 0.2500000000373286
4072 0.2500000000070411
41 0.7540636767893385
105 0.7540636767242069
169 0.7540636765389456
233 0.7540636750179436
297 0.7540636710453795
361 0.7540636420439463
425 0.7540635702109215
489 0.7540631079092781
553 0.7540620289231124
617 0.7540559852131735
681 0.7540428019203195
745 0.7539796354060493
809 0.7538522570022645
873 0.7533429907480023
937 0.7524083524108448
1001 0.7494070316718296
1065 0.7445138362542225
1129 0.7326186158662614
1193 0.7159874556825383
1257 0.687623531682397
1321 0.6545954920266385
1385 0.6164786368835322
1449 0.5790038141926708
1513 0.5462442191960918
1577 0.5188784888441462
1641 0.4978224501016635
1705 0.4835519967524454
1769 0.4756257038165372
1833 0.4725026183929307
1897 0.4724216666338516
1961 0.4734606070316186
2025 0.4744400704049581
2089 0.4749364619718113
2153 0.4752162721255729
2217 0.475520145507036
2281 0.4758930642900301
2345 0.4758980805663293
2409 0.4749742459404602
2473 0.4740832131312545
2537 0.476069480155228
2601 0.4811760796339313
2665 0.4817506965631204
2729 0.4690338916117029
2793 0.4516795466863918
2857 0.4553691280395927
2921 0.4924768700635418
2985 0.5251150669694502
3049 0.4694238475289181
3113 0.3498900240562701
3177 0.2782776577110617
3241 0.2562662077798391
3305 0.2512715704785603
3369 0.2502516014967541
3433 0.2500488841721764
3497 0.2500094338870808
3561 0.2500017761179457
3625 0.2500003337307535
3689 0.2500000603502651
3753 0.2500000109877966
3817 0.2500000018927382
3881 0.2500000003327562
3945 0.2500000000542625
4009 0.2500000000092262
4073 0.2500000000016432
42 0.7537057950387951
106 0.7537057949632422
170 0.7537057947564751
234 0.753705793034823
298 0.7537057887081584
362 0.7537057566831995
426 0.7537056802601499
490 0.7537051818320744
554 0.7537040592533857
618 0.7536976921368368
682 0.7536842634224996
746 0.7536191847070097
810 0.7534919883388508
874 0.7529784514907614
938 0.7520620885339934
1002 0.749096820455137
1066 0.7443756549197212
1130 0.7328399618804232
1194 0.7169871959975781
1258 0.6898966783973122
1322 0.6586350317861289
1386 0.6227065816888451
1450 0.5875565556614646
1514 0.5573382072809766
1578 0.5324638469460616
1642 0.5137415338303605
1706 0.5012525831042178
1770 0.494099681743803
1834 0.4902893697148063
1898 0.4882743494327248
1962 0.4867938454190865
2026 0.4853949652882126
2090 0.4839037181894223
2154 0.4826065008222449
2218 0.4817079964395471
2282 0.4810941185073163
2346 0.480130975603302
2410 0.4788362188045041
2474 0.479024925934133
2538 0.4814987945802496
2602 0.4809044894315799
2666 0.4690338916117029
2730 0.4510324357250115
2794 0.4494866674605607
2858 0.4804426632803347
2922 0.5194348712315653
2986 0.488574418955055
3050 0.3752256378404309
3114 0.2894554835591135
3178 0.2592241379797371
3242 0.2519249574615495
3306 0.2503872769805406
3370 0.2500771672510754
3434 0.2500151054085171
3498 0.2500029522703635
3562 0.250000560800985
3626 0.2500001070231508
3690 0.2500000195510539
3754 0.2500000036224057
3818 0.2500000006314106
3882 0.2500000001130181
3946 0.250000000018692
4010 0.2500000000032322
4074 0.2500000000005865
43 0.7534867973245784
107 0.7534867972335645
171 0.7534867969936938
235 0.7534867949761368
299 0.7534867900986704
363 0.7534867536261765
427 0.7534866698714928
491 0.7534861180603568
555 0.753484921218734
619 0.7534780666330595
683 0.7534641272193571
747 0.7533959739466193
811 0.7532672918957835
875 0.7527439098906271
939 0.751839122649802
1003 0.7488959583593642
1067 0.7443361780764873
1131 0.7331668254302885
1195 0.7181256536327404
1259 0.6924375050042357
1323 0.6631059880433132
1387 0.6295924540421804
1451 0.5969296926908814
1515 0.5692620968136969
1579 0.5466581793792897
1643 0.5297629784826514
1707 0.5182853153566049
1771 0.5110701329188347
1835 0.5060028138034468
1899 0.5020616513776524
1963 0.4985690126054054
2027 0.4954203501205173
2091 0.492448197425727
2155 0.4900117296469898
2219 0.4882701809238116
2283 0.4868362700803802
2347 0.485044214765936
2411 0.483288527265233
2475 0.4821758915417599
2539 0.4787232977902856
2603 0.4674526546022955
2667 0.4516795466863918
2731 0.4494866674605607
2795 0.4762671172457214
2859 0.5150511852473872
2923 0.4978198326118731
2987 0.3939387701420452
3051 0.2998152468652664
3115 0.2623124117015956
3179 0.2526314211917199
3243 0.2505383273407659
3307 0.2501075795606604
3371 0.2500213627299083
3435 0.2500041294679576
3499 0.250000799155939
3563 0.2500001482348595
3627 0.2500000278434881
3691 0.2500000049125804
3755 0.2500000008926891
3819 0.250000000148777
3883 0.2500000000261035
3947 0.25000000000409
4011 0.2500000000006946
4075 0.2500000000001181
44 0.7535097675412527
108 0.7535097674324176
172 0.7535097671547889
236 0.7535097648031018
300 0.7535097593112302
364 0.7535097179347106
428 0.7535096262103544
492 0.753509017144675
556 0.7535077422411833
620 0.7535003831875245
684 0.7534859370372664
748 0.7534147812740791
812 0.7532849683573496
876 0.7527535992949379
940 0.7518642359360218
1004 0.7489576980646173
1068 0.7445812465320458
1132 0.7338360728395114
1196 0.7196756522238474
1260 0.6955034455540238
1324 0.6682097732749165
1388 0.6371857163979048
1452 0.6070011681162764
1516 0.581714439385023
1580 0.561006449451631
1644 0.5453863549769508
1708 0.5342966376114781
1772 0.5265417519161606
1836 0.5201161368782535
1900 0.5145994752245672
1964 0.5096296105584284
2028 0.5051813797779353
2092 0.5010633861056931
2156 0.4977039078824274
2220 0.4949619776797557
2284 0.4919916313416173
2348 0.4880465968684083
2412 0.4831610678464834
2476 0.4764300921210038
2540 0.4657693282314737
2604 0.4544156433010919
2668 0.4553691280395927
2732 0.4804426632803347
2796 0.5150511852473872
2860 0.5005255958403453
2924 0.4038145202667494
2988 0.307358644589119
3052 0.2650125085102247
3116 0.2533381669250882
3180 0.2507001843967195
3244 0.2501446044361374
3308 0.2500292021500039
3372 0.2500058945102777
3436 0.2500011509275665
3500 0.250000226792263
3564 0.2500000424790226
3628 0.2500000081361884
3692 0.2500000014508141
3756 0.2500000002689135
3820 0.2500000000453898
3884 0.2500000000081114
3948 0.2500000000012914
4012 0.2500000000002226
4076 0.2500000000000387
45 0.7540101763501431
109 0.754010176225881
173 0.7540101759170994
237 0.7540101732863116
301 0.7540101673151317
365 0.7540101220356008
429 0.7540100246029858
493 0.7540093730319619
557 0.7540080505354771
621 0.7540003591423317
685 0.7539857281738536
749 0.7539131081857579
813 0.7537847295601353
877 0.7532553489953364
941 0.7523958882076833
1005 0.7495687012284775
1069 0.7454274312506596
1133 0.7352070483714976
1197 0.7220230399654342
1261 0.6994465851022268
1325 0.6742322673542972
1389 0.6456108069010918
1453 0.617730383477354
1517 0.5945152257834849
1581 0.5752420119081287
1645 0.5603961199568807
1709 0.5492705550091002
1773 0.5407670503962309
1837 0.5330847348215992
1901 0.5263295829977389
1965 0.5201433206459664
2029 0.5144389251577323
2093 0.5089752301982092
2157 0.5040377668982242
2221 0.4989464132563189
2285 0.4926010624301221
2349 0.484661679404872
2413 0.4757033799137021
2477 0.4666768453936463
2541 0.4611617508776431
2605 0.467739741242533
2669 0.4924768700635418
2733 0.5194348712315653
2797 0.4978198326118731
2861 0.4038145202667494
2925 0.3100242529279448
2989 0.2665658035782985
3053 0.253823616403002
3117 0.2508287810241793
3181 0.250173626508725
3245 0.2500360523539208
3309 0.2500072421445957
3373 0.2500014594583577
3437 0.2500002798841192
3501 0.2500000546690601
3565 0.2500000099323354
3629 0.2500000018768258
3693 0.2500000003209071
3757 0.2500000000585867
3821 0.2500000000093826
3885 0.2500000000016541
3949 0.2500000000002474
4013 0.2500000000000421
4077 0.2500000000000067
46 0.7548050401307658
110 0.754805039999161
174 0.7548050396785773
238 0.7548050369302925
302 0.7548050308282458
366 0.7548049842307444
430 0.7548048862959292
494 0.7548042261715467
558 0.7548029193710342
622 0.7547952523693973
686 0.754781044711872
750 0.7547098493842815
814 0.7545873338061568
878 0.7540769532541661
942 0.7532702535828141
1006 0.7505881004364704
1070 0.7467560456410743
1134 0.7371936550823334
1198 0.7251009197747268
1262 0.7041710478244551
1326 0.6810305321386843
1390 0.6545916791639933
1454 0.6287183894262222
1518 0.6071612203463457
1582 0.588796292302015
1646 0.5742599605111908
1710 0.5627458715224301
1774 0.5532821926308937
1838 0.5442975140534384
1902 0.5362434761684686
1966 0.5285151755334105
2030 0.5209307378392932
2094 0.5132180663966142
2158 0.5054993890044776
2222 0.4970872238441685
2286 0.4877916611340927
2350 0.4789959055487659
2414 0.4733882347028867
2478 0.4746531027988335
2542 0.4872384570213503
2606 0.5107185725939803
2670 0.5251150669694502
2734 0.488574418955055
2798 0.3939387701420452
2862 0.307358644589119
2926 0.2665658035782985
2990 0.2540258273398598
3054 0.2509054633760846
3118 0.2501986003881568
3182 0.2500421424539566
3246 0.250008926826848
3310 0.2500018124304152
3374 0.2500003727985061
3438 0.2500000721226294
3502 0.2500000143908981
3566 0.250000002637536
3630 0.2500000005091709
3694 0.2500000000879811
3758 0.2500000000163842
3822 0.2500000000026608
3886 0.2500000000004767
3950 0.2500000000000726
4014 0.2500000000000125
4078 0.2500000000000019
47 0.7541825282746263
111 0.7541825281478755
175 0.7541825278434878
239 0.7541825252140378
303 0.75418251946828
367 0.7541824752114898
431 0.754182383805878
495 0.7541817616413591
559 0.7541805531232306
623 0.7541733838082172
687 0.7541603665801532
751 0.7540943122315374
815 0.7539830685267317
879 0.7535129629991966
943 0.7527861663226932
1007 0.7503294123753783
1071 0.7468930362779993
1135 0.7381504669092105
1199 0.7272854932960661
1263 0.7080655665446181
1327 0.6870053302418908
1391 0.6624725379518405
1455 0.6382831822152143
1519 0.6179069867927132
1583 0.5998858707147904
1647 0.5851937343246002
1711 0.5728918332580194
1775 0.5621011992810658
1839 0.5515616007510283
1903 0.5418346222150026
1967 0.5321168973076094
2031 0.5223666564397721
2095 0.5126555167234954
2159 0.5035202348107316
2223 0.4953406899013477
2287 0.4896796529862262
2351 0.4893233165580674
2415 0.4971447294674427
2479 0.5134764351168579
2543 0.5308447793647034
2607 0.5259336638615788
2671 0.4694238475289181
2735 0.3752256378404309
2799 0.2998152468652664
2863 0.2650125085102247
2927 0.253823616403002
2991 0.2509054633760846
3055 0.2502038764334453
3119 0.2500452315978492
3183 0.2500095903415733
3247 0.2500020419641321
3311 0.2500004088936058
3375 0.2500000839176809
3439 0.2500000158022083
3503 0.2500000031292461
3567 0.2500000005513558
3631 0.2500000001053785
3695 0.250000000017304
3759 0.250000000003193
3823 0.2500000000004874
3887 0.2500000000000868
3951 0.2500000000000123
4015 0.2500000000000019
4079 0.2500000000000002
48 0.7492217818500612
112 0.7492217817402947
176 0.7492217814791653
240 0.7492217792018492
304 0.7492217742780397
368 0.7492217359462759
432 0.7492216577139393
496 0.7492211187655111
560 0.7492200856848438
624 0.7492138722561269
688 0.7492027549243487
752 0.7491454358424677
816 0.7490504355983133
880 0.7486413501317493
944 0.7480195316426396
1008 0.7458690001612166
1072 0.7429113585302957
1136 0.7351684800090367
1200 0.7256851966708636
1264 0.7083116366099059
1328 0.6894316512591016
1392 0.6666315885736499
1456 0.6439838512985826
1520 0.6244422649658111
1584 0.6064295921099165
1648 0.5913995891091437
1712 0.5782184250928732
1776 0.5661805123216285
1840 0.5545184585779199
1904 0.5438394738855514
1968 0.5335588816735721
2032 0.524248741416259
2096 0.5166470952928341
2160 0.5120499456588227
2224 0.5115967511390197
2288 0.5170321989024987
2352 0.528591346748837
2416 0.5422343670524639
2480 0.5444408935275975
2544 0.5129050881716435
2608 0.4382400405579674
2672 0.3498900240562701
2736 0.2894554835591135
2800 0.2623124117015956
2864 0.2533381669250882
2928 0.2508287810241793
2992 0.2501986003881568
3056 0.2500452315978492
3120 0.2500102521315475
3184 0.2500021940522743
3248 0.2500004775054893
3312 0.2500000962583507
3376 0.2500000202053724
3440 0.2500000038279753
3504 0.2500000007753027
3568 0.2500000001376514
3632 0.2500000000268649
3696 0.2500000000044614
3760 0.2500000000008375
3824 0.25000000000013
3888 0.2500000000000233
3952 0.2500000000000033
4016 0.2500000000000005
4080 0.25
49 0.7412784747530627
113 0.7412784746674819
177 0.741278474464978
241 0.7412784726789442
305 0.7412784688405282
369 0.7412784385822176
433 0.7412783772599327
497 0.7412779488133792
561 0.7412771342164362
625 0.7412721552584424
689 0.7412633298885445
753 0.7412169631687828
817 0.7411409317392069
881 0.74080603824076
945 0.7403030124773847
1009 0.7385135029297866
1073 0.7360831599215126
1137 0.7294841616966403
1201 0.7214979694288342
1265 0.706169338867723
1329 0.6896608992881348
1393 0.668689855684645
1457 0.6478261506412557
1521 0.6292725616711978
1585 0.6116430089667083
1649 0.5970459836775419
1713 0.5839845701505002
1777 0.5724233610388323
1841 0.5619546338883713
1905 0.5535411226572617
1969 0.5468382326332166
2033 0.5431317490155054
2097 0.5429321076805422
2161 0.5471700820613724
2225 0.5547621976624527
2289 0.5627687525235647
2353 0.562140706942481
2417 0.5379718879491703
2481 0.4791179671553766
2545 0.3960475418504789
2609 0.3224639335598981
2673 0.2782776577110617
2737 0.2592241379797371
2801 0.2526314211917199
2865 0.2507001843967195
2929 0.250173626508725
2993 0.2500421424539566
3057 0.2500095903415733
3121 0.2500021940522743
3185 0.2500004638024938
3249 0.2500001012464704
3313 0.2500000199037548
3377 0.2500000041689653
3441 0.2500000007606289
3505 0.2500000001532993
3569 0.2500000000258988
3633 0.2500000000050313
3697 0.2500000000007858
3761 0.2500000000001473
3825 0.2500000000000213
3889 0.2500000000000037
3953 0.2500000000000004
4017 0.25
4081 0.25
50 0.7438352872960442
114 0.7438352872349047
178 0.7438352870905124
242 0.7438352858007201
306 0.7438352830345552
370 0.7438352609211389
434 0.7438352162298471
498 0.7438348990529889
562 0.7438342981716697
626 0.7438305593760332
690 0.7438239622702859
754 0.7437885730043333
818 0.7437308703186154
882 0.7434702437502596
946 0.7430814895569149
1010 0.7416541038083315
1074 0.7397316085177489
1138 0.734291364949145
1202 0.7277697548643935
1266 0.7145661332738357
1330 0.7004976178774829
1394 0.6815686898176334
1458 0.6628910512411185
1522 0.6459289436061701
1586 0.6296219298885624
1650 0.6170928785068317
1714 0.6059095246741159
1778 0.5975780969139857
1842 0.5909705721257204
1906 0.5877382758942543
1970 0.586502663920493
2034 0.588218379017902
2098 0.590553246269469
2162 0.5907501085305967
2226 0.5816371860004368
2290 0.5537468258574684
2354 0.5000736285549069
2418 0.4248458241397189
2482 0.350738564789593
2546 0.297113366243507
2610 0.2685509864996342
2674 0.2562662077798391
2738 0.2519249574615495
2802 0.2505383273407659
2866 0.2501446044361374
2930 0.2500360523539208
2994 0.250008926826848
3058 0.2500020419641321
3122 0.2500004775054893
3186 0.2500001012464704
3250 0.250000022615197
3314 0.250000004456739
3378 0.2500000009553092
3442 0.2500000001750046
3506 0.2500000000360405
3570 0.2500000000061373
3634 0.2500000000012138
3698 0.2500000000001921
3762 0.2500000000000365
3826 0.2500000000000053
3890 0.2500000000000009
3954 0.25
4018 0.25
4082 0.25
51 0.7765532870885188
115 0.7765532870478137
179 0.7765532869515526
243 0.7765532860791903
307 0.7765532842051327
371 0.7765532689855396
435 0.7765532381854393
499 0.7765530157527401
563 0.776552593969462
627 0.7765499174109823
691 0.776545192689148
755 0.7765192630029151
819 0.7764769964245433
883 0.7762807949173103
947 0.7759885092090446
1011 0.7748778457253526
1075 0.7733859464544578
1139 0.7689699271131256
1203 0.7637022770866886
1267 0.7523901929128858
1331 0.740450039155419
1395 0.7232839890223522
1459 0.7065773302724073
1523 0.690953321014414
1587 0.6758344230980166
1651 0.6652176190718966
1715 0.6551387189701385
1779 0.6486261258419062
1843 0.642341343052436
1907 0.6375657758618574
1971 0.6302025951693727
2035 0.6182320358599117
2099 0.5960451746661209
2163 0.5579230691915948
2227 0.5022452307397656
2291 0.4324295260877525
2355 0.3643355175025328
2419 0.3104980760846346
2483 0.2777494240317874
2547 0.2609885375235713
2611 0.2539479959233239
2675 0.2512715704785603
2739 0.2503872769805406
2803 0.2501075795606604
2867 0.2500292021500039
2931 0.2500072421445957
2995 0.2500018124304152
3059 0.2500004088936058
3123 0.2500000962583507
3187 0.2500000199037548
3251 0.250000004456739
3315 0.2500000008463398
3379 0.250000000181384
3443 0.2500000000316407
3507 0.2500000000065152
3571 0.2500000000010441
3635 0.250000000000207
3699 0.2500000000000304
3763 0.2500000000000058
3827 0.2500000000000007
3891 0.2500000000000001
3955 0.25
4019 0.25
4083 0.25
52 0.827445886459669
116 0.8274458864353159
180 0.8274458863774434
244 0.8274458858435945
308 0.827445884689975
372 0.8274458751394527
436 0.827445855694765
500 0.827445712273236
564 0.8274454386127217
628 0.8274436603736508
692 0.8274405010071423
756 0.8274226811729636
820 0.8273934372428893
884 0.8272531582009517
948 0.8270427067174613
1012 0.8262091976013398
1076 0.8250815250369401
1140 0.8215532349943453
1204 0.8173164362602737
1268 0.8074791916212058
1332 0.7970560747771351
1396 0.7802950626334624
1460 0.7639769711589675
1524 0.7460572969583402
1588 0.7282527440377387
1652 0.7121858774151737
1716 0.6945885161624356
1780 0.6763013847266073
1844 0.6538735948973328
1908 0.6250511230305582
1972 0.5877393652560053
2036 0.5384812265400769
2100 0.4809389391691092
2164 0.4172264424140069
2228 0.3594357443521151
2292 0.3126551681097876
2356 0.282238033621748
2420 0.2645559510347536
2484 0.2560538997825623
2548 0.2522532175697729
2612 0.2507930376507516
2676 0.2502516014967541
2740 0.2500771672510754
2804 0.2500213627299083
2868 0.2500058945102777
2932 0.2500014594583577
2996 0.2500003727985061
3060 0.2500000839176809
3124 0.2500000202053724
3188 0.2500000041689653
3252 0.2500000009553092
3316 0.250000000181384
3380 0.2500000000397305
3444 0.2500000000069589
3508 0.2500000000014591
3572 0.2500000000002363
3636 0.2500000000000474
3700 0.250000000000007
3764 0.2500000000000012
3828 0.2500000000000001
3892 0.25
3956 0.25
4020 0.25
4084 0.25
53 0.7948004220017583
117 0.7948004219903837
181 0.7948004219631051
245 0.7948004217054245
309 0.7948004211423932
373 0.7948004163592518
437 0.794800406503984
501 0.7948003317130177
565 0.7948001871340918
629 0.7947992170016279
693 0.7947974682513952
757 0.7947872297496791
821 0.7947701488554467
885 0.7946844321335376
949 0.7945533455019179
1013 0.79400337468678
1077 0.7932419958240327
1141 0.7906644837194785
1205 0.7874822322390215
1269 0.7791842617627337
1333 0.7701128790129311
1397 0.7526107334895796
1461 0.7351097190207229
1525 0.7095690237421117
1589 0.6840721910888196
1653 0.6518969238090332
1717 0.6181796118532896
1781 0.5766438026702991
1845 0.5328708072160723
1909 0.4816015755390375
1973 0.4313111297805544
2037 0.3802233891802114
2101 0.337648438901669
2165 0.3029205292945866
2229 0.2797734894564943
2293 0.2649483407654655
2357 0.2570682176452264
2421 0.2530002144037187
2485 0.2512182106989737
2549 0.2504435134625412
2613 0.250156052841955
2677 0.2500488841721764
2741 0.2500151054085171
2805 0.2500041294679576
2869 0.2500011509275665
2933 0.2500002798841192
2997 0.2500000721226294
3061 0.2500000158022083
3125 0.2500000038279753
3189 0.2500000007606289
3253 0.2500000001750046
3317 0.2500000000316407
3381 0.2500000000069589
3445 0.2500000000011472
3509 0.2500000000002421
3573 0.2500000000000364
3637 0.2500000000000073
3701 0.2500000000000009
3765 0.2500000000000001
3829 0.25
3893 0.25
3957 0.25
4021 0.25
4085 0.25
54 0.579840149460244
118 0.5798401494569174
182 0.5798401494488291
246 0.579840149369973
310 0.5798401491947904
374 0.5798401476545006
438 0.5798401444228277
502 0.579840118952187
566 0.5798400687193288
630 0.5798397170443339
694 0.5798390687396391
758 0.5798350834443637
822 0.5798282623467155
886 0.5797919945622093
950 0.5797348475066439
1014 0.5794773309294445
1078 0.579107907893781
1142 0.577736066427167
1206 0.5759698451951536
1270 0.5707564642446503
1334 0.5648065598086178
1398 0.551303218138378
1462 0.5375118044107026
1526 0.5134705427403178
1590 0.4904851473751378
1654 0.4582311820673556
1718 0.4284237547718441
1782 0.393012179920636
1846 0.3621720762514268
1910 0.3309383984423551
1974 0.3065179093013739
2038 0.2858222509005261
2102 0.2718454406390672
2166 0.2620162057697387
2230 0.2563785472730577
2294 0.2530500173644925
2358 0.2514176425448677
2422 0.2505897224246511
2486 0.2502396269002426
2550 0.2500860555301883
2614 0.2500304772399073
2678 0.2500094338870808
2742 0.2500029522703635
2806 0.250000799155939
2870 0.250000226792263
2934 0.2500000546690601
2998 0.2500000143908981
3062 0.2500000031292461
3126 0.2500000007753027
3190 0.2500000001532993
3254 0.2500000000360405
3318 0.2500000000065152
3382 0.2500000000014591
3446 0.2500000000002421
3510 0.2500000000000517
3574 0.2500000000000079
3638 0.2500000000000016
3702 0.2500000000000001
3766 0.25
3830 0.25
3894 0.25
3958 0.25
4022 0.25
4086 0.25
55 0.3573621437953601
119 0.3573621437948239
183 0.3573621437934996
247 0.3573621437801308
311 0.3573621437498696
375 0.357362143473713
439 0.3573621428825327
503 0.3573621380330048
567 0.357362128258767
631 0.3573620567873845
695 0.3573619218813501
759 0.3573610517357888
823 0.3573595232830449
887 0.3573509439087376
951 0.3573370299932784
1015 0.3572702777136145
1079 0.3571713660874076
1143 0.356775767386143
1207 0.3562479608731298
1271 0.3545470224604989
1335 0.3525401716266981
1399 0.3475295790918841
1463 0.3423535209274839
1527 0.3325919082237792
1591 0.3236184111712394
1655 0.3106912534086047
1719 0.2998213114314484
1783 0.2873703022086347
1847 0.2777851902311003
1911 0.2687349855735727
1975 0.2624732343115158
2039 0.2575022915058374
2103 0.2544531224850525
2167 0.2523807152424822
2231 0.2512578418270615
2295 0.2505932009803892
2359 0.2502771639734036
2423 0.2501138207607734
2487 0.2500465221287096
2551 0.2500164227120101
2615 0.250005854211456
2679 0.2500017761179457
2743 0.250000560800985
2807 0.2500001482348595
2871 0.2500000424790226
2935 0.2500000099323354
2999 0.250000002637536
3063 0.2500000005513558
3127 0.2500000001376514
3191 0.2500000000258988
3255 0.2500000000061373
3319 0.2500000000010441
3383 0.2500000000002363
3447 0.2500000000000364
3511 0.2500000000000079
3575 0.2500000000000011
3639 0.2500000000000002
3703 0.25
3767 0.25
3831 0.25
3895 0.25
3959 0.25
4023 0.25
4087 0.25
56 0.271576681369543
120 0.2715766813694868
184 0.271576681369346
248 0.2715766813678844
312 0.2715766813645245
376 0.2715766813329214
440 0.2715766812641644
504 0.2715766806818831
568 0.2715766794880545
632 0.2715766704577559
696 0.2715766531002938
760 0.2715765369877673
824 0.2715763290355124
888 0.2715751143059034
952 0.27157310263397
1016 0.2715630124378798
1080 0.2715477157655614
1144 0.2714833477226939
1208 0.2713953014001916
1272 0.2710945019378692
1336 0.2707307114795334
1400 0.2697629253787273
1464 0.2687480672579619
1528 0.2667194985619707
1592 0.2648740660649443
1656 0.2621099229924982
1720 0.2598758223303294
1784 0.2572756230576539
1848 0.2553761179325537
1912 0.2535721753373039
1976 0.2523804323375259
2040 0.2514214407834204
2104 0.2508512934278844
2168 0.2504534209597193
2232 0.2502425315197794
2296 0.2501135872534931
2360 0.2500536513139477
2424 0.2500217350692009
2488 0.2500089615879753
2552 0.2500031074954211
2616 0.2500011196839869
2680 0.2500003337307535
2744 0.2500001070231508
2808 0.2500000278434881
2872 0.2500000081361884
2936 0.2500000018768258
3000 0.2500000005091709
3064 0.2500000001053785
3128 0.2500000000268649
3192 0.2500000000050313
3256 0.2500000000012138
3320 0.250000000000207
3384 0.2500000000000474
3448 0.2500000000000073
3512 0.2500000000000016
3576 0.2500000000000002
3640 0.25
3704 0.25
3768 0.25
3832 0.25
3896 0.25
3960 0.25
4024 0.25
4088 0.25
57 0.2534282745647973
121 0.2534282745647929
185 0.253428274564782
249 0.2534282745646643
313 0.2534282745643904
377 0.253428274561745
441 0.2534282745559083
505 0.253428274505085
569 0.2534282743993289
633 0.2534282735753856
697 0.2534282719665554
761 0.2534282608571381
825 0.2534282406238397
889 0.253428118268205
953 0.2534279119433938
1017 0.2534268363808461
1081 0.253425173357274
1145 0.2534178603274787
1209 0.2534076359151708
1273 0.253370855289462
1337 0.2533252938023015
1401 0.2531965335253116
1465 0.2530584033014479
1529 0.252763275457943
1593 0.2524911275184162
1657 0.2520558836187289
1721 0.2517041662747354
1785 0.2512701932190653
1849 0.2509557083336372
1913 0.2506412394983312
1977 0.2504355659303538
2041 0.2502618420158275
2105 0.2501598169783713
2169 0.250085170450981
2233 0.25004630467127
2297 0.250021490127451
2361 0.250010270206614
2425 0.2500040829458993
2489 0.2500016976480496
2553 0.2500005738643441
2617 0.2500002085777929
2681 0.2500000603502651
2745 0.2500000195510539
2809 0.2500000049125804
2873 0.2500000014508141
2937 0.2500000003209071
3001 0.2500000000879811
3065 0.250000000017304
3129 0.2500000000044614
3193 0.2500000000007858
3257 0.2500000000001921
3321 0.2500000000000304
3385 0.250000000000007
3449 0.2500000000000009
3513 0.2500000000000001
3577 0.25
3641 0.25
3705 0.25
3769 0.25
3833 0.25
3897 0.25
3961 0.25
4025 0.25
4089 0.25
58 0.2505124429992771
122 0.2505124429992768
186 0.250512442999276
250 0.2505124429992677
314 0.250512442999248
378 0.250512442999052
442 0.2505124429986135
506 0.2505124429946896
570 0.2505124429864042
634 0.250512442919949
698 0.2505124427881684
762 0.2505124418493955
826 0.2505124401112498
890 0.2505124292384031
954 0.2505124105766269
1018 0.2505123095765455
1082 0.2505121503714616
1146 0.2505114197545987
1210 0.2505103760109968
1274 0.2505064277756289
1338 0.2505014144002491
1402 0.2504863611169422
1466 0.2504697656718483
1530 0.250431694952044
1594 0.2503957135927226
1658 0.2503336114818492
1722 0.2502826520777909
1786 0.25021498730911
1850 0.2501656750918813
1914 0.2501129743939821
1978 0.2500785636146615
2042 0.2500476844920845
2106 0.2500297345359039
2170 0.2500158462267042
2234 0.2500087677454509
2298 0.2500040233190051
2362 0.2500019478075626
2426 0.2500007589529962
2490 0.2500003191345761
2554 0.2500001053850401
2618 0.250000038833896
2682 0.2500000109877966
2746 0.2500000036224057
2810 0.2500000008926891
2874 0.2500000002689135
2938 0.2500000000585867
3002 0.2500000000163842
3066 0.250000000003193
3130 0.2500000000008375
3194 0.2500000000001473
3258 0.2500000000000365
3322 0.2500000000000058
3386 0.2500000000000012
3450 0.2500000000000001
3514 0.25
3578 0.25
3642 0.25
3706 0.25
3770 0.25
3834 0.25
3898 0.25
3962 0.25
4026 0.25
4090 0.25
59 0.2500759352419893
123 0.2500759352419893
187 0.2500759352419892
251 0.2500759352419885
315 0.2500759352419872
379 0.2500759352419731
443 0.2500759352419411
507 0.2500759352416466
571 0.2500759352410156
635 0.2500759352358071
699 0.25007593522532
763 0.2500759351482824
827 0.2500759350033112
891 0.250075934065777
955 0.2500759324283545
1019 0.2500759232351988
1083 0.2500759084673062
1147 0.2500758378231546
1211 0.2500757347530059
1275 0.2500753254653817
1339 0.2500747930143511
1403 0.2500730980017166
1467 0.250071177189428
1531 0.2500664533492963
1595 0.2500618661795604
1659 0.2500533164594066
1723 0.2500461601186891
1787 0.250035898842752
1851 0.2500283498454258
1915 0.2500196815238107
1979 0.2500140247284237
2043 0.2500085979302197
2107 0.2500054817612951
2171 0.2500029144494043
2235 0.2500016413445858
2299 0.2500007409673912
2363 0.2500003632278378
2427 0.2500001377236263
2491 0.2500000584978488
2555 0.2500000186732894
2619 0.2500000069547232
2683 0.2500000018927382
2747 0.2500000006314106
2811 0.250000000148777
2875 0.2500000000453898
2939 0.2500000000093826
3003 0.2500000000026608
3067 0.2500000000004874
3131 0.25000000000013
3195 0.2500000000000213
3259 0.2500000000000053
3323 0.2500000000000007
3387 0.2500000000000001
3451 0.25
3515 0.25
3579 0.25
3643 0.25
3707 0.25
3771 0.25
3835 0.25
3899 0.25
3963 0.25
4027 0.25
4091 0.25
60 0.2500112481598952
124 0.2500112481598952
188 0.2500112481598952
252 0.2500112481598952
316 0.2500112481598951
380 0.2500112481598942
444 0.2500112481598918
508 0.2500112481598697
572 0.250011248159822
636 0.2500112481594168
700 0.2500112481585889
764 0.2500112481523211
828 0.2500112481403374
892 0.2500112480602795
956 0.2500112479180555
1020 0.2500112470905088
1084 0.2500112457363587
1148 0.2500112389927822
1212 0.2500112289504298
1276 0.2500111871660382
1340 0.250011131522082
1404 0.2500109442066694
1468 0.2500107261970586
1532 0.2500101530925403
1596 0.2500095811839519
1660 0.2500084321768563
1724 0.2500074494345254
1788 0.2500059268660911
1852 0.2500047939096134
1916 0.2500033918065322
1980 0.2500024768479961
2044 0.2500015341427345
2108 0.2500010003809179
2172 0.2500005298692018
2236 0.2500003038296695
2300 0.250000134786737
2364 0.2500000669906161
2428 0.2500000247646054
2492 0.2500000106592817
2556 0.2500000033121945
2620 0.2500000012530624
2684 0.2500000003327562
2748 0.2500000001130181
2812 0.2500000000261035
2876 0.2500000000081114
2940 0.2500000000016541
3004 0.2500000000004767
3068 0.2500000000000868
3132 0.2500000000000233
3196 0.2500000000000037
3260 0.2500000000000009
3324 0.2500000000000001
3388 0.25
3452 0.25
3516 0.25
3580 0.25
3644 0.25
3708 0.25
3772 0.25
3836 0.25
3900 0.25
3964 0.25
4028 0.25
4092 0.25
61 0.2500016662692126
125 0.2500016662692126
189 0.2500016662692126
253 0.2500016662692126
317 0.2500016662692126
381 0.2500016662692124
445 0.2500016662692123
509 0.2500016662692106
573 0.2500016662692071
637 0.2500016662691759
701 0.250001666269111
765 0.250001666268606
829 0.250001666267625
893 0.2500016662608575
957 0.2500016662486312
1021 0.2500016661749496
1085 0.2500016660521706
1149 0.2500016654162316
1213 0.250001664450046
1277 0.2500016602436406
1341 0.2500016545132031
1405 0.2500016341570066
1469 0.2500016098416135
1533 0.2500015416895662
1597 0.2500014718015606
1661 0.2500013207514818
1725 0.2500011885718723
1789 0.250000967345309
1853 0.250000800564194
1917 0.2500005776378413
1981 0.2500004321017331
2045 0.2500002703620109
2109 0.2500001802793059
2173 0.2500000948046152
2237 0.2500000553169707
2301 0.2500000239626792
2365 0.250000012064412
2429 0.2500000043073624
2493 0.2500000018757473
2557 0.2500000005591524
2621 0.250000000214228
2685 0.2500000000542625
2749 0.250000000018692
2813 0.25000000000409
2877 0.2500000000012914
2941 0.2500000000002474
3005 0.2500000000000726
3069 0.2500000000000123
3133 0.2500000000000033
3197 0.2500000000000004
3261 0.25
3325 0.25
3389 0.25
3453 0.25
3517 0.25
3581 0.25
3645 0.25
3709 0.25
3773 0.25
3837 0.25
3901 0.25
3965 0.25
4029 0.25
4093 0.25
62 0.2500002474193294
126 0.2500002474193294
190 0.2500002474193294
254 0.2500002474193294
318 0.2500002474193294
382 0.2500002474193294
446 0.2500002474193294
510 0.2500002474193292
574 0.2500002474193289
638 0.2500002474193265
702 0.2500002474193215
766 0.2500002474192813
830 0.2500002474192017
894 0.2500002474186356
958 0.2500002474175954
1022 0.2500002474111056
1086 0.2500002474000951
1150 0.2500002473408178
1214 0.2500002472489643
1278 0.2500002468309753
1342 0.2500002462487482
1406 0.250000244069789
1470 0.2500002414001705
1534 0.2500002334387295
1598 0.2500002250499465
1662 0.2500002055777917
1726 0.2500001881253834
1790 0.250000156576552
1854 0.2500001324371402
1918 0.2500000975234383
1982 0.2500000746974165
2046 0.2500000472399183
2110 0.2500000322086761
2174 0.250000016804481
2238 0.2500000099794512
2302 0.2500000042264818
2366 0.2500000021586715
2430 0.2500000007488523
2494 0.2500000003308906
2558 0.2500000000958649
2622 0.2500000000373286
2686 0.2500000000092262
2750 0.2500000000032322
2814 0.2500000000006946
2878 0.2500000000002226
2942 0.2500000000000421
3006 0.2500000000000125
3070 0.2500000000000019
3134 0.2500000000000005
3198 0.25
3262 0.25
3326 0.25
3390 0.25
3454 0.25
3518 0.25
3582 0.25
3646 0.25
3710 0.25
3774 0.25
3838 0.25
3902 0.25
3966 0.25
4030 0.25
4094 0.25
63 0.2500000418069648
127 0.2500000418069648
191 0.2500000418069648
255 0.2500000418069648
319 0.2500000418069648
383 0.2500000418069648
447 0.2500000418069648
511 0.2500000418069648
575 0.2500000418069648
639 0.2500000418069647
703 0.2500000418069642
767 0.2500000418069608
831 0.2500000418069538
895 0.2500000418069031
959 0.2500000418068083
1023 0.2500000418061947
1087 0.2500000418051337
1151 0.2500000417991836
1215 0.2500000417897693
1279 0.2500000417448875
1343 0.2500000416808905
1407 0.2500000414279241
1471 0.2500000411095996
1535 0.250000040096395
1599 0.2500000389972344
1663 0.2500000362448766
1727 0.2500000337105568
1791 0.2500000287292234
1855 0.2500000248485839
1919 0.2500000187182697
1983 0.2500000147001014
2047 0.250000009404614
2111 0.2500000065671244
2175 0.2500000033799328
2239 0.2500000020448834
2303 0.250000000837506
2367 0.2500000004342677
2431 0.2500000001440547
2495 0.2500000000646199
2559 0.2500000000177819
2623 0.2500000000070411
2687 0.2500000000016432
2751 0.2500000000005865
2815 0.2500000000001181
2879 0.2500000000000387
2943 0.2500000000000067
3007 0.2500000000000019
3071 0.2500000000000002
3135 0.25
3199 0.25
3263 0.25
3327 0.25
3391 0.25
3455 0.25
3519 0.25
3583 0.25
3647 0.25
3711 0.25
3775 0.25
3839 0.25
3903 0.25
3967 0.25
4031 0.25
4095 0.25
