0 1
1 1
2 1
3 1
4 1
5 1
6 1
7 1
8 1
9 1
10 1
11 1
12 1
13 1
14 1
15 1
16 1
17 1
18 1
19 1
20 1
21 1
22 1
23 1
24 1
25 1
26 1
27 1
28 1
29 1
30 1
31 1
32 1
33 1
34 1
35 1
36 1
37 1
38 1
39 1
40 1
41 1
42 1
43 1
44 1
45 1
46 1
47 1
48 1
49 1
50 1
51 1
52 1
53 1
54 1
55 1
56 1
57 1
58 1
59 1
60 1
61 1
62 1
63 1
64 1
65 1
66 1
67 1
68 1
69 1
70 1
71 1
72 1
73 1
74 1
75 1
76 1
77 1
78 1
79 1
80 1
81 1
82 1
83 1
84 1
85 1
86 1
87 1
88 1
89 1
90 1
91 1
92 1
93 1
94 1
95 1
96 1
97 1
98 1
99 1
100 1
101 1
102 1
103 1
104 1
105 1
106 1
107 1
108 1
109 1
110 1
111 1
112 1
113 1
114 1
115 1
116 1
117 1
118 1
119 1
120 1
121 1
122 1
123 1
124 1
125 1
126 1
127 1
128 1
129 1
130 1
131 1
132 1
133 1
134 1
135 1
136 1
137 1
138 1
139 1
140 1
141 1
142 1
143 1
144 1
145 1
146 1
147 1
148 1
149 1
150 1
151 1
152 1
153 1
154 1
155 1
156 1
157 1
158 1
159 1
160 1
161 1
162 1
163 1
164 1
165 1
166 1
167 1
168 1
169 1
170 1
171 1
172 1
173 1
174 1
175 1
176 1
177 1
178 1
179 1
180 1
181 1
182 1
183 1
184 1
185 1
186 1
187 1
188 1
189 1
190 1
191 1
192 1
193 1
194 1
195 1
196 1
197 1
198 1
199 1
200 1
201 1
202 1
203 1
204 1
205 1
206 1
207 1
208 1
209 1
210 1
211 1
212 1
213 1
214 1
215 1
216 1
217 1
218 1
219 1
220 1
221 1
222 1
223 1
224 1
225 1
226 1
227 1
228 1
229 1
230 1
231 1
232 1
233 1
234 1
235 1
236 1
237 1
238 1
239 1
240 1
241 1
242 1
243 1
244 1
245 1
246 1
247 1
248 1
249 1
250 1
251 1
252 1
253 1
254 1
255 1
256 1
257 1
258 1
259 1
260 1
261 1
262 1
263 1
264 1
265 1
266 1
267 1
268 1
269 1
270 1
271 1
272 1
273 1
274 1
275 1
276 1
277 1
278 1
279 1
280 1
281 1
282 1
283 1
284 1
285 1
286 1
287 1
288 1
289 1
290 1
291 1
292 1
293 1
294 1
295 1
296 1
297 1
298 1
299 1
300 1
301 1
302 1
303 1
304 1
305 1
306 1
307 1
308 1
309 1
310 1
311 1
312 1
313 1
314 1
315 1
316 1
317 1
318 1
319 1
320 1
321 1
322 1
323 1
324 1
325 1
326 1
327 1
328 1
329 1
330 1
331 1
332 1
333 1
334 1
335 1
336 1
337 1
338 1
339 1
340 1
341 1
342 1
343 1
344 1
345 1
346 1
347 1
348 1
349 1
350 1
351 1
352 1
353 1
354 1
355 1
356 1
357 1
358 1
359 1
360 1
361 1
362 1
363 1
364 1
365 1
366 1
367 1
368 1
369 1
370 1
371 1
372 1
373 1
374 1
375 1
376 1
377 1
378 1
379 1
380 1
381 1
382 1
383 1
384 1
385 1
386 1
387 1
388 1
389 1
390 1
391 1
392 1
393 1
394 1
395 1
396 1
397 1
398 1
399 1
400 1
401 1
402 1
403 1
404 1
405 1
406 1
407 1
408 1
409 1
410 1
411 1
412 1
413 1
414 1
415 1
416 1
417 1
418 1
419 1
420 1
421 1
422 1
423 1
424 1
425 1
426 1
427 1
428 1
429 1
430 1
431 1
432 1
433 1
434 1
435 1
436 1
437 1
438 1
439 1
440 1
441 1
442 1
443 1
444 1
445 1
446 1
447 1
448 1
449 1
450 1
451 1
452 1
453 1
454 1
455 1
456 1
457 1
458 1
459 1
460 1
461 1
462 1
463 1
464 1
465 1
466 1
467 1
468 1
469 1
470 1
471 1
472 1
473 1
474 1
475 1
476 1
477 1
478 1
479 1
480 1
481 1
482 1
483 1
484 1
485 1
486 1
487 1
488 1
489 1
490 1
491 1
492 1
493 1
494 1
495 1
496 1
497 1
498 1
499 1
500 1
501 1
502 1
503 1
504 1
505 1
506 1
507 1
508 1
509 1
510 1
511 1
512 1
513 1
514 1
515 1
516 1
517 1
518 1
519 1
520 1
521 1
522 1
523 1
524 1
525 1
526 1
527 1
528 1
529 1
530 1
531 1
532 1
533 1
534 1
535 1
536 1
537 1
538 1
539 1
540 1
541 1
542 1
543 1
544 1
545 1
546 1
547 1
548 1
549 1
550 1
551 1
552 1
553 1
554 1
555 1
556 1
557 1
558 1
559 1
560 1
561 1
562 1
563 1
564 1
565 1
566 1
567 1
568 1
569 1
570 1
571 1
572 1
573 1
574 1
575 1
576 1
577 1
578 1
579 1
580 1
581 1
582 1
583 1
584 1
585 1
586 1
587 1
588 1
589 1
590 1
591 1
592 1
593 1
594 1
595 1
596 1
597 1
598 1
599 1
600 1
601 1
602 1
603 1
604 1
605 1
606 1
607 1
608 1
609 1
610 1
611 1
612 1
613 1
614 1
615 1
616 1
617 1
618 1
619 1
620 1
621 1
622 1
623 1
624 1
625 1
626 1
627 1
628 1
629 1
630 1
631 1
632 1
633 1
634 1
635 1
636 1
637 1
638 1
639 1
640 1
641 1
642 1
643 1
644 1
645 1
646 1
647 1
648 1
649 1
650 1
651 1
652 1
653 1
654 1
655 1
656 1
657 1
658 1
659 1
660 1
661 1
662 1
663 1
664 1
665 1
666 1
667 1
668 1
669 1
670 1
671 1
672 1
673 1
674 1
675 1
676 1
677 1
678 1
679 1
680 1
681 1
682 1
683 1
684 1
685 1
686 1
687 1
688 1
689 1
690 1
691 1
692 1
693 1
694 1
695 1
696 1
697 1
698 1
699 1
700 1
701 1
702 1
703 1
704 1
705 1
706 1
707 1
708 1
709 1
710 1
711 1
712 1
713 1
714 1
715 1
716 1
717 1
718 1
719 1
720 1
721 1
722 1
723 1
724 1
725 1
726 1
727 1
728 1
729 1
730 1
731 1
732 1
733 1
734 1
735 1
736 1
737 1
738 1
739 1
740 1
741 1
742 1
743 1
744 1
745 1
746 1
747 1
748 1
749 1
750 1
751 1
752 1
753 1
754 1
755 1
756 1
757 1
758 1
759 1
760 1
761 1
762 1
763 1
764 1
765 1
766 1
767 1
768 1
769 1
770 1
771 1
772 1
773 1
774 1
775 1
776 1
777 1
778 1
779 1
780 1
781 1
782 1
783 1
784 1
785 1
786 1
787 1
788 1
789 1
790 1
791 1
792 1
793 1
794 1
795 1
796 1
797 1
798 1
799 1
800 1
801 1
802 1
803 1
804 1
805 1
806 1
807 1
808 1
809 1
810 1
811 1
812 1
813 1
814 1
815 1
816 1
817 1
818 1
819 1
820 1
821 1
822 1
823 1
824 1
825 1
826 1
827 1
828 1
829 1
830 1
831 1
832 1
833 1
834 1
835 1
836 1
837 1
838 1
839 1
840 1
841 1
842 1
843 1
844 1
845 1
846 1
847 1
848 1
849 1
850 1
851 1
852 1
853 1
854 1
855 1
856 1
857 1
858 1
859 1
860 1
861 1
862 1
863 1
864 1
865 1
866 1
867 1
868 1
869 1
870 1
871 1
872 1
873 1
874 1
875 1
876 1
877 1
878 1
879 1
880 1
881 1
882 1
883 1
884 1
885 1
886 1
887 1
888 1
889 1
890 1
891 1
892 1
893 1
894 1
895 1
896 1
897 1
898 1
899 1
900 1
901 1
902 1
903 1
904 1
905 1
906 1
907 1
908 1
909 1
910 1
911 1
912 1
913 1
914 1
915 1
916 1
917 1
918 1
919 1
920 1
921 1
922 1
923 1
924 1
925 1
926 1
927 1
928 1
929 1
930 1
931 1
932 1
933 1
934 1
935 1
936 1
937 1
938 1
939 1
940 1
941 1
942 1
943 1
944 1
945 1
946 1
947 1
948 1
949 1
950 1
951 1
952 1
953 1
954 1
955 1
956 1
957 1
958 1
959 1
960 1
961 1
962 1
963 1
964 1
965 1
966 1
967 1
968 1
969 1
970 1
971 1
972 1
973 1
974 1
975 1
976 1
977 1
978 1
979 1
980 1
981 1
982 1
983 1
984 1
985 1
986 1
987 1
988 1
989 1
990 1
991 1
992 1
993 1
994 1
995 1
996 0.9999999999999999
997 0.9999999999999991
998 0.9999999999999971
999 0.9999999999999933
1000 0.9999999999999873
1001 0.9999999999999776
1002 0.9999999999999624
1003 0.9999999999999362
1004 0.9999999999998983
1005 0.9999999999998364
1006 0.9999999999997456
1007 0.9999999999995911
1008 0.9999999999993732
1009 0.9999999999990028
1010 0.9999999999984832
1011 0.9999999999976074
1012 0.9999999999963828
1013 0.9999999999943197
1014 0.9999999999914622
1015 0.9999999999866821
1016 0.999999999980084
1017 0.9999999999691331
1018 0.9999999999540758
1019 0.9999999999292918
1020 0.9999999998953463
1021 0.9999999998399273
1022 0.9999999997643323
1023 0.9999999996419421
1024 0.9999999994756867
1025 0.9999999992088117
1026 0.9999999988478232
1027 0.9999999982733774
1028 0.9999999974997275
1029 0.9999999962795058
1030 0.999999994643436
1031 0.999999992086361
1032 0.9999999886734335
1033 0.9999999833886907
1034 0.9999999763680477
1035 0.9999999656002594
1036 0.9999999513640583
1037 0.999999929742452
1038 0.9999999012971894
1039 0.9999998585281276
1040 0.9999998025471332
1041 0.9999997192446241
1042 0.9999996107805317
1043 0.9999994510967015
1044 0.9999992443080575
1045 0.9999989432117705
1046 0.9999985554891596
1047 0.9999979973605645
1048 0.9999972828607332
1049 0.999996266466342
1050 0.9999949732457518
1051 0.9999931561765371
1052 0.9999908589659215
1053 0.999987672521138
1054 0.9999836710937657
1055 0.9999781950299279
1056 0.9999713669693151
1057 0.9999621537627087
1058 0.9999507518175518
1059 0.9999355941216957
1060 0.9999169846493714
1061 0.9998926301377371
1062 0.9998629833450179
1063 0.9998248207654262
1064 0.9997787880636946
1065 0.9997205580637815
1066 0.9996510067328791
1067 0.999564627347825
1068 0.9994625417365968
1069 0.9993381701868344
1070 0.9991928564756016
1071 0.9990193159775637
1072 0.998819039276065
1073 0.9985846973971712
1074 0.9983178090921876
1075 0.9980118873789721
1076 0.9976683570483739
1077 0.9972824935322635
1078 0.996855572751734
1079 0.9963853038006859
1080 0.995872897234255
1081 0.995318654568795
1082 0.9947239579034215
1083 0.994091253871309
1084 0.9934223969677857
1085 0.9927210912168039
1086 0.991989850264005
1087 0.9912326689359382
1088 0.9904526299498623
1089 0.9896533260517598
1090 0.9888380266204009
1091 0.9880096426526326
1092 0.9871711288504085
1093 0.9863247354007766
1094 0.985472733422864
1095 0.9846168189406929
1096 0.983758490827334
1097 0.9828989546067219
1098 0.9820390833507943
1099 0.9811796271544847
1100 0.980321053298994
1101 0.9794637299227542
1102 0.9786078834782495
1103 0.9777536255740156
1104 0.976901029965595
1105 0.976050079511233
1106 0.9752007488397924
1107 0.9743529739903032
1108 0.9735066799361546
1109 0.972661789424981
1110 0.9718182187486202
1111 0.9709758890286188
1112 0.9701347282187884
1113 0.9692946644798843
1114 0.9684556401586071
1115 0.9676175969130379
1116 0.9667804887691708
1117 0.9659442714900299
1118 0.9651089093335802
1119 0.9642743687895022
1120 0.9634406233854179
1121 0.9626076471553972
1122 0.9617754208657425
1123 0.9609439244017848
1124 0.9601131434505878
1125 0.9592830625384161
1126 0.9584536707614915
1127 0.9576249560159548
1128 0.9567969099865856
1129 0.955969522930138
1130 0.955142788471925
1131 0.9543166986455609
1132 0.9534912484498477
1133 0.952666431322528
1134 0.9518422432571523
1135 0.9510186787776506
1136 0.950195734644273
1137 0.9493734062206588
1138 0.9485516908592522
1139 0.9477305846005051
1140 0.9469100852456961
1141 0.9460901893927841
1142 0.9452708951901123
1143 0.9444521996931476
1144 0.943634101325615
1145 0.9428165975213461
1146 0.9419996869222687
1147 0.9411833672803406
1148 0.9403676374101321
1149 0.9395524953325779
1150 0.9387379400005919
1151 0.9379239696628142
1152 0.9371105833838774
1153 0.9362977796063426
1154 0.9354855574851367
1155 0.9346739156289212
1156 0.9338628532660461
1157 0.9330523691477411
1158 0.9322424625626659
1159 0.9314331323847276
1160 0.9306243779525204
1161 0.9298161982458422
1162 0.9290085926449273
1163 0.9282015602211279
1164 0.9273951003897102
1165 0.9265892123012829
1166 0.9257838954008351
1167 0.9249791489076428
1168 0.9241749722920883
1169 0.9233713648330196
1170 0.9225683260227354
1171 0.9217658551918202
1172 0.9209639518516929
1173 0.9201626153779318
1174 0.9193618452988238
1175 0.9185616410291144
1176 0.9177620021120703
1177 0.9169629279965316
1178 0.9161644182391472
1179 0.9153664723184183
1180 0.9145690898029657
1181 0.9137722701970721
1182 0.9129760130800972
1183 0.912180317978721
1184 0.9113851844819745
1185 0.9105906121360298
1186 0.9097966005387033
1187 0.9090031492531819
1188 0.908210257885342
1189 0.9074179260133023
1190 0.9066261532504097
1191 0.9058349391879407
1192 0.905044283446193
1193 0.9042541856280613
1194 0.9034646453602931
1195 0.9026756622560267
1196 0.9018872359479552
1197 0.9010993660582275
1198 0.9003120522249899
1199 0.8995252940783131
1200 0.8987390912613443
1201 0.8979534434111379
1202 0.8971683501754434
1203 0.8963838111975067
1204 0.8955998261293384
1205 0.8948163946197081
1206 0.8940335163245743
1207 0.8932511908976405
1208 0.8924694179985189
1209 0.8916881972853192
1210 0.8909075284209962
1211 0.8901274110675665
1212 0.8893478448910261
1213 0.8885688295568555
1214 0.8877903647338137
1215 0.8870124500904746
1216 0.8862350852981548
1217 0.8854582700282574
1218 0.8846820039545298
1219 0.8839062867510389
1220 0.8831311180938974
1221 0.8823564976597186
1222 0.8815824251269199
1223 0.8808089001745408
1224 0.8800359224832061
1225 0.8792634917342119
1226 0.8784916076102304
1227 0.8777202697946012
1228 0.8769494779718421
1229 0.8761792318271046
1230 0.8754095310465428
1231 0.874640375316903
1232 0.8738717643257981
1233 0.8731036977614052
1234 0.8723361753126727
1235 0.8715691966691017
1236 0.8708027615209035
1237 0.8700368695588391
1238 0.869271520474332
1239 0.8685067139593521
1240 0.8677424497064855
1241 0.8669787274088435
1242 0.8662155467601077
1243 0.8654529074544562
1244 0.8646908091865938
1245 0.8639292516516959
1246 0.8631682345454356
1247 0.8624077575639518
1248 0.8616478204038713
1249 0.8608884227622923
1250 0.8601295643368064
1251 0.8593712448254885
1252 0.8586134639269076
1253 0.8578562213401184
1254 0.8570995167646599
1255 0.8563433499005326
1256 0.8555877204481909
1257 0.8548326281085123
1258 0.8540780725827768
1259 0.8533240535726346
1260 0.8525705707800852
1261 0.8518176239074527
1262 0.8510652126573686
1263 0.8503133367327621
1264 0.8495619958368552
1265 0.8488111896731647
1266 0.848060917945509
1267 0.8473111803580178
1268 0.8465619766151423
1269 0.8458133064216634
1270 0.8450651694826985
1271 0.8443175655037005
1272 0.8435704941904596
1273 0.8428239552490973
1274 0.842077948386056
1275 0.8413324733080934
1276 0.8405875297222719
1277 0.8398431173359499
1278 0.8390992358567805
1279 0.8383558849927034
1280 0.8376130644519446
1281 0.8368707739430193
1282 0.8361290131747299
1283 0.8353877818561677
1284 0.8346470796967121
1285 0.8339069064060266
1286 0.833167261694051
1287 0.8324281452709926
1288 0.8316895568473081
1289 0.8309514961336911
1290 0.830213962841054
1291 0.8294769566805139
1292 0.8287404773633855
1293 0.8280045246011719
1294 0.8272690981055694
1295 0.8265341975884739
1296 0.8257998227619953
1297 0.825065973338475
1298 0.8243326490305045
1299 0.823599849550945
1300 0.8228675746129437
1301 0.822135823929945
1302 0.8214045972156997
1303 0.8206738941842654
1304 0.819943714550001
1305 0.8192140580275575
1306 0.8184849243318657
1307 0.8177563131781196
1308 0.817028224281761
1309 0.8163006573584657
1310 0.81557361212413
1311 0.8148470882948621
1312 0.8141210855869769
1313 0.8133956037169935
1314 0.8126706424016358
1315 0.8119462013578329
1316 0.8112222803027216
1317 0.8104988789536444
1318 0.8097759970281505
1319 0.8090536342439907
1320 0.8083317903191141
1321 0.8076104649716628
1322 0.8068896579199671
1323 0.8061693688825442
1324 0.805449597578097
1325 0.8047303437255177
1326 0.8040116070438961
1327 0.8032933872525289
1328 0.8025756840709318
1329 0.8018584972188544
1330 0.8011418264162927
1331 0.800425671383502
1332 0.799710031841004
1333 0.798994907509593
1334 0.798280298110337
1335 0.7975662033645716
1336 0.7968526229938913
1337 0.7961395567201389
1338 0.7954270042653896
1339 0.7947149653519344
1340 0.7940034397022696
1341 0.7932924270390826
1342 0.7925819270852436
1343 0.7918719395638013
1344 0.7911624641979828
1345 0.7904535007111962
1346 0.789745048827037
1347 0.7890371082692935
1348 0.7883296787619553
1349 0.7876227600292197
1350 0.7869163517954975
1351 0.7862104537854157
1352 0.7855050657238207
1353 0.7848001873357777
1354 0.7840958183465705
1355 0.7833919584816995
1356 0.7826886074668815
1357 0.781985765028049
1358 0.7812834308913519
1359 0.780581604783159
1360 0.7798802864300624
1361 0.7791794755588805
1362 0.7784791718966638
1363 0.7777793751706971
1364 0.7770800851085017
1365 0.7763813014378352
1366 0.7756830238866886
1367 0.7749852521832773
1368 0.7742879860560367
1369 0.7735912252336091
1370 0.7728949694448334
1371 0.7721992184187356
1372 0.7715039718845202
1373 0.7708092295715643
1374 0.7701149912094167
1375 0.7694212565278006
1376 0.7687280252566178
1377 0.7680352971259591
1378 0.7673430718661171
1379 0.7666513492075967
1380 0.7659601288811299
1381 0.7652694106176859
1382 0.7645791941484815
1383 0.7638894792049876
1384 0.7632002655189323
1385 0.762511552822301
1386 0.7618233408473328
1387 0.7611356293265185
1388 0.760448417992591
1389 0.7597617065785199
1390 0.7590754948175052
1391 0.7583897824429726
1392 0.7577045691885672
1393 0.757019854788152
1394 0.7563356389758062
1395 0.7556519214858243
1396 0.7549687020527143
1397 0.7542859804111981
1398 0.7536037562962077
1399 0.7529220294428829
1400 0.752240799586568
1401 0.7515600664628063
1402 0.7508798298073366
1403 0.7502000893560888
1404 0.7495208448451822
1405 0.7488420960109249
1406 0.7481638425898152
1407 0.7474860843185478
1408 0.7468088209340209
1409 0.7461320521733461
1410 0.7454557777738582
1411 0.7447799974731291
1412 0.744104711008979
1413 0.7434299181194861
1414 0.7427556185429953
1415 0.7420818120181244
1416 0.7414084982837653
1417 0.7407356770790831
1418 0.7400633481435119
1419 0.7393915112167508
1420 0.7387201660387513
1421 0.7380493123497125
1422 0.73737894989007
1423 0.7367090784004884
1424 0.7360396976218557
1425 0.7353708072952784
1426 0.7347024071620791
1427 0.7340344969637967
1428 0.7333670764421858
1429 0.7327001453392199
1430 0.7320337033970952
1431 0.7313677503582326
1432 0.7307022859652812
1433 0.7300373099611195
1434 0.7293728220888599
1435 0.7287088220918486
1436 0.7280453097136667
1437 0.7273822846981327
1438 0.7267197467893041
1439 0.7260576957314797
1440 0.7253961312692029
1441 0.7247350531472652
1442 0.7240744611107122
1443 0.7234143549048473
1444 0.7227547342752373
1445 0.7220955989677174
1446 0.7214369487283935
1447 0.7207787833036461
1448 0.7201211024401297
1449 0.719463905884771
1450 0.7188071933847673
1451 0.7181509646875792
1452 0.7174952195409263
1453 0.7168399576927823
1454 0.7161851788913659
1455 0.7155308828851382
1456 0.7148770694227988
1457 0.714223738253284
1458 0.7135708891257669
1459 0.71291852178966
1460 0.7122666359946207
1461 0.7116152314905572
1462 0.7109643080276355
1463 0.7103138653562868
1464 0.7096639032272155
1465 0.7090144213914071
1466 0.7083654196001326
1467 0.7077168976049545
1468 0.7070688551577293
1469 0.7064212920106098
1470 0.7057742079160455
1471 0.7051276026267832
1472 0.7044814758958658
1473 0.7038358274766316
1474 0.7031906571227136
1475 0.7025459645880394
1476 0.7019017496268309
1477 0.7012580119936032
1478 0.7006147514431654
1479 0.69997196773062
1480 0.6993296606113626
1481 0.6986878298410805
1482 0.6980464751757492
1483 0.6974055963716319
1484 0.6967651931852752
1485 0.6961252653735063
1486 0.6954858126934297
1487 0.6948468349024263
1488 0.6942083317581494
1489 0.693570303018528
1490 0.6929327484417677
1491 0.6922956677863563
1492 0.6916590608110672
1493 0.6910229272749702
1494 0.6903872669374392
1495 0.6897520795581614
1496 0.6891173648971481
1497 0.6884831227147448
1498 0.6878493527716388
1499 0.6872160548288684
1500 0.6865832286478265
1501 0.6859508739902654
1502 0.6853189906182983
1503 0.6846875782943987
1504 0.6840566367813996
1505 0.6834261658424895
1506 0.682796165241211
1507 0.6821666347414554
1508 0.6815375741074604
1509 0.6809089831038075
1510 0.6802808614954192
1511 0.679653209047557
1512 0.6790260255258217
1513 0.678399310696154
1514 0.6777730643248354
1515 0.6771472861784886
1516 0.6765219760240798
1517 0.675897133628922
1518 0.6752727587606745
1519 0.6746488511873484
1520 0.6740254106773078
1521 0.6734024369992729
1522 0.6727799299223237
1523 0.6721578892159044
1524 0.6715363146498275
1525 0.6709152059942802
1526 0.670294563019828
1527 0.6696743854974239
1528 0.6690546731984129
1529 0.6684354258945401
1530 0.667816643357955
1531 0.6671983253612191
1532 0.6665804716773094
1533 0.665963082079623
1534 0.6653461563419798
1535 0.6647296942386242
1536 0.6641136955442251
1537 0.6634981600338763
1538 0.6628830874830947
1539 0.6622684776678213
1540 0.6616543303644176
1541 0.661040645349667
1542 0.6604274224007737
1543 0.659814661295365
1544 0.6592023618114912
1545 0.6585905237276315
1546 0.6579791468226966
1547 0.6573682308760336
1548 0.656757775667432
1549 0.6561477809771309
1550 0.6555382465858245
1551 0.6549291722746685
1552 0.6543205578252878
1553 0.6537124030197816
1554 0.6531047076407297
1555 0.652497471471197
1556 0.6518906942947393
1557 0.6512843758954083
1558 0.6506785160577558
1559 0.6500731145668375
1560 0.6494681712082185
1561 0.6488636857679774
1562 0.6482596580327091
1563 0.6476560877895309
1564 0.6470529748260843
1565 0.6464503189305404
1566 0.645848119891602
1567 0.6452463774985054
1568 0.6446450915410248
1569 0.6440442618094718
1570 0.6434438880946982
1571 0.6428439701880977
1572 0.6422445078816059
1573 0.6416455009677022
1574 0.6410469492394136
1575 0.6404488524903162
1576 0.6398512105145399
1577 0.6392540231067738
1578 0.6386572900622728
1579 0.6380610111768662
1580 0.6374651862469647
1581 0.6368698150695723
1582 0.6362748974422958
1583 0.6356804331633567
1584 0.6350864220316008
1585 0.6344928638465108
1586 0.6338997584082162
1587 0.6333071055175018
1588 0.6327149049758175
1589 0.6321231565852867
1590 0.6315318601487121
1591 0.6309410154695828
1592 0.6303506223520782
1593 0.6297606806010734
1594 0.6291711900221441
1595 0.6285821504215687
1596 0.627993561606335
1597 0.6274054233841415
1598 0.6268177355634026
1599 0.6262304979532526
1600 0.6256437103635512
1601 0.6250573726048883
1602 0.6244714844885889
1603 0.6238860458267196
1604 0.6233010564320952
1605 0.6227165161182842
1606 0.622132424699616
1607 0.6215487819911895
1608 0.6209655878088804
1609 0.6203828419693507
1610 0.6198005442900556
1611 0.6192186945892567
1612 0.6186372926860303
1613 0.6180563384002786
1614 0.6174758315527422
1615 0.616895771965012
1616 0.6163161594595414
1617 0.6157369938596594
1618 0.6151582749895824
1619 0.6145800026744274
1620 0.6140021767402245
1621 0.613424797013928
1622 0.6128478633234277
1623 0.6122713754975602
1624 0.6116953333661193
1625 0.6111197367598653
1626 0.6105445855105348
1627 0.6099698794508497
1628 0.6093956184145264
1629 0.6088218022362849
1630 0.6082484307518586
1631 0.6076755037980038
1632 0.6071030212125105
1633 0.6065309828342121
1634 0.6059593885029989
1635 0.6053882380598284
1636 0.6048175313467387
1637 0.6042472682068619
1638 0.6036774484844384
1639 0.6031080720248305
1640 0.6025391386745376
1641 0.6019706482812111
1642 0.60140260069367
1643 0.6008349957619167
1644 0.6002678333371517
1645 0.5997011132717904
1646 0.5991348354194795
1647 0.5985689996351132
1648 0.5980036057748499
1649 0.5974386536961286
1650 0.5968741432576864
1651 0.5963100743195755
1652 0.5957464467431799
1653 0.5951832603912325
1654 0.5946205151278332
1655 0.594058210818466
1656 0.5934963473300147
1657 0.5929349245307813
1658 0.5923739422905032
1659 0.5918134004803699
1660 0.5912532989730396
1661 0.5906936376426574
1662 0.5901344163648732
1663 0.5895756350168586
1664 0.5890172934773276
1665 0.5884593916265539
1666 0.5879019293463932
1667 0.5873449065203026
1668 0.5867883230333635
1669 0.586232178772305
1670 0.5856764736255273
1671 0.5851212074831265
1672 0.5845663802369199
1673 0.5840119917804734
1674 0.5834580420091271
1675 0.5829045308200237
1676 0.5823514581121352
1677 0.5817988237862908
1678 0.5812466277452057
1679 0.5806948698935087
1680 0.5801435501377694
1681 0.5795926683865286
1682 0.5790422245503238
1683 0.5784922185417195
1684 0.5779426502753351
1685 0.5773935196678731
1686 0.5768448266381484
1687 0.5762965711071173
1688 0.5757487529979072
1689 0.5752013722358461
1690 0.5746544287484938
1691 0.5741079224656728
1692 0.5735618533194996
1693 0.5730162212444171
1694 0.5724710261772276
1695 0.5719262680571267
1696 0.5713819468257378
1697 0.5708380624271474
1698 0.570294614807941
1699 0.5697516039172411
1700 0.5692090297067448
1701 0.5686668921307647
1702 0.5681251911462674
1703 0.5675839267129168
1704 0.5670430987931165
1705 0.5665027073520532
1706 0.5659627523577423
1707 0.5654232337810738
1708 0.5648841515958596
1709 0.5643455057788808
1710 0.5638072963099364
1711 0.5632695231718943
1712 0.5627321863507395
1713 0.5621952858356263
1714 0.561658821618929
1715 0.561122793696294
1716 0.5605872020666929
1717 0.5600520467324757
1718 0.5595173276994241
1719 0.5589830449768078
1720 0.5584491985774384
1721 0.5579157885177266
1722 0.5573828148177412
1723 0.5568502775012657
1724 0.5563181765958591
1725 0.5557865121329182
1726 0.5552552841477388
1727 0.5547244926795809
1728 0.5541941377717341
1729 0.5536642194715837
1730 0.5531347378306811
1731 0.5526056929048131
1732 0.5520770847540739
1733 0.5515489134429389
1734 0.5510211790403399
1735 0.5504938816197414
1736 0.5499670212592205
1737 0.5494405980415462
1738 0.548914612054262
1739 0.5483890633897691
1740 0.5478639521454127
1741 0.5473392784235697
1742 0.5468150423317368
1743 0.5462912439826229
1744 0.5457678834942405
1745 0.5452449609900015
1746 0.5447224765988137
1747 0.5442004304551789
1748 0.5436788226992934
1749 0.5431576534771507
1750 0.5426369229406457
1751 0.5421166312476801
1752 0.5415967785622717
1753 0.5410773650546656
1754 0.540558390901446
1755 0.5400398562856528
1756 0.5395217613968982
1757 0.5390041064314893
1758 0.53848689159255
1759 0.5379701170901477
1760 0.5374537831414229
1761 0.5369378899707218
1762 0.5364224378097316
1763 0.5359074268976202
1764 0.5353928574811772
1765 0.5348787298149611
1766 0.5343650441614484
1767 0.533851800791185
1768 0.5333389999829447
1769 0.5328266420238875
1770 0.5323147272097232
1771 0.5318032558448795
1772 0.5312922282426726
1773 0.5307816447254818
1774 0.5302715056249289
1775 0.5297618112820593
1776 0.5292525620475312
1777 0.5287437582818043
1778 0.5282354003553352
1779 0.5277274886487779
1780 0.5272200235531874
1781 0.5267130054702281
1782 0.5262064348123874
1783 0.525700312003194
1784 0.5251946374774421
1785 0.5246894116814192
1786 0.5241846350731417
1787 0.5236803081225929
1788 0.5231764313119703
1789 0.5226730051359357
1790 0.5221700301018747
1791 0.5216675067301598
1792 0.5211654355544212
1793 0.5206638171218244
1794 0.5201626519933561
1795 0.5196619407441146
1796 0.5191616839636102
1797 0.5186618822560713
1798 0.5181625362407608
1799 0.517663646552298
1800 0.5171652138409911
1801 0.5166672387731763
1802 0.5161697220315671
1803 0.5156726643156113
1804 0.5151760663418586
1805 0.5146799288443357
1806 0.5141842525749324
1807 0.5136890383037971
1808 0.5131942868197422
1809 0.512699998930659
1810 0.5122061754639449
1811 0.5117128172669395
1812 0.5112199252073742
1813 0.5107275001738303
1814 0.5102355430762112
1815 0.5097440548462261
1816 0.5092530364378866
1817 0.5087624888280146
1818 0.5082724130167671
1819 0.5077828100281709
1820 0.5072936809106753
1821 0.506805026737715
1822 0.5063168486082937
1823 0.5058291476475792
1824 0.5053419250075168
1825 0.5048551818674585
1826 0.504368919434809
1827 0.5038831389456924
1828 0.5033978416656328
1829 0.5029130288902577
1830 0.5024287019460183
1831 0.5019448621909313
1832 0.5014615110153401
1833 0.5009786498426999
1834 0.5004962801303811
1835 0.5000144033704976
1836 0.499533021090759
1837 0.4990521348553446
1838 0.4985717462658036
1839 0.4980918569619809
1840 0.4976124686229682
1841 0.4971335829680826
1842 0.4966552017578736
1843 0.4961773267951576
1844 0.4956999599260836
1845 0.4952231030412279
1846 0.4947467580767215
1847 0.4942709270154091
1848 0.4937956118880426
1849 0.4933208147745081
1850 0.4928465378050897
1851 0.4923727831617695
1852 0.491899553079566
1853 0.4914268498479123
1854 0.4909546758120739
1855 0.4904830333746095
1856 0.490011924996875
1857 0.4895413532005718
1858 0.489071320569342
1859 0.4886018297504111
1860 0.48813288345628
1861 0.4876644844664682
1862 0.487196635629309
1863 0.4867293398638002
1864 0.48626260016151
1865 0.4857964195885403
1866 0.485330801287551
1867 0.4848657484798459
1868 0.484401264467521
1869 0.4839373526356797
1870 0.4834740164547158
1871 0.4830112594826663
1872 0.4825490853676362
1873 0.4820874978502993
1874 0.481626500766475
1875 0.4811660980497849
1876 0.4807062937343929
1877 0.4802470919578277
1878 0.4797884969638965
1879 0.4793305131056863
1880 0.4788731448486597
1881 0.4784163967738485
1882 0.4779602735811455
1883 0.4775047800927001
1884 0.4770499212564201
1885 0.4765957021495834
1886 0.4761421279825629
1887 0.4756892041026691
1888 0.4752369359981126
1889 0.4747853293020923
1890 0.4743343897970121
1891 0.4738841234188299
1892 0.4734345362615447
1893 0.4729856345818245
1894 0.4725374248037803
1895 0.4720899135238909
1896 0.4716431075160825
1897 0.4711970137369682
1898 0.4707516393312527
1899 0.470306991637307
1900 0.4698630781929173
1901 0.4694199067412157
1902 0.4689774852367948
1903 0.4685358218520144
1904 0.468094924983504
1905 0.4676548032588687
1906 0.4672154655436013
1907 0.4667769209482107
1908 0.4663391788355671
1909 0.4659022488284751
1910 0.4654661408174777
1911 0.4650308649688981
1912 0.4645964317331258
1913 0.4641628518531529
1914 0.4637301363733669
1915 0.4632982966486057
1916 0.4628673443534819
1917 0.4624372914919821
1918 0.4620081504073472
1919 0.461579933792239
1920 0.4611526546992012
1921 0.4607263265514177
1922 0.4603009631537753
1923 0.4598765787042365
1924 0.459453187805525
1925 0.4590308054771318
1926 0.458609447167644
1927 0.4581891287674003
1928 0.4577698666214773
1929 0.4573516775430094
1930 0.4569345788268427
1931 0.456518588263527
1932 0.4561037241536446
1933 0.4556900053224761
1934 0.4552774511350011
1935 0.4548660815112337
1936 0.4544559169418866
1937 0.4540469785043596
1938 0.4536392878790471
1939 0.4532328673659544
1940 0.4528277399016146
1941 0.4524239290762935
1942 0.4520214591514686
1943 0.4516203550775652
1944 0.4512206425119312
1945 0.4508223478370295
1946 0.4504254981788215
1947 0.4500301214253165
1948 0.4496362462452523
1949 0.4492439021068748
1950 0.4488531192967754
1951 0.4484639289387439
1952 0.4480763630125873
1953 0.447690454372863
1954 0.4473062367674664
1955 0.4469237448560089
1956 0.4465430142279167
1957 0.4461640814201728
1958 0.4457869839346193
1959 0.4454117602547286
1960 0.4450384498617455
1961 0.4446670932500938
1962 0.444297731941932
1963 0.4439304085007359
1964 0.4435651665437741
1965 0.4432020507533339
1966 0.4428411068865462
1967 0.4424823817836475
1968 0.4421259233745043
1969 0.4417717806832174
1970 0.441420003830612
1971 0.4410706440344064
1972 0.4407237536068442
1973 0.4403793859495601
1974 0.4400375955454432
1975 0.4396984379472444
1976 0.4393619697626715
1977 0.4390282486356987
1978 0.4386973332238134
1979 0.4383692831709117
1980 0.4380441590755455
1981 0.4377220224542236
1982 0.4374029356994558
1983 0.4370869620322341
1984 0.4367741654486376
1985 0.4364646106602535
1986 0.4361583630281076
1987 0.4358554884898041
1988 0.435556053479585
1989 0.4352601248410341
1990 0.4349677697321634
1991 0.4346790555226455
1992 0.4343940496829781
1993 0.4341128196653993
1994 0.433835432776407
1995 0.4335619560407771
1996 0.4332924560570238
1997 0.4330269988442952
1998 0.4327656496807591
1999 0.432508472933598
2000 0.4322555318808026
2001 0.4320068885250331
2002 0.4317626033998981
2003 0.4315227353690933
2004 0.4312873414189325
2005 0.4310564764449059
2006 0.4308301930330019
2007 0.4306085412366359
2008 0.4303915683501349
2009 0.430179318679842
2010 0.4299718333140061
2011 0.4297691498927343
2012 0.4295713023793879
2013 0.4293783208348964
2014 0.4291902311965605
2015 0.4290070550629921
2016 0.4288288094869119
2017 0.42865550677758
2018 0.4284871543146803
2019 0.4283237543754951
2020 0.4281653039772195
2021 0.428011794736241
2022 0.4278632127461743
2023 0.42771953847637
2024 0.4275807466925376
2025 0.4274468064009972
2026 0.4273176808179367
2027 0.4271933273648902
2028 0.4270736976914536
2029 0.4269587377260448
2030 0.4268483877552776
2031 0.4267425825322663
2032 0.426641251413903
2033 0.4265443185268729
2034 0.4264517029618762
2035 0.4263633189952327
2036 0.4262790763367509
2037 0.4261988804024519
2038 0.4261226326104595
2039 0.4260502306981073
2040 0.4259815690580633
2041 0.4259165390910578
2042 0.4258550295726063
2043 0.4257969270309624
2044 0.425742116133408
2045 0.4256904800779062
2046 0.425641900987093
2047 0.4255962603015778
2048 0.4255534391695547
2049 0.425513318829805
2050 0.425475780985277
2051 0.4254407081645789
2052 0.4254079840689007
2053 0.4253774939020911
2054 0.4253491246818461
2055 0.4253227655302274
2056 0.4252983079419918
2057 0.4252756460295028
2058 0.4252546767432762
2059 0.4252353000675073
2060 0.4252174191902046
2061 0.4252009406478391
2062 0.4251857744446805
2063 0.4251718341472373
2064 0.4251590369544538
2065 0.4251473037445207
2066 0.4251365590993431
2067 0.4251267313078703
2068 0.4251177523496254
2069 0.4251095578598799
2070 0.4251020870780031
2071 0.4250952827805728
2072 0.4250890912008661
2073 0.4250834619363599
2074 0.42507834784586
2075 0.4250737049378498
2076 0.4250694922515998
2077 0.4250656717325206
2078 0.4250622081031672
2079 0.4250590687312191
2080 0.4250562234956665
2081 0.4250536446523391
2082 0.4250513066998083
2083 0.425049186246591
2084 0.4250472618804806
2085 0.4250455140407257
2086 0.4250439248936766
2087 0.4250424782124252
2088 0.4250411592608677
2089 0.4250399546825352
2090 0.4250388523944559
2091 0.4250378414862344
2092 0.4250369121244706
2093 0.4250360554625745
2094 0.4250352635559793
2095 0.4250345292827075
2096 0.4250338462692027
2097 0.4250332088213034
2098 0.4250326118602032
2099 0.4250320508632218
2100 0.4250315218091871
2101 0.4250310211282155
2102 0.4250305456556691
2103 0.4250300925900558
2104 0.4250296594546419
2105 0.4250292440625404
2106 0.4250288444850442
2107 0.425028459022973
2108 0.4250280861808151
2109 0.4250277246434459
2110 0.4250273732552179
2111 0.4250270310012246
2112 0.4250266969905501
2113 0.4250263704413309
2114 0.4250260506674609
2115 0.4250257370667855
2116 0.4250254291106419
2117 0.4250251263346094
2118 0.4250248283303502
2119 0.4250245347384228
2120 0.4250242452419686
2121 0.4250239595611731
2122 0.425023677448418
2123 0.4250233986840461
2124 0.4250231230726665
2125 0.4250228504399383
2126 0.4250225806297755
2127 0.4250223135019214
2128 0.425022048929847
2129 0.4250217867989328
2130 0.4250215270048989
2131 0.4250212694524496
2132 0.4250210140541063
2133 0.4250207607292023
2134 0.4250205094030188
2135 0.4250202600060417
2136 0.4250200124733244
2137 0.4250197667439404
2138 0.4250195227605131
2139 0.4250192804688133
2140 0.4250190398174131
2141 0.4250188007573881
2142 0.4250185632420633
2143 0.4250183272267924
2144 0.4250180926687692
2145 0.4250178595268637
2146 0.4250176277614811
2147 0.4250173973344392
2148 0.425017168208862
2149 0.4250169403490861
2150 0.4250167137205794
2151 0.4250164882898693
2152 0.4250162640244795
2153 0.4250160408928733
2154 0.4250158188644031
2155 0.4250155979092656
2156 0.4250153779984609
2157 0.4250151591037555
2158 0.4250149411976479
2159 0.4250147242533389
2160 0.4250145082447015
2161 0.4250142931462554
2162 0.4250140789331415
2163 0.4250138655810994
2164 0.4250136530664455
2165 0.4250134413660521
2166 0.4250132304573284
2167 0.4250130203182022
2168 0.4250128109271019
2169 0.4250126022629404
2170 0.4250123943050989
2171 0.4250121870334114
2172 0.425011980428151
2173 0.425011774470015
2174 0.4250115691401123
2175 0.42501136441995
2176 0.4250111602914215
2177 0.4250109567367944
2178 0.4250107537386993
2179 0.4250105512801189
2180 0.4250103493443774
2181 0.4250101479151308
2182 0.4250099469763566
2183 0.4250097465123455
2184 0.4250095465076912
2185 0.425009346947283
2186 0.4250091478162968
2187 0.4250089491001875
2188 0.4250087507846808
2189 0.4250085528557662
2190 0.4250083552996897
2191 0.425008158102947
2192 0.4250079612522764
2193 0.4250077647346525
2194 0.4250075685372797
2195 0.4250073726475863
2196 0.4250071770532182
2197 0.4250069817420327
2198 0.4250067867020935
2199 0.4250065919216647
2200 0.425006397389205
2201 0.4250062030933626
2202 0.4250060090229703
2203 0.4250058151670398
2204 0.4250056215147568
2205 0.4250054280554758
2206 0.4250052347787155
2207 0.4250050416741544
2208 0.4250048487316252
2209 0.4250046559411113
2210 0.4250044632927414
2211 0.425004270776786
2212 0.4250040783836527
2213 0.4250038861038817
2214 0.4250036939281426
2215 0.42500350184723
2216 0.4250033098520594
2217 0.4250031179336641
2218 0.4250029260831913
2219 0.4250027342918983
2220 0.4250025425511491
2221 0.4250023508524116
2222 0.4250021591872538
2223 0.4250019675473405
2224 0.4250017759244307
2225 0.4250015843103744
2226 0.4250013926971093
2227 0.4250012010766582
2228 0.425001009441126
2229 0.4250008177826974
2230 0.4250006260936339
2231 0.425000434366271
2232 0.4250002425930156
2233 0.4250000507663441
2234 0.4249998588787993
2235 0.4249996669229885
2236 0.4249994748915811
2237 0.4249992827773061
2238 0.4249990905729506
2239 0.4249988982713571
2240 0.4249987058654217
2241 0.4249985133480926
2242 0.4249983207123679
2243 0.4249981279512944
2244 0.4249979350579657
2245 0.4249977420255209
2246 0.4249975488471431
2247 0.4249973555160582
2248 0.4249971620255342
2249 0.4249969683688799
2250 0.4249967745394436
2251 0.4249965805306129
2252 0.4249963863358139
2253 0.4249961919485106
2254 0.4249959973622039
2255 0.4249958025704314
2256 0.4249956075667674
2257 0.424995412344822
2258 0.4249952168982413
2259 0.4249950212207066
2260 0.4249948253059342
2261 0.4249946291476752
2262 0.4249944327397154
2263 0.4249942360758744
2264 0.4249940391500062
2265 0.4249938419559977
2266 0.4249936444877688
2267 0.4249934467392715
2268 0.4249932487044896
2269 0.4249930503774382
2270 0.4249928517521622
2271 0.4249926528227359
2272 0.424992453583262
2273 0.4249922540278708
2274 0.4249920541507183
2275 0.4249918539459862
2276 0.4249916534078791
2277 0.4249914525306246
2278 0.4249912513084712
2279 0.4249910497356865
2280 0.4249908478065566
2281 0.4249906455153835
2282 0.4249904428564846
2283 0.4249902398241902
2284 0.4249900364128426
2285 0.4249898326167937
2286 0.4249896284304038
2287 0.4249894238480402
2288 0.4249892188640753
2289 0.4249890134728845
2290 0.4249888076688459
2291 0.4249886014463379
2292 0.4249883947997379
2293 0.4249881877234208
2294 0.4249879802117577
2295 0.4249877722591146
2296 0.4249875638598508
2297 0.4249873550083182
2298 0.4249871456988599
2299 0.4249869359258085
2300 0.4249867256834859
2301 0.424986514966202
2302 0.4249863037682536
2303 0.4249860920839234
2304 0.4249858799074794
2305 0.4249856672331745
2306 0.4249854540552448
2307 0.4249852403679099
2308 0.4249850261653718
2309 0.4249848114418147
2310 0.4249845961914046
2311 0.4249843804082882
2312 0.4249841640865936
2313 0.4249839472204293
2314 0.4249837298038844
2315 0.4249835118310283
2316 0.4249832932959102
2317 0.4249830741925599
2318 0.4249828545149872
2319 0.424982634257182
2320 0.4249824134131146
2321 0.4249821919767356
2322 0.4249819699419762
2323 0.4249817473027482
2324 0.4249815240529441
2325 0.4249813001864375
2326 0.4249810756970835
2327 0.4249808505787178
2328 0.4249806248251579
2329 0.4249803984302028
2330 0.4249801713876329
2331 0.4249799436912099
2332 0.4249797153346773
2333 0.4249794863117597
2334 0.4249792566161628
2335 0.4249790262415734
2336 0.4249787951816585
2337 0.4249785634300654
2338 0.4249783309804209
2339 0.4249780978263306
2340 0.4249778639613787
2341 0.4249776293791268
2342 0.4249773940731132
2343 0.424977158036852
2344 0.4249769212638321
2345 0.4249766837475161
2346 0.4249764454813391
2347 0.4249762064587078
2348 0.4249759666729989
2349 0.424975726117558
2350 0.4249754847856982
2351 0.4249752426706986
2352 0.4249749997658032
2353 0.4249747560642194
2354 0.4249745115591166
2355 0.4249742662436243
2356 0.4249740201108314
2357 0.4249737731537843
2358 0.4249735253654851
2359 0.4249732767388914
2360 0.4249730272669137
2361 0.4249727769424144
2362 0.4249725257582067
2363 0.4249722737070527
2364 0.4249720207816627
2365 0.4249717669746935
2366 0.4249715122787471
2367 0.4249712566863699
2368 0.4249710001900511
2369 0.4249707427822216
2370 0.4249704844552531
2371 0.4249702252014569
2372 0.4249699650130828
2373 0.4249697038823181
2374 0.4249694418012868
2375 0.4249691787620485
2376 0.424968914756598
2377 0.4249686497768642
2378 0.4249683838147091
2379 0.4249681168619283
2380 0.424967848910249
2381 0.4249675799513305
2382 0.4249673099767632
2383 0.4249670389780687
2384 0.4249667669466996
2385 0.4249664938740386
2386 0.424966219751399
2387 0.4249659445700244
2388 0.4249656683210888
2389 0.4249653909956965
2390 0.4249651125848823
2391 0.4249648330796115
2392 0.4249645524707801
2393 0.4249642707492149
2394 0.4249639879056734
2395 0.4249637039308446
2396 0.4249634188153484
2397 0.4249631325497357
2398 0.4249628451244887
2399 0.4249625565300205
2400 0.4249622667566747
2401 0.4249619757947254
2402 0.4249616836343763
2403 0.4249613902657608
2404 0.4249610956789402
2405 0.4249607998639036
2406 0.4249605028105661
2407 0.4249602045087681
2408 0.4249599049482733
2409 0.4249596041187676
2410 0.4249593020098564
2411 0.4249589986110637
2412 0.4249586939118292
2413 0.4249583879015059
2414 0.4249580805693585
2415 0.4249577719045599
2416 0.4249574618961892
2417 0.4249571505332285
2418 0.4249568378045606
2419 0.4249565236989659
2420 0.4249562082051192
2421 0.4249558913115874
2422 0.4249555730068261
2423 0.424955253279177
2424 0.4249549321168653
2425 0.4249546095079964
2426 0.4249542854405537
2427 0.4249539599023957
2428 0.4249536328812535
2429 0.4249533043647285
2430 0.4249529743402902
2431 0.4249526427952734
2432 0.4249523097168769
2433 0.4249519750921605
2434 0.424951638908044
2435 0.4249513011513049
2436 0.4249509618085768
2437 0.4249506208663472
2438 0.4249502783109569
2439 0.4249499341285978
2440 0.4249495883053113
2441 0.4249492408269875
2442 0.4249488916793631
2443 0.4249485408480207
2444 0.424948188318387
2445 0.4249478340757317
2446 0.4249474781051659
2447 0.424947120391641
2448 0.4249467609199475
2449 0.4249463996747132
2450 0.4249460366404023
2451 0.4249456718013134
2452 0.4249453051415786
2453 0.424944936645162
2454 0.4249445662958576
2455 0.4249441940772886
2456 0.4249438199729051
2457 0.424943443965983
2458 0.424943066039622
2459 0.4249426861767438
2460 0.4249423043600907
2461 0.4249419205722235
2462 0.4249415347955198
2463 0.4249411470121718
2464 0.4249407572041842
2465 0.4249403653533724
2466 0.42493997144136
2467 0.4249395754495764
2468 0.4249391773592545
2469 0.4249387771514276
2470 0.4249383748069275
2471 0.4249379703063805
2472 0.424937563630205
2473 0.4249371547586077
2474 0.4249367436715806
2475 0.4249363303488964
2476 0.4249359147701052
2477 0.4249354969145296
2478 0.424935076761261
2479 0.4249346542891546
2480 0.4249342294768236
2481 0.4249338023026349
2482 0.4249333727447037
2483 0.4249329407808871
2484 0.4249325063887792
2485 0.4249320695457042
2486 0.4249316302287111
2487 0.4249311884145661
2488 0.4249307440797475
2489 0.424930297200438
2490 0.4249298477525191
2491 0.4249293957115641
2492 0.4249289410528311
2493 0.4249284837512567
2494 0.4249280237814498
2495 0.4249275611176843
2496 0.4249270957338933
2497 0.4249266276036623
2498 0.4249261567002238
2499 0.4249256829964501
2500 0.4249252064648482
2501 0.4249247270775536
2502 0.4249242448063248
2503 0.4249237596225381
2504 0.4249232714971815
2505 0.4249227804008499
2506 0.4249222863037397
2507 0.4249217891756443
2508 0.4249212889859482
2509 0.424920785703623
2510 0.4249202792972219
2511 0.4249197697348749
2512 0.4249192569842843
2513 0.4249187410127194
2514 0.4249182217870112
2515 0.4249176992735482
2516 0.42491717343827
2517 0.4249166442466627
2518 0.4249161116637525
2519 0.4249155756541005
2520 0.4249150361817955
2521 0.4249144932104486
2522 0.4249139467031852
2523 0.4249133966226383
2524 0.4249128429309411
2525 0.4249122855897176
2526 0.4249117245600748
2527 0.4249111598025935
2528 0.4249105912773183
2529 0.4249100189437477
2530 0.424909442760823
2531 0.424908862686917
2532 0.424908278679823
2533 0.4249076906967414
2534 0.4249070986942676
2535 0.4249065026283779
2536 0.4249059024544167
2537 0.4249052981270816
2538 0.4249046896004091
2539 0.4249040768277589
2540 0.4249034597617996
2541 0.4249028383544922
2542 0.4249022125570744
2543 0.4249015823200443
2544 0.4249009475931433
2545 0.4249003083253407
2546 0.4248996644648154
2547 0.4248990159589395
2548 0.4248983627542605
2549 0.4248977047964841
2550 0.4248970420304563
2551 0.4248963744001453
2552 0.424895701848624
2553 0.4248950243180504
2554 0.4248943417496499
2555 0.4248936540836963
2556 0.4248929612594922
2557 0.42489226321535
2558 0.4248915598885717
2559 0.4248908512154291
2560 0.4248901371311429
2561 0.424889417569862
2562 0.4248886924646416
2563 0.4248879617474227
2564 0.4248872253490081
2565 0.424886483199041
2566 0.4248857352259808
2567 0.4248849813570795
2568 0.4248842215183576
2569 0.4248834556345785
2570 0.424882683629223
2571 0.4248819054244629
2572 0.4248811209411332
2573 0.4248803300987056
2574 0.4248795328152585
2575 0.424878729007448
2576 0.4248779185904775
2577 0.4248771014780661
2578 0.4248762775824166
2579 0.424875446814182
2580 0.424874609082431
2581 0.4248737642946132
2582 0.4248729123565221
2583 0.4248720531722573
2584 0.4248711866441863
2585 0.4248703126729042
2586 0.4248694311571924
2587 0.4248685419939763
2588 0.4248676450782811
2589 0.4248667403031873
2590 0.4248658275597837
2591 0.4248649067371196
2592 0.4248639777221554
2593 0.4248630403997118
2594 0.4248620946524169
2595 0.4248611403606526
2596 0.4248601774024977
2597 0.4248592056536711
2598 0.4248582249874713
2599 0.4248572352747156
2600 0.4248562363836751
2601 0.4248552281800098
2602 0.4248542105266998
2603 0.4248531832839747
2604 0.4248521463092407
2605 0.4248510994570049
2606 0.4248500425787967
2607 0.4248489755230873
2608 0.4248478981352056
2609 0.4248468102572522
2610 0.4248457117280086
2611 0.4248446023828459
2612 0.4248434820536284
2613 0.4248423505686153
2614 0.4248412077523586
2615 0.4248400534255977
2616 0.4248388874051509
2617 0.4248377095038032
2618 0.4248365195301904
2619 0.42483531728868
2620 0.424834102579247
2621 0.4248328751973472
2622 0.4248316349337852
2623 0.424830381574578
2624 0.4248291149008145
2625 0.4248278346885095
2626 0.4248265407084532
2627 0.4248252327260545
2628 0.4248239105011796
2629 0.4248225737879833
2630 0.4248212223347362
2631 0.4248198558836427
2632 0.4248184741706544
2633 0.4248170769252747
2634 0.4248156638703569
2635 0.4248142347218937
2636 0.4248127891887989
2637 0.4248113269726799
2638 0.424809847767601
2639 0.4248083512598375
2640 0.4248068371276193
2641 0.4248053050408633
2642 0.4248037546608949
2643 0.4248021856401571
2644 0.4248005976219067
2645 0.4247989902398966
2646 0.4247973631180439
2647 0.4247957158700811
2648 0.4247940480991919
2649 0.4247923593976278
2650 0.4247906493463058
2651 0.4247889175143854
2652 0.4247871634588223
2653 0.4247853867238988
2654 0.4247835868407275
2655 0.4247817633267269
2656 0.4247799156850653
2657 0.4247780434040729
2658 0.4247761459566158
2659 0.4247742227994304
2660 0.424772273372414
2661 0.4247702970978659
2662 0.4247682933796755
2663 0.424766261602449
2664 0.4247642011305682
2665 0.4247621113071743
2666 0.4247599914530646
2667 0.4247578408654898
2668 0.4247556588168417
2669 0.4247534445532098
2670 0.4247511972927911
2671 0.4247489162241293
2672 0.4247466005041556
2673 0.4247442492560019
2674 0.4247418615665463
2675 0.4247394364836509
2676 0.4247369730130386
2677 0.4247344701147517
2678 0.4247319266991207
2679 0.4247293416221652
2680 0.4247267136803312
2681 0.424724041604456
2682 0.4247213240528357
2683 0.4247185596032463
2684 0.424715746743752
2685 0.4247128838621035
2686 0.4247099692335047
2687 0.4247070010064878
2688 0.4247039771866045
2689 0.4247008956175946
2690 0.424697753959651
2691 0.4246945496643426
2692 0.4246912799457028
2693 0.4246879417469231
2694 0.4246845317020222
2695 0.4246810460917816
2696 0.4246774807931529
2697 0.4246738312212464
2698 0.4246700922629131
2699 0.4246662582008172
2700 0.4246623226267797
2701 0.4246582783430486
2702 0.4246541172500126
2703 0.4246498302187376
2704 0.4246454069465508
2705 0.4246408357937425
2706 0.4246361035992971
2707 0.4246311954733934
2708 0.42462609456425
2709 0.4246207817967206
2710 0.4246152355798767
2711 0.4246094314806512
2712 0.4246033418604607
2713 0.4245969354715785
2714 0.4245901770098982
2715 0.424583026620616
2716 0.4245754393532724
2717 0.4245673645625314
2718 0.4245587452510519
2719 0.4245495173508192
2720 0.4245396089393667
2721 0.4245289393874296
2722 0.4245174184347502
2723 0.4245049451909919
2724 0.4244914070590323
2725 0.4244766785783019
2726 0.4244606201863147
2727 0.4244430768971089
2728 0.4244238768959883
2729 0.4244028300507299
2730 0.4243797263403009
2731 0.4243543342031263
2732 0.4243263988080402
2733 0.4242956402522764
2734 0.4242617516921688
2735 0.4242243974136665
2736 0.4241832108512881
2737 0.4241377925657701
2738 0.4240877081923539
2739 0.4240324863734353
2740 0.4239716166911165
2741 0.4239045476170621
2742 0.4238306844989277
2743 0.4237493876044948
2744 0.4236599702464683
2745 0.4235616970126533
2746 0.4234537821278961
2747 0.4233353879757049
2748 0.4232056238088497
2749 0.4230635446794097
2750 0.4229081506196825
2751 0.4227383861060459
2752 0.4225531398382226
2753 0.4223512448664287
2754 0.4221314790985382
2755 0.4218925662186386
2756 0.4216331770471686
2757 0.421351931371187
2758 0.4210474002712008
2759 0.4207181089683771
2760 0.4203625402128586
2761 0.4199791382303008
2762 0.4195663132396604
2763 0.4191224465506939
2764 0.4186458962446027
2765 0.4181350034358175
2766 0.4175880991070796
2767 0.4170035115038149
2768 0.4163795740673432
2769 0.4157146338798028
2770 0.415007060586864
2771 0.4142552557574256
2772 0.413457662632635
2773 0.4126127762098236
2774 0.4117191536004031
2775 0.4107754245945207
2776 0.4097803023594219
2777 0.4087325941931093
2778 0.4076312122501203
2779 0.4064751841521602
2780 0.4052636633930078
2781 0.4039959394446466
2782 0.4026714474700242
2783 0.4012897775472831
2784 0.3998506833107774
2785 0.3983540899157361
2786 0.3968001012360739
2787 0.3951890062086069
2788 0.3935212842417799
2789 0.3917976096129477
2790 0.3900188547852297
2791 0.388186092582927
2792 0.3863005971733781
2793 0.3843638438128547
2794 0.3823775073245632
2795 0.3803434592879052
2796 0.3782637639297437
2797 0.3761406727203844
2798 0.3739766176891701
2799 0.3717742034868577
2800 0.3695361982341513
2801 0.3672655232077359
2802 0.364965241426762
2803 0.3626385452138043
2804 0.3602887428147266
2805 0.3579192441714817
2806 0.3555335459505522
2807 0.3531352159373541
2808 0.350727876913412
2809 0.3483151901383563
2810 0.3459008385627436
2811 0.3434885099003023
2812 0.3410818796894187
2813 0.3386845944735071
2814 0.3363002552283417
2815 0.3339324011615016
2816 0.3315844940048394
2817 0.3292599029153844
2818 0.3269618900934136
2819 0.3246935972186679
2820 0.3224580327969519
2821 0.3202580604997693
2822 0.3180963885693218
2823 0.3159755603502942
2824 0.3138979459984926
2825 0.3118657354047432
2826 0.3098809323606441
2827 0.3079453499809486
2828 0.306060607385661
2829 0.3042281276335138
2830 0.3024491368874725
2831 0.3007246647824207
2832 0.2990555459553051
2833 0.2974424226888838
2834 0.2958857486118923
2835 0.2943857933910025
2836 0.2929426483434456
2837 0.2915562328936565
2838 0.2902263017927871
2839 0.2889524530164574
2840 0.2877341362536496
2841 0.2865706618981998
2842 0.2854612104538682
2843 0.2844048422644366
2844 0.2834005074816383
2845 0.2824470561859194
2846 0.2815432485779756
2847 0.2806877651626596
2848 0.2798792168511017
2849 0.2791161549116672
2850 0.2783970807056014
2851 0.277720455148786
2852 0.2770847078468838
2853 0.2764882458571825
2854 0.2759294620365847
2855 0.2754067429413613
2856 0.2749184762503973
2857 0.2744630576896692
2858 0.2740388974415139
2859 0.2736444260278469
2860 0.2732780996618014
2861 0.2729384050672511
2862 0.2726238637703166
2863 0.2723330358712061
2864 0.2720645233085937
2865 0.2718169726321642
2866 0.2715890773019711
2867 0.271379579535827
2868 0.2711872717281164
2869 0.2710109974651705
2870 0.2708496521636974
2871 0.270702183359739
2872 0.2705675906762466
2873 0.270444925497651
2874 0.2703332903797818
2875 0.2702318382231907
2876 0.2701397712373819
2877 0.2700563397226785
2878 0.2699808406954914
2879 0.2699126163816271
2880 0.2698510526010108
2881 0.2697955770658316
2882 0.2697456576126639
2883 0.2697008003876161
2884 0.2696605480020117
2885 0.2696244776745583
2886 0.2695921993744045
2887 0.2695633539779653
2888 0.2695376114508981
2889 0.2695146690651787
2890 0.2694942496598404
2891 0.2694760999526312
2892 0.2694599889086053
2893 0.2694457061705158
2894 0.269433060554799
2895 0.2694218786159621
2896 0.2694120032812886
2897 0.2694032925569657
2898 0.2693956183060184
2899 0.2693888650977903
2900 0.2693829291281579
2901 0.269377717209175
2902 0.2693731458264413
2903 0.2693691402621396
2904 0.269365633781411
2905 0.269362566879515
2906 0.2693598865870517
2907 0.2693575458304042
2908 0.2693555028444809
2909 0.2693537206347994
2910 0.2693521664859453
2911 0.2693508115134638
2912 0.269349630256291
2913 0.2693486003068976
2914 0.2693477019764052
2915 0.2693469179920377
2916 0.2693462332243744
2917 0.2693456344419979
2918 0.26934511009125
2919 0.2693446500989363
2920 0.2693442456959537
2921 0.26934388925994
2922 0.2693435741751774
2923 0.2693432947081045
2924 0.2693430458969145
2925 0.2693428234538366
2926 0.2693426236788081
2927 0.2693424433833554
2928 0.2693422798236022
2929 0.2693421306414199
2930 0.2693419938128261
2931 0.2693418676028206
2932 0.2693417505259286
2933 0.2693416413117891
2934 0.2693415388751989
2935 0.2693414422900808
2936 0.2693413507669002
2937 0.2693412636331097
2938 0.2693411803162425
2939 0.269341100329323
2940 0.2693410232582966
2941 0.2693409487512198
2942 0.2693408765089782
2943 0.2693408062773311
2944 0.2693407378401035
2945 0.2693406710133708
2946 0.2693406056404996
2947 0.2693405415879253
2948 0.2693404787415632
2949 0.2693404170037636
2950 0.2693403562907325
2951 0.2693402965303495
2952 0.2693402376603266
2953 0.2693401796266559
2954 0.2693401223823029
2955 0.2693400658861099
2956 0.2693400101018747
2957 0.26933995499758
2958 0.2693399005447484
2959 0.269339846717903
2960 0.2693397934941177
2961 0.2693397408526417
2962 0.2693396887745849
2963 0.2693396372426549
2964 0.2693395862409376
2965 0.26933953575471
2966 0.2693394857702844
2967 0.269339436274873
2968 0.2693393872564724
2969 0.269339338703764
2970 0.2693392906060256
2971 0.2693392429530538
2972 0.2693391957350957
2973 0.2693391489427868
2974 0.2693391025670971
2975 0.269339056599283
2976 0.2693390110308457
2977 0.2693389658534953
2978 0.269338921059122
2979 0.2693388766397737
2980 0.2693388325876387
2981 0.2693387888950364
2982 0.2693387455544133
2983 0.2693387025583448
2984 0.2693386598995418
2985 0.269338617570862
2986 0.2693385755653239
2987 0.2693385338761234
2988 0.2693384924966516
2989 0.269338451420511
2990 0.2693384106415314
2991 0.269338370153782
2992 0.2693383299515813
2993 0.2693382900295005
2994 0.2693382503823631
2995 0.2693382110052389
2996 0.269338171893432
2997 0.269338133042465
2998 0.2693380944480577
2999 0.2693380561061018
3000 0.269338018012635
3001 0.2693379801638112
3002 0.2693379425558722
3003 0.2693379051851196
3004 0.2693378680478887
3005 0.2693378311405251
3006 0.2693377944593667
3007 0.2693377580007281
3008 0.2693377217608909
3009 0.2693376857360979
3010 0.2693376499225532
3011 0.2693376143164252
3012 0.2693375789138541
3013 0.2693375437109624
3014 0.2693375087038674
3015 0.2693374738886952
3016 0.269337439261596
3017 0.2693374048187593
3018 0.2693373705564289
3019 0.2693373364709167
3020 0.2693373025586162
3021 0.2693372688160134
3022 0.2693372352396977
3023 0.2693372018263701
3024 0.2693371685728503
3025 0.2693371354760825
3026 0.269337102533139
3027 0.2693370697412222
3028 0.269337037097665
3029 0.2693370045999284
3030 0.2693369722455973
3031 0.2693369400323729
3032 0.2693369079580628
3033 0.2693368760205673
3034 0.2693368442178629
3035 0.2693368125479822
3036 0.2693367810089919
3037 0.2693367495989677
3038 0.2693367183159684
3039 0.2693366871580096
3040 0.2693366561230379
3041 0.2693366252089084
3042 0.2693365944133657
3043 0.2693365637340296
3044 0.2693365331683895
3045 0.269336502713804
3046 0.2693364723675112
3047 0.2693364421266472
3048 0.2693364119882738
3049 0.2693363819494138
3050 0.2693363520070938
3051 0.2693363221583921
3052 0.2693362924004896
3053 0.2693362627307206
3054 0.2693362331466231
3055 0.2693362036459814
3056 0.2693361742268641
3057 0.2693361448876491
3058 0.2693361156270392
3059 0.2693360864440624
3060 0.2693360573380594
3061 0.2693360283086574
3062 0.2693359993557306
3063 0.2693359704793494
3064 0.2693359416797221
3065 0.2693359129571297
3066 0.2693358843118581
3067 0.2693358557441322
3068 0.2693358272540528
3069 0.2693357988415425
3070 0.2693357705063002
3071 0.2693357422477691
3072 0.2693357140651171
3073 0.2693356859572324
3074 0.2693356579227321
3075 0.2693356299599833
3076 0.2693356020671365
3077 0.2693355742421658
3078 0.2693355464829163
3079 0.269335518787154
3080 0.2693354911526157
3081 0.2693354635770563
3082 0.2693354360582911
3083 0.2693354085942316
3084 0.2693353811829131
3085 0.2693353538225138
3086 0.2693353265113658
3087 0.2693352992479583
3088 0.2693352720309345
3089 0.2693352448590824
3090 0.2693352177313236
3091 0.2693351906466993
3092 0.2693351636043559
3093 0.269335136603532
3094 0.2693351096435453
3095 0.2693350827237831
3096 0.2693350558436921
3097 0.2693350290027696
3098 0.2693350022005554
3099 0.2693349754366199
3100 0.2693349487105522
3101 0.269334922021942
3102 0.2693348953703592
3103 0.2693348687553275
3104 0.2693348421762946
3105 0.2693348156325991
3106 0.2693347891234364
3107 0.269334762647825
3108 0.2693347362045768
3109 0.2693347097922746
3110 0.269334683409258
3111 0.2693346570536229
3112 0.2693346307232347
3113 0.2693346044157579
3114 0.2693345781287023
3115 0.2693345518594837
3116 0.2693345256054996
3117 0.2693344993642136
3118 0.2693344731332479
3119 0.2693344469104756
3120 0.2693344206941084
3121 0.2693343944827738
3122 0.2693343682755768
3123 0.2693343420721391
3124 0.2693343158726145
3125 0.2693342896776758
3126 0.2693342634884733
3127 0.2693342373065657
3128 0.2693342111338269
3129 0.269334184972331
3130 0.269334158824225
3131 0.269334132691593
3132 0.2693341065763226
3133 0.2693340804799797
3134 0.2693340544037
3135 0.2693340283481046
3136 0.2693340023132429
3137 0.2693339762985699
3138 0.2693339503029555
3139 0.2693339243247283
3140 0.2693338983617481
3141 0.2693338724115052
3142 0.2693338464712368
3143 0.2693338205380563
3144 0.2693337946090836
3145 0.2693337686815709
3146 0.2693337427530141
3147 0.2693337168212448
3148 0.2693336908844951
3149 0.2693336649414356
3150 0.2693336389911822
3151 0.2693336130332746
3152 0.2693335870676295
3153 0.2693335610944723
3154 0.269333535114256
3155 0.2693335091275718
3156 0.2693334831350606
3157 0.2693334571373311
3158 0.2693334311348924
3159 0.2693334051281029
3160 0.2693333791171404
3161 0.2693333531019935
3162 0.269333327082472
3163 0.2693333010582345
3164 0.2693332750288273
3165 0.2693332489937281
3166 0.2693332229523915
3167 0.2693331969042844
3168 0.2693331708489115
3169 0.2693331447858231
3170 0.2693331187146036
3171 0.2693330926348408
3172 0.2693330665460782
3173 0.2693330404477527
3174 0.2693330143391252
3175 0.2693329882192101
3176 0.2693329620867141
3177 0.2693329359399892
3178 0.2693329097770111
3179 0.2693328835953864
3180 0.2693328573923954
3181 0.2693328311650695
3182 0.2693328049103029
3183 0.2693327786249943
3184 0.2693327523062093
3185 0.2693327259513535
3186 0.2693326995583445
3187 0.269332673125767
3188 0.2693326466530007
3189 0.2693326201403038
3190 0.2693325935888476
3191 0.2693325670006891
3192 0.2693325403786851
3193 0.2693325137263444
3194 0.2693324870476274
3195 0.2693324603467037
3196 0.2693324336276812
3197 0.2693324068943259
3198 0.2693323801497891
3199 0.2693323533963633
3200 0.2693323266352843
3201 0.2693322998665932
3202 0.2693322730890708
3203 0.2693322463002527
3204 0.2693322194965242
3205 0.2693321926732919
3206 0.2693321658252233
3207 0.269332138946539
3208 0.2693321120313384
3209 0.2693320850739405
3210 0.2693320580692118
3211 0.2693320310128637
3212 0.2693320039016944
3213 0.2693319767337591
3214 0.2693319495084562
3215 0.2693319222265209
3216 0.2693318948899272
3217 0.2693318675017059
3218 0.2693318400656904
3219 0.2693318125862116
3220 0.2693317850677636
3221 0.2693317575146684
3222 0.2693317299307636
3223 0.2693317023191379
3224 0.2693316746819341
3225 0.2693316470202325
3226 0.269331619334023
3227 0.2693315916222623
3228 0.2693315638830115
3229 0.2693315361136359
3230 0.2693315083110497
3231 0.2693314804719836
3232 0.2693314525932488
3233 0.269331424671976
3234 0.2693313967058103
3235 0.2693313686930424
3236 0.2693313406326679
3237 0.2693313125243679
3238 0.2693312843684127
3239 0.269331256165497
3240 0.2693312279165181
3241 0.2693311996223205
3242 0.2693311712834258
3243 0.2693311428997779
3244 0.2693311144705294
3245 0.2693310859938948
3246 0.2693310574670921
3247 0.2693310288863897
3248 0.269331000247263
3249 0.269330971544657
3250 0.2693309427733397
3251 0.26933091392832
3252 0.2693308850052945
3253 0.2693308560010825
3254 0.2693308269140056
3255 0.2693307977441698
3256 0.2693307684936192
3257 0.2693307391663347
3258 0.2693307097680707
3259 0.2693306803060345
3260 0.2693306507884267
3261 0.2693306212238753
3262 0.2693305916208054
3263 0.2693305619867877
3264 0.2693305323279158
3265 0.2693305026482548
3266 0.2693304729494017
3267 0.2693304432301889
3268 0.2693304134865551
3269 0.2693303837115995
3270 0.2693303538958239
3271 0.2693303240275615
3272 0.2693302940935767
3273 0.2693302640798138
3274 0.2693302339722541
3275 0.2693302037578346
3276 0.2693301734253646
3277 0.26933014296637
3278 0.2693301123757909
3279 0.269330081652462
3280 0.269330050799315
3281 0.2693300198232652
3282 0.2693299887347702
3283 0.2693299575470834
3284 0.2693299262752575
3285 0.2693298949349818
3286 0.2693298635413615
3287 0.269329832107751
3288 0.2693298006447544
3289 0.2693297691594824
3290 0.2693297376551272
3291 0.2693297061308794
3292 0.2693296745821743
3293 0.2693296430012189
3294 0.2693296113777299
3295 0.2693295796997997
3296 0.2693295479548084
3297 0.2693295161303089
3298 0.2693294842148352
3299 0.2693294521985943
3300 0.2693294200740257
3301 0.2693293878362141
3302 0.2693293554831476
3303 0.2693293230158023
3304 0.2693292904380371
3305 0.2693292577562688
3306 0.2693292249789118
3307 0.2693291921155801
3308 0.26932915917608
3309 0.2693291261692592
3310 0.2693290931018219
3311 0.2693290599772453
3312 0.269329026794957
3313 0.2693289935499193
3314 0.2693289602327309
3315 0.2693289268302974
3316 0.2693288933270383
3317 0.2693288597065135
3318 0.2693288259532802
3319 0.2693287920547369
3320 0.2693287580027038
3321 0.2693287237945177
3322 0.2693286894334901
3323 0.2693286549286759
3324 0.2693286202940072
3325 0.2693285855469437
3326 0.2693285507068535
3327 0.2693285157933597
3328 0.2693284808248566
3329 0.2693284458173293
3330 0.2693284107835163
3331 0.2693283757323577
3332 0.2693283406686073
3333 0.2693283055924592
3334 0.2693282704990773
3335 0.2693282353779989
3336 0.2693282002125014
3337 0.2693281649791386
3338 0.2693281296477442
3339 0.2693280941822144
3340 0.2693280585423146
3341 0.2693280226866017
3342 0.269327986576325
3343 0.2693279501799165
3344 0.2693279134774623
3345 0.269327876464411
3346 0.2693278391537793
3347 0.2693278015762732
3348 0.2693277637780467
3349 0.2693277258162162
3350 0.2693276877526696
3351 0.2693276496470492
3352 0.269327611549991
3353 0.2693275734976923
3354 0.2693275355086672
3355 0.2693274975831506
3356 0.2693274597051239
3357 0.2693274218464356
3358 0.2693273839721013
3359 0.2693273460456655
3360 0.2693273080335432
3361 0.2693272699075398
3362 0.2693272316452119
3363 0.2693271932283008
3364 0.2693271546399926
3365 0.2693271158621185
3366 0.2693270768734931
3367 0.2693270376503294
3368 0.2693269981691274
3369 0.2693269584116988
3370 0.2693269183712659
3371 0.2693268780580561
3372 0.269326837502671
3373 0.2693267967558209
3374 0.2693267558837227
3375 0.2693267149594155
3376 0.2693266740512125
3377 0.2693266332102721
3378 0.26932659245965
3379 0.2693265517871337
3380 0.2693265111436562
3381 0.2693264704482264
3382 0.2693264295991895
3383 0.269326388490388
3384 0.2693263470296016
3385 0.2693263051557467
3386 0.2693262628510296
3387 0.2693262201448133
3388 0.2693261771075117
3389 0.2693261338351616
3390 0.269326090427899
3391 0.2693260469675926
3392 0.2693260035005674
3393 0.2693259600302479
3394 0.2693259165218401
3395 0.2693258729176665
3396 0.2693258291586738
3397 0.2693257852060367
3398 0.2693257410571627
3399 0.2693256967523761
3400 0.2693256523711203
3401 0.2693256080185086
3402 0.2693255638039538
3403 0.2693255198137936
3404 0.2693254760804042
3405 0.2693254325522496
3406 0.2693253890725468
3407 0.2693253453770495
3408 0.2693253011210598
3409 0.2693252559398223
3410 0.2693252095349232
3411 0.2693251617657146
3412 0.2693251127154011
3413 0.2693250627027
3414 0.2693250122246784
3415 0.2693249618409363
3416 0.2693249120340483
3417 0.2693248630940924
3418 0.2693248150679553
3419 0.2693247677876889
3420 0.2693247209577243
3421 0.2693246742555204
3422 0.2693246273989194
3423 0.2693245801589924
3424 0.269324532336398
3425 0.2693244837481746
3426 0.2693244342687798
3427 0.2693243839300599
3428 0.2693243330297587
3429 0.2693242821621525
3430 0.2693242320956796
3431 0.2693241834836276
3432 0.2693241364817969
3433 0.2693240904314851
3434 0.2693240438229892
3435 0.2693239947415197
3436 0.2693239418148097
3437 0.2693238852362683
3438 0.2693238269154897
3439 0.2693237689505966
3440 0.2693237112927176
3441 0.2693236519809104
3442 0.2693235928393245
3443 0.2693235457028962
3444 0.2693235234845044
3445 0.2693235070577704
3446 0.2693234219324692
3447 0.2693232061606596
3448 0.2693229928338097
3449 0.2693231906967702
3450 0.2693240441013585
3451 0.2693246760157809
3452 0.2693229223588681
3453 0.2693180385214675
3454 0.2693155402501363
3455 0.2693265360580832
3456 0.2693516446756535
3457 0.2693573790221614
3458 0.2692884106554879
3459 0.269160482789239
3460 0.2691702549519282
3461 0.269582897653596
3462 0.2702118149105438
3463 0.2699289128885116
3464 0.2675266278631587
3465 0.2645897108917212
3466 0.2672030715935085
3467 0.2806593908002794
3468 0.2942244469469764
3469 0.2696539124661964
3470 0.1980344521340471
3471 0.1450799404269393
3472 0.1286031753865374
3473 0.1255433520807365
3474 0.1250779599616758
3475 0.1250110733088334
3476 0.1250015701775783
3477 0.125000222598815
3478 0.1250000315564075
3479 0.1250000044735192
3480 0.125000000634176
3481 0.1250000000899024
3482 0.1250000000127447
3483 0.1250000000018067
3484 0.1250000000002562
3485 0.1250000000000363
3486 0.1250000000000051
3487 0.1250000000000007
3488 0.1250000000000001
3489 0.125
3490 0.125
3491 0.125
3492 0.125
3493 0.125
3494 0.125
3495 0.125
3496 0.125
3497 0.125
3498 0.125
3499 0.125
3500 0.125
3501 0.125
3502 0.125
3503 0.125
3504 0.125
3505 0.125
3506 0.125
3507 0.125
3508 0.125
3509 0.125
3510 0.125
3511 0.125
3512 0.125
3513 0.125
3514 0.125
3515 0.125
3516 0.125
3517 0.125
3518 0.125
3519 0.125
3520 0.125
3521 0.125
3522 0.125
3523 0.125
3524 0.125
3525 0.125
3526 0.125
3527 0.125
3528 0.125
3529 0.125
3530 0.125
3531 0.125
3532 0.125
3533 0.125
3534 0.125
3535 0.125
3536 0.125
3537 0.125
3538 0.125
3539 0.125
3540 0.125
3541 0.125
3542 0.125
3543 0.125
3544 0.125
3545 0.125
3546 0.125
3547 0.125
3548 0.125
3549 0.125
3550 0.125
3551 0.125
3552 0.125
3553 0.125
3554 0.125
3555 0.125
3556 0.125
3557 0.125
3558 0.125
3559 0.125
3560 0.125
3561 0.125
3562 0.125
3563 0.125
3564 0.125
3565 0.125
3566 0.125
3567 0.125
3568 0.125
3569 0.125
3570 0.125
3571 0.125
3572 0.125
3573 0.125
3574 0.125
3575 0.125
3576 0.125
3577 0.125
3578 0.125
3579 0.125
3580 0.125
3581 0.125
3582 0.125
3583 0.125
3584 0.125
3585 0.125
3586 0.125
3587 0.125
3588 0.125
3589 0.125
3590 0.125
3591 0.125
3592 0.125
3593 0.125
3594 0.125
3595 0.125
3596 0.125
3597 0.125
3598 0.125
3599 0.125
3600 0.125
3601 0.125
3602 0.125
3603 0.125
3604 0.125
3605 0.125
3606 0.125
3607 0.125
3608 0.125
3609 0.125
3610 0.125
3611 0.125
3612 0.125
3613 0.125
3614 0.125
3615 0.125
3616 0.125
3617 0.125
3618 0.125
3619 0.125
3620 0.125
3621 0.125
3622 0.125
3623 0.125
3624 0.125
3625 0.125
3626 0.125
3627 0.125
3628 0.125
3629 0.125
3630 0.125
3631 0.125
3632 0.125
3633 0.125
3634 0.125
3635 0.125
3636 0.125
3637 0.125
3638 0.125
3639 0.125
3640 0.125
3641 0.125
3642 0.125
3643 0.125
3644 0.125
3645 0.125
3646 0.125
3647 0.125
3648 0.125
3649 0.125
3650 0.125
3651 0.125
3652 0.125
3653 0.125
3654 0.125
3655 0.125
3656 0.125
3657 0.125
3658 0.125
3659 0.125
3660 0.125
3661 0.125
3662 0.125
3663 0.125
3664 0.125
3665 0.125
3666 0.125
3667 0.125
3668 0.125
3669 0.125
3670 0.125
3671 0.125
3672 0.125
3673 0.125
3674 0.125
3675 0.125
3676 0.125
3677 0.125
3678 0.125
3679 0.125
3680 0.125
3681 0.125
3682 0.125
3683 0.125
3684 0.125
3685 0.125
3686 0.125
3687 0.125
3688 0.125
3689 0.125
3690 0.125
3691 0.125
3692 0.125
3693 0.125
3694 0.125
3695 0.125
3696 0.125
3697 0.125
3698 0.125
3699 0.125
3700 0.125
3701 0.125
3702 0.125
3703 0.125
3704 0.125
3705 0.125
3706 0.125
3707 0.125
3708 0.125
3709 0.125
3710 0.125
3711 0.125
3712 0.125
3713 0.125
3714 0.125
3715 0.125
3716 0.125
3717 0.125
3718 0.125
3719 0.125
3720 0.125
3721 0.125
3722 0.125
3723 0.125
3724 0.125
3725 0.125
3726 0.125
3727 0.125
3728 0.125
3729 0.125
3730 0.125
3731 0.125
3732 0.125
3733 0.125
3734 0.125
3735 0.125
3736 0.125
3737 0.125
3738 0.125
3739 0.125
3740 0.125
3741 0.125
3742 0.125
3743 0.125
3744 0.125
3745 0.125
3746 0.125
3747 0.125
3748 0.125
3749 0.125
3750 0.125
3751 0.125
3752 0.125
3753 0.125
3754 0.125
3755 0.125
3756 0.125
3757 0.125
3758 0.125
3759 0.125
3760 0.125
3761 0.125
3762 0.125
3763 0.125
3764 0.125
3765 0.125
3766 0.125
3767 0.125
3768 0.125
3769 0.125
3770 0.125
3771 0.125
3772 0.125
3773 0.125
3774 0.125
3775 0.125
3776 0.125
3777 0.125
3778 0.125
3779 0.125
3780 0.125
3781 0.125
3782 0.125
3783 0.125
3784 0.125
3785 0.125
3786 0.125
3787 0.125
3788 0.125
3789 0.125
3790 0.125
3791 0.125
3792 0.125
3793 0.125
3794 0.125
3795 0.125
3796 0.125
3797 0.125
3798 0.125
3799 0.125
3800 0.125
3801 0.125
3802 0.125
3803 0.125
3804 0.125
3805 0.125
3806 0.125
3807 0.125
3808 0.125
3809 0.125
3810 0.125
3811 0.125
3812 0.125
3813 0.125
3814 0.125
3815 0.125
3816 0.125
3817 0.125
3818 0.125
3819 0.125
3820 0.125
3821 0.125
3822 0.125
3823 0.125
3824 0.125
3825 0.125
3826 0.125
3827 0.125
3828 0.125
3829 0.125
3830 0.125
3831 0.125
3832 0.125
3833 0.125
3834 0.125
3835 0.125
3836 0.125
3837 0.125
3838 0.125
3839 0.125
3840 0.125
3841 0.125
3842 0.125
3843 0.125
3844 0.125
3845 0.125
3846 0.125
3847 0.125
3848 0.125
3849 0.125
3850 0.125
3851 0.125
3852 0.125
3853 0.125
3854 0.125
3855 0.125
3856 0.125
3857 0.125
3858 0.125
3859 0.125
3860 0.125
3861 0.125
3862 0.125
3863 0.125
3864 0.125
3865 0.125
3866 0.125
3867 0.125
3868 0.125
3869 0.125
3870 0.125
3871 0.125
3872 0.125
3873 0.125
3874 0.125
3875 0.125
3876 0.125
3877 0.125
3878 0.125
3879 0.125
3880 0.125
3881 0.125
3882 0.125
3883 0.125
3884 0.125
3885 0.125
3886 0.125
3887 0.125
3888 0.125
3889 0.125
3890 0.125
3891 0.125
3892 0.125
3893 0.125
3894 0.125
3895 0.125
3896 0.125
3897 0.125
3898 0.125
3899 0.125
3900 0.125
3901 0.125
3902 0.125
3903 0.125
3904 0.125
3905 0.125
3906 0.125
3907 0.125
3908 0.125
3909 0.125
3910 0.125
3911 0.125
3912 0.125
3913 0.125
3914 0.125
3915 0.125
3916 0.125
3917 0.125
3918 0.125
3919 0.125
3920 0.125
3921 0.125
3922 0.125
3923 0.125
3924 0.125
3925 0.125
3926 0.125
3927 0.125
3928 0.125
3929 0.125
3930 0.125
3931 0.125
3932 0.125
3933 0.125
3934 0.125
3935 0.125
3936 0.125
3937 0.125
3938 0.125
3939 0.125
3940 0.125
3941 0.125
3942 0.125
3943 0.125
3944 0.125
3945 0.125
3946 0.125
3947 0.125
3948 0.125
3949 0.125
3950 0.125
3951 0.125
3952 0.125
3953 0.125
3954 0.125
3955 0.125
3956 0.125
3957 0.125
3958 0.125
3959 0.125
3960 0.125
3961 0.125
3962 0.125
3963 0.125
3964 0.125
3965 0.125
3966 0.125
3967 0.125
3968 0.125
3969 0.125
3970 0.125
3971 0.125
3972 0.125
3973 0.125
3974 0.125
3975 0.125
3976 0.125
3977 0.125
3978 0.125
3979 0.125
3980 0.125
3981 0.125
3982 0.125
3983 0.125
3984 0.125
3985 0.125
3986 0.125
3987 0.125
3988 0.125
3989 0.125
3990 0.125
3991 0.125
3992 0.125
3993 0.125
3994 0.125
3995 0.125
3996 0.125
3997 0.125
3998 0.125
3999 0.125
4000 0.125
4001 0.125
4002 0.125
4003 0.125
4004 0.125
4005 0.125
4006 0.125
4007 0.125
4008 0.125
4009 0.125
4010 0.125
4011 0.125
4012 0.125
4013 0.125
4014 0.125
4015 0.125
4016 0.125
4017 0.125
4018 0.125
4019 0.125
4020 0.125
4021 0.125
4022 0.125
4023 0.125
4024 0.125
4025 0.125
4026 0.125
4027 0.125
4028 0.125
4029 0.125
4030 0.125
4031 0.125
4032 0.125
4033 0.125
4034 0.125
4035 0.125
4036 0.125
4037 0.125
4038 0.125
4039 0.125
4040 0.125
4041 0.125
4042 0.125
4043 0.125
4044 0.125
4045 0.125
4046 0.125
4047 0.125
4048 0.125
4049 0.125
4050 0.125
4051 0.125
4052 0.125
4053 0.125
4054 0.125
4055 0.125
4056 0.125
4057 0.125
4058 0.125
4059 0.125
4060 0.125
4061 0.125
4062 0.125
4063 0.125
4064 0.125
4065 0.125
4066 0.125
4067 0.125
4068 0.125
4069 0.125
4070 0.125
4071 0.125
4072 0.125
4073 0.125
4074 0.125
4075 0.125
4076 0.125
4077 0.125
4078 0.125
4079 0.125
4080 0.125
4081 0.125
4082 0.125
4083 0.125
4084 0.125
4085 0.125
4086 0.125
4087 0.125
4088 0.125
4089 0.125
4090 0.125
4091 0.125
4092 0.125
4093 0.125
4094 0.125
4095 0.125
