0 2.5
1 2.5
2 2.5
3 2.5
4 2.5
5 2.5
6 2.5
7 2.5
8 2.5
9 2.5
10 2.5
11 2.5
12 2.5
13 2.5
14 2.5
15 2.5
16 2.5
17 2.5
18 2.5
19 2.5
20 2.5
21 2.5
22 2.5
23 2.5
24 2.5
25 2.5
26 2.5
27 2.5
28 2.5
29 2.5
30 2.5
31 2.5
32 2.5
33 2.5
34 2.5
35 2.5
36 2.5
37 2.5
38 2.5
39 2.5
40 2.5
41 2.5
42 2.5
43 2.5
44 2.5
45 2.5
46 2.5
47 2.5
48 2.5
49 2.5
50 2.5
51 2.5
52 2.5
53 2.5
54 2.5
55 2.5
56 2.5
57 2.5
58 2.5
59 2.5
60 2.5
61 2.5
62 2.5
63 2.5
64 2.5
65 2.5
66 2.5
67 2.5
68 2.5
69 2.5
70 2.5
71 2.5
72 2.5
73 2.5
74 2.5
75 2.5
76 2.5
77 2.5
78 2.5
79 2.5
80 2.5
81 2.5
82 2.5
83 2.5
84 2.5
85 2.5
86 2.5
87 2.5
88 2.5
89 2.5
90 2.5
91 2.5
92 2.5
93 2.5
94 2.5
95 2.5
96 2.5
97 2.5
98 2.5
99 2.5
100 2.5
101 2.5
102 2.5
103 2.5
104 2.5
105 2.5
106 2.5
107 2.5
108 2.5
109 2.5
110 2.5
111 2.5
112 2.5
113 2.5
114 2.5
115 2.5
116 2.5
117 2.5
118 2.5
119 2.5
120 2.5
121 2.5
122 2.5
123 2.5
124 2.5
125 2.5
126 2.5
127 2.5
128 2.5
129 2.5
130 2.5
131 2.5
132 2.5
133 2.5
134 2.5
135 2.5
136 2.5
137 2.5
138 2.5
139 2.5
140 2.5
141 2.5
142 2.5
143 2.5
144 2.5
145 2.5
146 2.5
147 2.5
148 2.5
149 2.5
150 2.5
151 2.5
152 2.5
153 2.5
154 2.5
155 2.5
156 2.5
157 2.5
158 2.5
159 2.5
160 2.5
161 2.5
162 2.5
163 2.5
164 2.5
165 2.5
166 2.5
167 2.5
168 2.5
169 2.5
170 2.5
171 2.5
172 2.5
173 2.5
174 2.5
175 2.5
176 2.5
177 2.5
178 2.5
179 2.5
180 2.5
181 2.5
182 2.5
183 2.5
184 2.5
185 2.5
186 2.5
187 2.5
188 2.5
189 2.5
190 2.5
191 2.5
192 2.5
193 2.5
194 2.5
195 2.5
196 2.5
197 2.5
198 2.5
199 2.5
200 2.5
201 2.5
202 2.5
203 2.5
204 2.5
205 2.5
206 2.5
207 2.5
208 2.5
209 2.5
210 2.5
211 2.5
212 2.5
213 2.5
214 2.5
215 2.5
216 2.5
217 2.5
218 2.5
219 2.5
220 2.5
221 2.5
222 2.5
223 2.5
224 2.5
225 2.5
226 2.5
227 2.5
228 2.5
229 2.5
230 2.5
231 2.5
232 2.5
233 2.5
234 2.5
235 2.5
236 2.5
237 2.5
238 2.5
239 2.5
240 2.5
241 2.5
242 2.5
243 2.5
244 2.5
245 2.5
246 2.5
247 2.5
248 2.5
249 2.5
250 2.5
251 2.5
252 2.5
253 2.5
254 2.5
255 2.5
256 2.5
257 2.5
258 2.5
259 2.5
260 2.5
261 2.5
262 2.5
263 2.5
264 2.5
265 2.5
266 2.5
267 2.5
268 2.5
269 2.5
270 2.5
271 2.5
272 2.5
273 2.5
274 2.5
275 2.5
276 2.5
277 2.5
278 2.5
279 2.5
280 2.5
281 2.5
282 2.5
283 2.5
284 2.5
285 2.5
286 2.5
287 2.5
288 2.5
289 2.5
290 2.5
291 2.5
292 2.5
293 2.5
294 2.5
295 2.5
296 2.5
297 2.5
298 2.5
299 2.5
300 2.5
301 2.5
302 2.5
303 2.5
304 2.5
305 2.5
306 2.5
307 2.5
308 2.5
309 2.5
310 2.5
311 2.5
312 2.5
313 2.5
314 2.5
315 2.5
316 2.5
317 2.5
318 2.5
319 2.5
320 2.5
321 2.5
322 2.5
323 2.5
324 2.5
325 2.5
326 2.5
327 2.5
328 2.5
329 2.5
330 2.5
331 2.5
332 2.5
333 2.5
334 2.5
335 2.5
336 2.5
337 2.5
338 2.5
339 2.5
340 2.5
341 2.5
342 2.5
343 2.5
344 2.5
345 2.5
346 2.5
347 2.5
348 2.5
349 2.5
350 2.5
351 2.5
352 2.5
353 2.5
354 2.5
355 2.5
356 2.5
357 2.5
358 2.5
359 2.5
360 2.5
361 2.5
362 2.5
363 2.5
364 2.5
365 2.5
366 2.5
367 2.5
368 2.5
369 2.5
370 2.5
371 2.5
372 2.5
373 2.5
374 2.5
375 2.5
376 2.5
377 2.5
378 2.5
379 2.5
380 2.5
381 2.5
382 2.5
383 2.5
384 2.5
385 2.5
386 2.5
387 2.5
388 2.5
389 2.5
390 2.5
391 2.5
392 2.5
393 2.5
394 2.5
395 2.5
396 2.5
397 2.5
398 2.5
399 2.5
400 2.5
401 2.5
402 2.5
403 2.5
404 2.5
405 2.5
406 2.5
407 2.5
408 2.5
409 2.5
410 2.5
411 2.5
412 2.5
413 2.5
414 2.5
415 2.5
416 2.5
417 2.5
418 2.5
419 2.5
420 2.5
421 2.5
422 2.5
423 2.5
424 2.5
425 2.5
426 2.5
427 2.5
428 2.5
429 2.5
430 2.5
431 2.5
432 2.5
433 2.5
434 2.5
435 2.5
436 2.5
437 2.5
438 2.5
439 2.5
440 2.5
441 2.5
442 2.5
443 2.5
444 2.5
445 2.5
446 2.5
447 2.5
448 2.5
449 2.5
450 2.5
451 2.5
452 2.5
453 2.5
454 2.5
455 2.5
456 2.5
457 2.5
458 2.5
459 2.5
460 2.5
461 2.5
462 2.5
463 2.5
464 2.5
465 2.5
466 2.5
467 2.5
468 2.5
469 2.5
470 2.5
471 2.5
472 2.5
473 2.5
474 2.5
475 2.5
476 2.5
477 2.5
478 2.5
479 2.5
480 2.5
481 2.5
482 2.5
483 2.5
484 2.5
485 2.5
486 2.5
487 2.5
488 2.5
489 2.5
490 2.5
491 2.5
492 2.5
493 2.5
494 2.5
495 2.5
496 2.5
497 2.5
498 2.5
499 2.5
500 2.5
501 2.5
502 2.5
503 2.5
504 2.5
505 2.5
506 2.5
507 2.5
508 2.5
509 2.5
510 2.5
511 2.5
512 2.5
513 2.5
514 2.5
515 2.5
516 2.5
517 2.5
518 2.5
519 2.5
520 2.5
521 2.5
522 2.5
523 2.5
524 2.5
525 2.5
526 2.5
527 2.5
528 2.5
529 2.5
530 2.5
531 2.5
532 2.5
533 2.5
534 2.5
535 2.5
536 2.5
537 2.5
538 2.5
539 2.5
540 2.5
541 2.5
542 2.5
543 2.5
544 2.5
545 2.5
546 2.5
547 2.5
548 2.5
549 2.5
550 2.5
551 2.5
552 2.5
553 2.5
554 2.5
555 2.5
556 2.5
557 2.5
558 2.5
559 2.5
560 2.5
561 2.5
562 2.5
563 2.5
564 2.5
565 2.5
566 2.5
567 2.5
568 2.5
569 2.5
570 2.5
571 2.5
572 2.5
573 2.5
574 2.5
575 2.5
576 2.5
577 2.5
578 2.5
579 2.5
580 2.5
581 2.5
582 2.5
583 2.5
584 2.5
585 2.5
586 2.5
587 2.5
588 2.5
589 2.5
590 2.5
591 2.5
592 2.5
593 2.5
594 2.5
595 2.5
596 2.5
597 2.5
598 2.5
599 2.5
600 2.5
601 2.5
602 2.5
603 2.5
604 2.5
605 2.5
606 2.5
607 2.5
608 2.5
609 2.5
610 2.5
611 2.5
612 2.5
613 2.5
614 2.5
615 2.5
616 2.5
617 2.5
618 2.5
619 2.5
620 2.5
621 2.5
622 2.5
623 2.5
624 2.5
625 2.5
626 2.5
627 2.5
628 2.5
629 2.5
630 2.5
631 2.5
632 2.5
633 2.5
634 2.5
635 2.5
636 2.5
637 2.5
638 2.5
639 2.5
640 2.5
641 2.5
642 2.5
643 2.5
644 2.5
645 2.5
646 2.5
647 2.5
648 2.5
649 2.5
650 2.5
651 2.5
652 2.5
653 2.5
654 2.5
655 2.5
656 2.5
657 2.5
658 2.5
659 2.5
660 2.5
661 2.5
662 2.5
663 2.5
664 2.5
665 2.5
666 2.5
667 2.5
668 2.5
669 2.5
670 2.5
671 2.5
672 2.5
673 2.5
674 2.5
675 2.5
676 2.5
677 2.5
678 2.5
679 2.5
680 2.5
681 2.5
682 2.5
683 2.5
684 2.5
685 2.5
686 2.5
687 2.5
688 2.5
689 2.5
690 2.5
691 2.5
692 2.5
693 2.5
694 2.5
695 2.5
696 2.5
697 2.5
698 2.5
699 2.5
700 2.5
701 2.5
702 2.5
703 2.5
704 2.5
705 2.5
706 2.5
707 2.5
708 2.5
709 2.5
710 2.5
711 2.5
712 2.5
713 2.5
714 2.5
715 2.5
716 2.5
717 2.5
718 2.5
719 2.5
720 2.5
721 2.5
722 2.5
723 2.5
724 2.5
725 2.5
726 2.5
727 2.5
728 2.5
729 2.5
730 2.5
731 2.5
732 2.5
733 2.5
734 2.5
735 2.5
736 2.5
737 2.5
738 2.5
739 2.5
740 2.5
741 2.5
742 2.5
743 2.5
744 2.5
745 2.5
746 2.5
747 2.5
748 2.5
749 2.5
750 2.5
751 2.5
752 2.5
753 2.5
754 2.5
755 2.5
756 2.5
757 2.5
758 2.5
759 2.5
760 2.5
761 2.5
762 2.5
763 2.5
764 2.5
765 2.5
766 2.5
767 2.5
768 2.5
769 2.5
770 2.5
771 2.5
772 2.5
773 2.5
774 2.5
775 2.5
776 2.5
777 2.5
778 2.5
779 2.5
780 2.5
781 2.5
782 2.5
783 2.5
784 2.5
785 2.5
786 2.5
787 2.5
788 2.5
789 2.5
790 2.5
791 2.5
792 2.5
793 2.5
794 2.5
795 2.5
796 2.5
797 2.5
798 2.5
799 2.5
800 2.5
801 2.5
802 2.5
803 2.5
804 2.5
805 2.5
806 2.5
807 2.5
808 2.5
809 2.5
810 2.5
811 2.5
812 2.5
813 2.5
814 2.5
815 2.5
816 2.5
817 2.5
818 2.5
819 2.5
820 2.5
821 2.5
822 2.5
823 2.5
824 2.5
825 2.5
826 2.5
827 2.5
828 2.5
829 2.5
830 2.5
831 2.5
832 2.5
833 2.5
834 2.5
835 2.5
836 2.5
837 2.5
838 2.5
839 2.5
840 2.5
841 2.5
842 2.5
843 2.5
844 2.5
845 2.5
846 2.5
847 2.5
848 2.5
849 2.5
850 2.5
851 2.5
852 2.5
853 2.5
854 2.5
855 2.5
856 2.5
857 2.5
858 2.5
859 2.5
860 2.5
861 2.5
862 2.5
863 2.5
864 2.5
865 2.5
866 2.5
867 2.5
868 2.5
869 2.5
870 2.5
871 2.5
872 2.5
873 2.5
874 2.5
875 2.5
876 2.5
877 2.5
878 2.5
879 2.5
880 2.5
881 2.5
882 2.5
883 2.5
884 2.5
885 2.5
886 2.5
887 2.5
888 2.5
889 2.5
890 2.5
891 2.5
892 2.5
893 2.5
894 2.5
895 2.5
896 2.5
897 2.5
898 2.5
899 2.5
900 2.5
901 2.5
902 2.5
903 2.5
904 2.5
905 2.5
906 2.5
907 2.5
908 2.5
909 2.5
910 2.5
911 2.5
912 2.5
913 2.5
914 2.5
915 2.5
916 2.5
917 2.5
918 2.5
919 2.5
920 2.5
921 2.5
922 2.5
923 2.5
924 2.5
925 2.5
926 2.5
927 2.5
928 2.5
929 2.5
930 2.5
931 2.5
932 2.5
933 2.5
934 2.5
935 2.5
936 2.5
937 2.5
938 2.5
939 2.5
940 2.5
941 2.5
942 2.5
943 2.5
944 2.5
945 2.5
946 2.5
947 2.5
948 2.5
949 2.5
950 2.5
951 2.5
952 2.5
953 2.5
954 2.5
955 2.5
956 2.5
957 2.5
958 2.5
959 2.5
960 2.5
961 2.5
962 2.5
963 2.5
964 2.5
965 2.5
966 2.5
967 2.5
968 2.5
969 2.5
970 2.5
971 2.5
972 2.5
973 2.5
974 2.5
975 2.5
976 2.5
977 2.5
978 2.5
979 2.5
980 2.5
981 2.5
982 2.5
983 2.5
984 2.5
985 2.5
986 2.5
987 2.5
988 2.5
989 2.5
990 2.5
991 2.5
992 2.5
993 2.5
994 2.5
995 2.5
996 2.5
997 2.499999999999998
998 2.499999999999991
999 2.499999999999978
1000 2.499999999999957
1001 2.499999999999921
1002 2.499999999999868
1003 2.499999999999779
1004 2.499999999999648
1005 2.499999999999426
1006 2.499999999999108
1007 2.49999999999857
1008 2.499999999997807
1009 2.499999999996512
1010 2.499999999994696
1011 2.499999999991625
1012 2.499999999987335
1013 2.499999999980122
1014 2.499999999970118
1015 2.499999999953387
1016 2.499999999930292
1017 2.499999999891966
1018 2.499999999839268
1019 2.499999999752525
1020 2.499999999633712
1021 2.499999999439748
1022 2.499999999175164
1023 2.4999999987468
1024 2.499999998164907
1025 2.499999997230841
1026 2.499999995967381
1027 2.499999993956822
1028 2.499999991249039
1029 2.499999986978269
1030 2.49999998125203
1031 2.499999972302261
1032 2.499999960357016
1033 2.499999941860421
1034 2.499999917288164
1035 2.499999879600913
1036 2.499999829774205
1037 2.499999754098587
1038 2.499999654540169
1039 2.499999504848461
1040 2.499999308914995
1041 2.499999017356247
1042 2.499998637731976
1043 2.499998078838682
1044 2.499997355078638
1045 2.499996301242045
1046 2.499994944213635
1047 2.499992990765005
1048 2.499990490018123
1049 2.499986932642716
1050 2.499982406379131
1051 2.499976046653151
1052 2.49996800644346
1053 2.499956853938209
1054 2.499942849028039
1055 2.499923682961457
1056 2.499899785006066
1057 2.499867539242018
1058 2.499827633172974
1059 2.499774582525751
1060 2.49970945141033
1061 2.499624214078562
1062 2.499520455674635
1063 2.499386895510876
1064 2.499225794551349
1065 2.499022011183171
1066 2.498778613780407
1067 2.49847633605729
1068 2.498119109528426
1069 2.49768391910801
1070 2.497175477856229
1071 2.496568314177054
1072 2.495867662734223
1073 2.495047911848217
1074 2.494114406378318
1075 2.493044499989617
1076 2.491843224077293
1077 2.490494118823704
1078 2.489001712168117
1079 2.487358074534853
1080 2.485567521199368
1081 2.483631197952434
1082 2.481554029800982
1083 2.479344660318033
1084 2.477009665303171
1085 2.474562070333251
1086 2.472010741736351
1087 2.469369701362083
1088 2.466649780418868
1089 2.463863574187038
1090 2.461022538368105
1091 2.458136866595558
1092 2.455216891441978
1093 2.452270481413039
1094 2.449305566235557
1095 2.446328065987996
1096 2.443343206674708
1097 2.44035518766887
1098 2.437367047945011
1099 2.434381394394376
1100 2.431399849188929
1101 2.428423687409782
1102 2.425453691209882
1103 2.422490243093121
1104 2.419533593752588
1105 2.416583678533987
1106 2.413640404245781
1107 2.410703544123949
1108 2.407772833481795
1109 2.404848000080882
1110 2.401928749917241
1111 2.399014805874949
1112 2.396105914989663
1113 2.393201825237701
1114 2.39030233402405
1115 2.387407236589816
1116 2.384516371216241
1117 2.381629582330475
1118 2.378746743960868
1119 2.375867737923688
1120 2.372992470539651
1121 2.370120849937095
1122 2.367252807620656
1123 2.364388272108996
1124 2.361527192033662
1125 2.35866951206431
1126 2.355815192704177
1127 2.352964190349431
1128 2.350116474510971
1129 2.347272009806463
1130 2.344430772496082
1131 2.34159273338669
1132 2.338757873518857
1133 2.335926168587769
1134 2.333097603099179
1135 2.330272156529942
1136 2.327449816056794
1137 2.324630564081449
1138 2.321814389844229
1139 2.31900127810418
1140 2.316191219667331
1141 2.313384201233886
1142 2.310580214821928
1143 2.307779248724515
1144 2.304981295922325
1145 2.302186346025717
1146 2.299394392779084
1147 2.296605426900136
1148 2.29381944273865
1149 2.291036431948445
1150 2.288256389365359
1151 2.285479307435639
1152 2.282705181388558
1153 2.279934004345205
1154 2.277165771853747
1155 2.274400477613303
1156 2.27163811743221
1157 2.268878685505797
1158 2.266122177856879
1159 2.263368589107889
1160 2.260617915459928
1161 2.257870151904224
1162 2.255125294791219
1163 2.25238333943117
1164 2.249644282300763
1165 2.246908118986642
1166 2.244174846073123
1167 2.241444459386561
1168 2.238716955603729
1169 2.235992330759181
1170 2.233270581609935
1171 2.230551704371636
1172 2.227835695871692
1173 2.225122552483548
1174 2.222412271097033
1175 2.21970484822325
1176 2.217000280807784
1177 2.214298565481887
1178 2.211599699241221
1179 2.2089036788219
1180 2.206210501264671
1181 2.203520163397146
1182 2.20083266230077
1183 2.198147994883003
1184 2.195466158262216
1185 2.192787149415703
1186 2.190110965495602
1187 2.187437603540535
1188 2.184767060733813
1189 2.182099334168198
1190 2.179434421056051
1191 2.176772318538184
1192 2.174113023854137
1193 2.171456534187463
1194 2.168802846803087
1195 2.166151958922577
1196 2.163503867834451
1197 2.160858570794057
1198 2.158216065111768
1199 2.155576348072975
1200 2.152939417008308
1201 2.150305269229974
1202 2.147673902087448
1203 2.145045312917044
1204 2.142419499085868
1205 2.139796457952027
1206 2.137176186899155
1207 2.134558683305134
1208 2.131943944569074
1209 2.129331968086801
1210 2.126722751271828
1211 2.12411629153622
1212 2.121512586306828
1213 2.118911633010431
1214 2.116313429086259
1215 2.113717971974541
1216 2.111125259126149
1217 2.108535287993845
1218 2.105948056039702
1219 2.103363560728431
1220 2.10078179953304
1221 2.098202769929771
1222 2.095626469402351
1223 2.093052895438114
1224 2.090482045531147
1225 2.087913917179289
1226 2.085348507886427
1227 2.082785815160174
1228 2.080225836513527
1229 2.077668569463069
1230 2.075114011530183
1231 2.072562160239695
1232 2.070013013120765
1233 2.067466567705896
1234 2.064922821531595
1235 2.062381772137662
1236 2.059843417067702
1237 2.057307753868584
1238 2.054774780090825
1239 2.052244493288188
1240 2.049716891017914
1241 2.047191970840424
1242 2.044669730319452
1243 2.042150167021812
1244 2.039633278517484
1245 2.037119062379429
1246 2.03460751618368
1247 2.032098637509222
1248 2.029592423938072
1249 2.027088873055211
1250 2.024587982448666
1251 2.022089749709461
1252 2.019594172431662
1253 2.017101248212329
1254 2.014610974651522
1255 2.012123349352231
1256 2.009638369920325
1257 2.007156033964469
1258 2.004676339096041
1259 2.00219928292903
1260 1.999724863079969
1261 1.997253077167835
1262 1.994783922814015
1263 1.992317397642249
1264 1.989853499278622
1265 1.98739222535157
1266 1.984933573491898
1267 1.982477541332804
1268 1.980024126509921
1269 1.977573326661332
1270 1.97512513942759
1271 1.972679562451726
1272 1.970236593379238
1273 1.96779622985807
1274 1.965358469538589
1275 1.962923310073547
1276 1.96049074911806
1277 1.958060784329571
1278 1.955633413367836
1279 1.953208633894912
1280 1.950786443575141
1281 1.948366840075162
1282 1.945949821063903
1283 1.943535384212585
1284 1.941123527194718
1285 1.938714247686084
1286 1.936307543364711
1287 1.933903411910841
1288 1.931501851006874
1289 1.929102858337321
1290 1.926706431588746
1291 1.924312568449717
1292 1.921921266610781
1293 1.919532523764433
1294 1.917146337605131
1295 1.914762705829315
1296 1.912381626135452
1297 1.910003096224085
1298 1.907627113797903
1299 1.905253676561796
1300 1.902882782222904
1301 1.900514428490663
1302 1.898148613076819
1303 1.895785333695433
1304 1.893424588062869
1305 1.891066373897752
1306 1.888710688920931
1307 1.886357530855423
1308 1.884006897426363
1309 1.881658786360955
1310 1.879313195388426
1311 1.876970122240002
1312 1.874629564648885
1313 1.872291520350242
1314 1.869955987081208
1315 1.86762296258089
1316 1.86529244459036
1317 1.862964430852666
1318 1.860638919112815
1319 1.858315907117771
1320 1.855995392616433
1321 1.85367737335962
1322 1.851361847100056
1323 1.84904881159236
1324 1.846738264593045
1325 1.844430203860528
1326 1.842124627155153
1327 1.839821532239218
1328 1.83752091687702
1329 1.83522277883489
1330 1.83292711588124
1331 1.830633925786598
1332 1.828343206323633
1333 1.826054955267173
1334 1.823769170394199
1335 1.821485849483834
1336 1.819204990317311
1337 1.816926590677929
1338 1.814650648351012
1339 1.812377161123849
1340 1.810106126785658
1341 1.807837543127542
1342 1.805571407942461
1343 1.803307719025212
1344 1.801046474172437
1345 1.79878767118262
1346 1.79653130785611
1347 1.794277381995143
1348 1.792025891403855
1349 1.789776833888314
1350 1.787530207256528
1351 1.78528600931846
1352 1.78304423788603
1353 1.780804890773114
1354 1.778567965795541
1355 1.77633346077109
1356 1.77410137351948
1357 1.771871701862374
1358 1.769644443623375
1359 1.767419596628036
1360 1.765197158703868
1361 1.76297712768035
1362 1.760759501388945
1363 1.758544277663104
1364 1.756331454338278
1365 1.754121029251906
1366 1.751913000243408
1367 1.749707365154164
1368 1.747504121827485
1369 1.745303268108579
1370 1.743104801844514
1371 1.74090872088419
1372 1.738715023078305
1373 1.736523706279338
1374 1.734334768341548
1375 1.732148207120972
1376 1.729964020475448
1377 1.727782206264642
1378 1.72560276235008
1379 1.723425686595192
1380 1.721250976865347
1381 1.719078631027888
1382 1.716908646952163
1383 1.714741022509542
1384 1.712575755573426
1385 1.710412844019246
1386 1.708252285724451
1387 1.706094078568498
1388 1.70393822043282
1389 1.701784709200814
1390 1.699633542757811
1391 1.697484718991062
1392 1.695338235789723
1393 1.693194091044839
1394 1.691052282649348
1395 1.688912808498067
1396 1.68677566648769
1397 1.684640854516789
1398 1.682508370485795
1399 1.680378212296997
1400 1.678250377854525
1401 1.676124865064333
1402 1.674001671834189
1403 1.671880796073654
1404 1.669762235694081
1405 1.66764598860861
1406 1.66553205273217
1407 1.663420425981499
1408 1.66131110627516
1409 1.659204091533573
1410 1.65709937967905
1411 1.654996968635826
1412 1.652896856330099
1413 1.650799040690057
1414 1.648703519645903
1415 1.646610291129876
1416 1.644519353076245
1417 1.642430703421315
1418 1.640344340103407
1419 1.63826026106284
1420 1.636178464241901
1421 1.634098947584818
1422 1.63202170903773
1423 1.629946746548662
1424 1.627874058067502
1425 1.625803641545987
1426 1.623735494937696
1427 1.621669616198044
1428 1.619606003284283
1429 1.617544654155513
1430 1.615485566772683
1431 1.613428739098601
1432 1.611374169097945
1433 1.609321854737265
1434 1.607271793984991
1435 1.605223984811434
1436 1.603178425188791
1437 1.601135113091144
1438 1.599094046494472
1439 1.597055223376647
1440 1.595018641717451
1441 1.592984299498584
1442 1.590952194703672
1443 1.58892232531829
1444 1.586894689329965
1445 1.5848692847282
1446 1.582846109504475
1447 1.580825161652257
1448 1.578806439166994
1449 1.576789940046116
1450 1.574775662289019
1451 1.572763603897045
1452 1.570753762873474
1453 1.568746137223493
1454 1.566740724954178
1455 1.564737524074481
1456 1.562736532595215
1457 1.560737748529047
1458 1.5587411698905
1459 1.556746794695956
1460 1.554754620963672
1461 1.552764646713796
1462 1.550776869968387
1463 1.548791288751437
1464 1.546807901088892
1465 1.544826705008677
1466 1.542847698540706
1467 1.540870879716897
1468 1.538896246571181
1469 1.536923797139506
1470 1.534953529459835
1471 1.53298544157215
1472 1.53101953151844
1473 1.529055797342704
1474 1.527094237090944
1475 1.525134848811163
1476 1.523177630553359
1477 1.521222580369525
1478 1.519269696313651
1479 1.51731897644171
1480 1.515370418811667
1481 1.513424021483466
1482 1.511479782519022
1483 1.509537699982211
1484 1.507597771938864
1485 1.50565999645675
1486 1.503724371605568
1487 1.501790895456937
1488 1.499859566084394
1489 1.497930381563388
1490 1.49600333997129
1491 1.494078439387403
1492 1.492155677892978
1493 1.490235053571235
1494 1.488316564507387
1495 1.486400208788675
1496 1.484485984504387
1497 1.482573889745889
1498 1.480663922606655
1499 1.478756081182278
1500 1.476850363570491
1501 1.474946767871173
1502 1.473045292186352
1503 1.471145934620205
1504 1.46924869327905
1505 1.467353566271333
1506 1.46546055170762
1507 1.463569647700584
1508 1.461680852364986
1509 1.459794163817675
1510 1.457909580177572
1511 1.456027099565665
1512 1.454146720105006
1513 1.452268439920712
1514 1.450392257139961
1515 1.448518169891999
1516 1.446646176308138
1517 1.444776274521767
1518 1.44290846266835
1519 1.441042738885435
1520 1.439179101312661
1521 1.43731754809176
1522 1.435458077366573
1523 1.433600687283055
1524 1.431745375989287
1525 1.429892141635491
1526 1.428040982374045
1527 1.426191896359497
1528 1.424344881748587
1529 1.422499936700263
1530 1.420657059375692
1531 1.418816247938282
1532 1.416977500553687
1533 1.415140815389825
1534 1.413306190616873
1535 1.411473624407279
1536 1.409643114935755
1537 1.407814660379278
1538 1.40598825891708
1539 1.404163908730648
1540 1.402341608003715
1541 1.400521354922257
1542 1.398703147674491
1543 1.396886984450876
1544 1.395072863444114
1545 1.393260782849159
1546 1.391450740863228
1547 1.38964273568581
1548 1.387836765518683
1549 1.38603282856593
1550 1.384230923033955
1551 1.3824310471315
1552 1.380633199069659
1553 1.378837377061901
1554 1.377043579324074
1555 1.375251804074424
1556 1.373462049533608
1557 1.371674313924703
1558 1.369888595473214
1559 1.368104892407091
1560 1.366323202956734
1561 1.364543525355003
1562 1.362765857837229
1563 1.360990198641222
1564 1.359216546007277
1565 1.357444898178188
1566 1.355675253399247
1567 1.353907609918251
1568 1.352141965985507
1569 1.350378319853833
1570 1.348616669778562
1571 1.346857014017535
1572 1.345099350831111
1573 1.343343678482163
1574 1.341589995236086
1575 1.339838299360799
1576 1.338088589126755
1577 1.336340862806956
1578 1.334595118676965
1579 1.33285135501493
1580 1.331109570101605
1581 1.329369762220372
1582 1.327631929657276
1583 1.325896070701048
1584 1.324162183643135
1585 1.32243026677773
1586 1.320700318401795
1587 1.318972336815092
1588 1.317246320320201
1589 1.315522267222534
1590 1.313800175830365
1591 1.312080044454831
1592 1.310361871409948
1593 1.308645655012623
1594 1.306931393582658
1595 1.305219085442762
1596 1.303508728918554
1597 1.301800322338576
1598 1.300093864034294
1599 1.298389352340114
1600 1.296686785593386
1601 1.294986162134419
1602 1.293287480306488
1603 1.291590738455852
1604 1.289895934931766
1605 1.288203068086495
1606 1.286512136275331
1607 1.284823137856608
1608 1.283136071191729
1609 1.281450934645177
1610 1.279767726584544
1611 1.27808644538055
1612 1.276407089407075
1613 1.27472965704118
1614 1.273054146663143
1615 1.271380556656482
1616 1.269708885407992
1617 1.268039131307775
1618 1.26637129274927
1619 1.264705368129287
1620 1.263041355848032
1621 1.261379254309146
1622 1.259719061919719
1623 1.25806077709033
1624 1.256404398235061
1625 1.254749923771524
1626 1.253097352120884
1627 1.251446681707879
1628 1.249797910960839
1629 1.248151038311712
1630 1.246506062196078
1631 1.244862981053179
1632 1.24322179332594
1633 1.241582497460994
1634 1.23994509190871
1635 1.238309575123222
1636 1.236675945562461
1637 1.235044201688182
1638 1.233414341966006
1639 1.231786364865448
1640 1.230160268859958
1641 1.228536052426954
1642 1.226913714047861
1643 1.225293252208152
1644 1.223674665397381
1645 1.222057952109228
1646 1.220443110841534
1647 1.218830140096344
1648 1.217219038379949
1649 1.215609804202921
1650 1.214002436080161
1651 1.212396932530938
1652 1.210793292078929
1653 1.209191513252263
1654 1.207591594583563
1655 1.205993534609986
1656 1.204397331873263
1657 1.202802984919746
1658 1.201210492300441
1659 1.199619852571056
1660 1.198031064292035
1661 1.196444126028606
1662 1.19485903635082
1663 1.193275793833596
1664 1.191694397056761
1665 1.190114844605104
1666 1.188537135068421
1667 1.186961267041567
1668 1.185387239124508
1669 1.183815049922382
1670 1.182244698045552
1671 1.180676182109673
1672 1.179109500735749
1673 1.177544652550205
1674 1.175981636184949
1675 1.174420450277437
1676 1.172861093470748
1677 1.171303564413649
1678 1.169747861760663
1679 1.16819398417214
1680 1.166641930314325
1681 1.165091698859429
1682 1.163543288485695
1683 1.161996697877468
1684 1.160451925725267
1685 1.158908970725849
1686 1.157367831582284
1687 1.155828507004024
1688 1.154290995706974
1689 1.152755296413567
1690 1.151221407852832
1691 1.14968932876048
1692 1.148159057878969
1693 1.14663059395759
1694 1.145103935752543
1695 1.143579082027024
1696 1.142056031551301
1697 1.140534783102808
1698 1.139015335466229
1699 1.13749768743359
1700 1.135981837804356
1701 1.134467785385521
1702 1.132955528991713
1703 1.131445067445296
1704 1.129936399576472
1705 1.12842952422339
1706 1.12692444023226
1707 1.125421146457465
1708 1.123919641761674
1709 1.122419925015963
1710 1.120921995099935
1711 1.119425850901841
1712 1.117931491318706
1713 1.116438915256448
1714 1.114948121630011
1715 1.113459109363491
1716 1.111971877390262
1717 1.110486424653109
1718 1.109002750104362
1719 1.107520852706027
1720 1.106040731429924
1721 1.104562385257822
1722 1.103085813181588
1723 1.101611014203321
1724 1.100137987335504
1725 1.098666731601153
1726 1.097197246033971
1727 1.095729529678505
1728 1.094263581590305
1729 1.09279940083609
1730 1.091336986493918
1731 1.089876337653354
1732 1.08841745341565
1733 1.086960332893927
1734 1.085504975213356
1735 1.084051379511348
1736 1.082599544937748
1737 1.081149470655032
1738 1.079701155838509
1739 1.078254599676526
1740 1.07680980137068
1741 1.075366760136033
1742 1.073925475201328
1743 1.072485945809216
1744 1.071048171216485
1745 1.069612150694288
1746 1.068177883528385
1747 1.066745369019383
1748 1.065314606482983
1749 1.06388559525023
1750 1.062458334667771
1751 1.061032824098112
1752 1.05960906291989
1753 1.058187050528137
1754 1.056766786334566
1755 1.055348269767847
1756 1.0539315002739
1757 1.05251647731619
1758 1.05110320037603
1759 1.04969166895289
1760 1.048281882564718
1761 1.046873840748259
1762 1.045467543059397
1763 1.044062989073486
1764 1.042660178385708
1765 1.041259110611428
1766 1.039859785386559
1767 1.038462202367942
1768 1.037066361233725
1769 1.035672261683759
1770 1.034279903439999
1771 1.032889286246917
1772 1.031500409871917
1773 1.030113274105769
1774 1.028727878763049
1775 1.027344223682581
1776 1.025962308727904
1777 1.024582133787733
1778 1.023203698776441
1779 1.021827003634552
1780 1.020452048329237
1781 1.019078832854826
1782 1.017707357233339
1783 1.01633762151501
1784 1.014969625778848
1785 1.013603370133189
1786 1.012238854716276
1787 1.010876079696842
1788 1.009515045274721
1789 1.008155751681456
1790 1.006798199180937
1791 1.005442388070048
1792 1.004088318679331
1793 1.002735991373668
1794 1.001385406552976
1795 1.000036564652928
1796 0.9986894661456861
1797 0.9973441115406524
1798 0.996000501385246
1799 0.9946586362656925
1800 0.9933185168078406
1801 0.9919801436779935
1802 0.990643517583766
1803 0.9893086392749615
1804 0.9879755095444721
1805 0.9866441292292015
1806 0.9853144992110103
1807 0.9839866204176871
1808 0.9826604938239408
1809 0.9813361204524229
1810 0.9800135013747705
1811 0.9786926377126796
1812 0.9773735306390028
1813 0.976056181378877
1814 0.9747405912108792
1815 0.9734267614682128
1816 0.9721146935399222
1817 0.9708043888721433
1818 0.9694958489693828
1819 0.9681890753958344
1820 0.9668840697767277
1821 0.9655808337997139
1822 0.9642793692162902
1823 0.9629796778432601
1824 0.9616817615642369
1825 0.9603856223311831
1826 0.9590912621659968
1827 0.9577986831621387
1828 0.9565078874863059
1829 0.9552188773801499
1830 0.9539316551620434
1831 0.9526462232288961
1832 0.951362584058021
1833 0.9500807402090528
1834 0.9488006943259195
1835 0.9475224491388694
1836 0.946246007466556
1837 0.9449713722181798
1838 0.9436985463956925
1839 0.9424275330960608
1840 0.9411583355135968
1841 0.9398909569423531
1842 0.9386254007785869
1843 0.9373616705232912
1844 0.9360997697848028
1845 0.9348397022814827
1846 0.9335814718444708
1847 0.9323250824205251
1848 0.931070538074938
1849 0.9298178429945401
1850 0.9285670014907893
1851 0.9273180180029508
1852 0.9260708971013707
1853 0.9248256434908437
1854 0.9235822620140824
1855 0.9223407576552867
1856 0.92110113554382
1857 0.9198634009579957
1858 0.9186275593289742
1859 0.917393616244778
1860 0.9161615774544274
1861 0.9149314488721988
1862 0.913703236582012
1863 0.9124769468419507
1864 0.911252586088918
1865 0.9100301609434345
1866 0.908809678214579
1867 0.9075911449050849
1868 0.9063745682165856
1869 0.9051599555550235
1870 0.9039473145362232
1871 0.9027366529916363
1872 0.9015279789742595
1873 0.9003213007647385
1874 0.8991166268776554
1875 0.8979139660680148
1876 0.8967133273379241
1877 0.8955147199434842
1878 0.8943181534018938
1879 0.8931236374987711
1880 0.8919311822957059
1881 0.8907407981380436
1882 0.8895524956629139
1883 0.8883662858075089
1884 0.8871821798176188
1885 0.8860001892564358
1886 0.8848203260136317
1887 0.8836426023147214
1888 0.8824670307307193
1889 0.8812936241880968
1890 0.8801223959790552
1891 0.8789533597721186
1892 0.8777865296230608
1893 0.876621919986174
1894 0.8754595457258935
1895 0.8742994221287853
1896 0.8731415649159104
1897 0.8719859902555774
1898 0.8708327147764932
1899 0.869681755581326
1900 0.868533130260694
1901 0.867386856907588
1902 0.8662429541322432
1903 0.8651014410774754
1904 0.8639623374344911
1905 0.8628256634591875
1906 0.861691439988956
1907 0.8605596884600007
1908 0.8594304309251912
1909 0.8583036900724559
1910 0.8571794892437415
1911 0.8560578524545417
1912 0.8549388044140168
1913 0.8538223705457191
1914 0.8527085770089348
1915 0.8515974507206597
1916 0.8504890193782249
1917 0.8493833114825842
1918 0.8482803563622783
1919 0.84718018419809
1920 0.8460828260484083
1921 0.8449883138753072
1922 0.8438966805713568
1923 0.8428079599871792
1924 0.8417221869597602
1925 0.8406393973415274
1926 0.839559628030202
1927 0.8384829169994383
1928 0.837409303330256
1929 0.8363388272432668
1930 0.8352715301317092
1931 0.8342074545952852
1932 0.8331466444748065
1933 0.8320891448876422
1934 0.8310350022639699
1935 0.8299842643838206
1936 0.8289369804149078
1937 0.8278932009512276
1938 0.8268529780524144
1939 0.8258163652838293
1940 0.8247834177573581
1941 0.8237541921728881
1942 0.8227287468604267
1943 0.8217071418228253
1944 0.8206894387790561
1945 0.8196757012079903
1946 0.8186659943926192
1947 0.8176603854646436
1948 0.8166589434493577
1949 0.8156617393107405
1950 0.814668845996656
1951 0.8136803384840583
1952 0.8126962938240779
1953 0.8117167911868649
1954 0.8107419119060395
1955 0.809771739522597
1956 0.8088063598280902
1957 0.8078458609069066
1958 0.8068903331774294
1959 0.8059398694318679
1960 0.8049945648745105
1961 0.8040545171581428
1962 0.8031198264183508
1963 0.8021905953054076
1964 0.8012669290134181
1965 0.8003489353063752
1966 0.7994367245407596
1967 0.798530409684281
1968 0.7976301063303457
1969 0.7967359327078001
1970 0.7958480096854771
1971 0.7949664607710428
1972 0.7940914121036218
1973 0.7932229924396381
1974 0.792361333131299
1975 0.7915065680971073
1976 0.7906588337837764
1977 0.7898182691188863
1978 0.7889850154536048
1979 0.7881592164947729
1980 0.7873410182256394
1981 0.7865305688145093
1982 0.7857280185105643
1983 0.7849335195261034
1984 0.7841472259044496
1985 0.7833692933727721
1986 0.7825998791790808
1987 0.7818391419126672
1988 0.7810872413072916
1989 0.7803443380264399
1990 0.7796105934300276
1991 0.7788861693219714
1992 0.7781712276781101
1993 0.7774659303540413
1994 0.7767704387725157
1995 0.7760849135901394
1996 0.775409514343243
1997 0.774744399072912
1998 0.7740897239293099
1999 0.7734456427555829
2000 0.7728123066518228
2001 0.7721898635197296
2002 0.7715784575888425
2003 0.770978228925407
2004 0.7703893129251872
2005 0.7698118397917653
2006 0.769245934002127
2007 0.7686917137615897
2008 0.7681492904503876
2009 0.7676187680645092
2010 0.7671002426536304
2011 0.7665938017592636
2012 0.7660995238564845
2013 0.7656174778028479
2014 0.765147722298319
2015 0.7646903053602515
2016 0.7642452638176138
2017 0.7638126228288099
2018 0.7633923954275378
2019 0.7629845821011892
2020 0.7625891704063157
2021 0.7622061346256298
2022 0.7618354354709321
2023 0.7614770198361874
2024 0.7611308206047672
2025 0.7607967565145861
2026 0.7604747320845311
2027 0.7601646376051661
2028 0.759866349196235
2029 0.7595797289329639
2030 0.7593046250425838
2031 0.75904087217188
2032 0.7587882917259043
2033 0.7585466922772988
2034 0.758315870044969
2035 0.7580956094401088
2036 0.7578856836768667
2037 0.7576858554442235
2038 0.7574958776349623
2039 0.7573154941269682
2040 0.7571444406114787
2041 0.7569824454623729
2042 0.7568292306401031
2043 0.7566845126234784
2044 0.7565480033622031
2045 0.7564194112428463
2046 0.7562984420608037
2047 0.7561847999907864
2048 0.7560781885484474
2049 0.7559783115359332
2050 0.7558848739644151
2051 0.7557975829470071
2052 0.7557161485559246
2053 0.7556402846382403
2054 0.7555697095851753
2055 0.7555041470504812
2056 0.7554433266141453
2057 0.7553869843883345
2058 0.7553348635632101
2059 0.7552867148909576
2060 0.7552422971070746
2061 0.7552013772886557
2062 0.7551637311500602
2063 0.7551291432769707
2064 0.7550974073004191
2065 0.7550683260128793
2066 0.7550417114289829
2067 0.7550173847938172
2068 0.7549951765420988
2069 0.7549749262117863
2070 0.7549564823159112
2071 0.7549397021765404
2072 0.7549244517248773
2073 0.7549106052715374
2074 0.754898045251002
2075 0.7548866619441986
2076 0.7548763531830299
2077 0.7548670240405272
2078 0.7548585865101306
2079 0.75485095917738
2080 0.7548440668870827
2081 0.7548378404087788
2082 0.7548322161030722
2083 0.7548271355911429
2084 0.7548225454294908
2085 0.7548183967917148
2086 0.7548146451588709
2087 0.754811250019724
2088 0.7548081745819654
2089 0.754805385495265
2090 0.7548028525868135
2091 0.7548005486098276
2092 0.7547984490053241
2093 0.7547965316773091
2094 0.7547947767813952
2095 0.7547931665267338
2096 0.7547916849910535
2097 0.7547903179484969
2098 0.7547890527098726
2099 0.7547878779748908
2100 0.7547867836958813
2101 0.7547857609524729
2102 0.7547848018366787
2103 0.7547838993478132
2104 0.7547830472966603
2105 0.7547822402183096
2106 0.7547814732930843
2107 0.7547807422749873
2108 0.754780043427118
2109 0.7547793734635195
2110 0.7547787294969405
2111 0.7547781089920264
2112 0.7547775097234669
2113 0.7547769297386639
2114 0.7547763673245055
2115 0.7547758209778584
2116 0.7547752893794195
2117 0.7547747713705953
2118 0.7547742659330988
2119 0.7547737721709826
2120 0.754773289294848
2121 0.7547728166079949
2122 0.7547723534942967
2123 0.7547718994076055
2124 0.7547714538625095
2125 0.7547710164262875
2126 0.7547705867119141
2127 0.7547701643719918
2128 0.7547697490934901
2129 0.7547693405931981
2130 0.7547689386137928
2131 0.7547685429204484
2132 0.7547681532979147
2133 0.7547677695480002
2134 0.7547673914874105
2135 0.754767018945887
2136 0.7547666517646132
2137 0.7547662897948421
2138 0.754765932896721
2139 0.7547655809382833
2140 0.7547652337945817
2141 0.7547648913469445
2142 0.7547645534823365
2143 0.7547642200928104
2144 0.7547638910750313
2145 0.7547635663298697
2146 0.7547632457620467
2147 0.7547629292798286
2148 0.7547626167947592
2149 0.7547623082214279
2150 0.7547620034772653
2151 0.7547617024823642
2152 0.7547614051593207
2153 0.754761111433094
2154 0.7547608212308802
2155 0.7547605344820001
2156 0.7547602511177973
2157 0.7547599710715454
2158 0.7547596942783644
2159 0.7547594206751432
2160 0.7547591502004686
2161 0.7547588827945584
2162 0.7547586183992008
2163 0.7547583569576961
2164 0.7547580984148038
2165 0.7547578427166908
2166 0.754757589810883
2167 0.7547573396462204
2168 0.7547570921728134
2169 0.7547568473420012
2170 0.7547566051063126
2171 0.7547563654194278
2172 0.7547561282361441
2173 0.754755893512339
2174 0.7547556612049384
2175 0.7547554312718846
2176 0.7547552036721057
2177 0.7547549783654868
2178 0.7547547553128408
2179 0.7547545344758833
2180 0.7547543158172053
2181 0.7547540993002488
2182 0.754753884889283
2183 0.754753672549381
2184 0.7547534622463986
2185 0.7547532539469523
2186 0.7547530476183989
2187 0.754752843228817
2188 0.7547526407469859
2189 0.7547524401423691
2190 0.7547522413850962
2191 0.7547520444459457
2192 0.7547518492963274
2193 0.7547516559082694
2194 0.7547514642543983
2195 0.7547512743079273
2196 0.7547510860426401
2197 0.7547508994328757
2198 0.7547507144535163
2199 0.7547505310799721
2200 0.7547503492881679
2201 0.7547501690545306
2202 0.7547499903559766
2203 0.7547498131698971
2204 0.7547496374741487
2205 0.7547494632470386
2206 0.7547492904673148
2207 0.7547491191141528
2208 0.7547489491671461
2209 0.7547487806062937
2210 0.7547486134119901
2211 0.7547484475650142
2212 0.7547482830465195
2213 0.7547481198380233
2214 0.7547479579213977
2215 0.7547477972788599
2216 0.7547476378929628
2217 0.7547474797465866
2218 0.7547473228229283
2219 0.7547471671054954
2220 0.7547470125780961
2221 0.7547468592248322
2222 0.7547467070300901
2223 0.7547465559785346
2224 0.7547464060551002
2225 0.7547462572449852
2226 0.7547461095336427
2227 0.7547459629067754
2228 0.7547458173503285
2229 0.7547456728504834
2230 0.7547455293936505
2231 0.7547453869664633
2232 0.7547452455557725
2233 0.7547451051486409
2234 0.7547449657323356
2235 0.7547448272943258
2236 0.7547446898222742
2237 0.7547445533040331
2238 0.7547444177276398
2239 0.754744283081312
2240 0.7547441493534424
2241 0.7547440165325946
2242 0.7547438846075
2243 0.7547437535670531
2244 0.754743623400309
2245 0.7547434940964786
2246 0.7547433656449275
2247 0.7547432380351715
2248 0.7547431112568759
2249 0.7547429852998524
2250 0.7547428601540577
2251 0.7547427358095914
2252 0.7547426122566953
2253 0.7547424894857516
2254 0.7547423674872826
2255 0.7547422462519491
2256 0.7547421257705509
2257 0.7547420060340261
2258 0.7547418870334501
2259 0.7547417687600355
2260 0.7547416512051326
2261 0.7547415343602275
2262 0.7547414182169435
2263 0.7547413027670398
2264 0.7547411880024112
2265 0.7547410739150876
2266 0.7547409604972335
2267 0.7547408477411459
2268 0.754740735639255
2269 0.7547406241841218
2270 0.7547405133684369
2271 0.7547404031850191
2272 0.7547402936268132
2273 0.7547401846868879
2274 0.7547400763584342
2275 0.7547399686347618
2276 0.7547398615092974
2277 0.7547397549755825
2278 0.7547396490272679
2279 0.7547395436581134
2280 0.7547394388619827
2281 0.7547393346328413
2282 0.7547392309647527
2283 0.7547391278518751
2284 0.7547390252884575
2285 0.7547389232688366
2286 0.7547388217874335
2287 0.7547387208387498
2288 0.7547386204173645
2289 0.7547385205179304
2290 0.754738421135172
2291 0.7547383222638803
2292 0.7547382238989118
2293 0.7547381260351841
2294 0.7547380286676743
2295 0.7547379317914149
2296 0.7547378354014924
2297 0.7547377394930445
2298 0.7547376440612575
2299 0.7547375491013654
2300 0.7547374546086461
2301 0.754737360578421
2302 0.7547372670060531
2303 0.7547371738869449
2304 0.7547370812165377
2305 0.7547369889903098
2306 0.7547368972037767
2307 0.7547368058524889
2308 0.7547367149320316
2309 0.754736624438025
2310 0.7547365343661234
2311 0.7547364447120147
2312 0.7547363554714202
2313 0.754736266640096
2314 0.7547361782138324
2315 0.7547360901884544
2316 0.7547360025598223
2317 0.7547359153238323
2318 0.754735828476419
2319 0.7547357420135528
2320 0.7547356559312443
2321 0.7547355702255446
2322 0.754735484892546
2323 0.7547353999283832
2324 0.7547353153292355
2325 0.7547352310913272
2326 0.7547351472109296
2327 0.7547350636843618
2328 0.7547349805079926
2329 0.7547348976782413
2330 0.7547348151915781
2331 0.7547347330445268
2332 0.7547346512336639
2333 0.7547345697556204
2334 0.754734488607082
2335 0.7547344077847903
2336 0.7547343272855416
2337 0.7547342471061873
2338 0.7547341672436353
2339 0.7547340876948474
2340 0.754734008456841
2341 0.7547339295266866
2342 0.7547338509015068
2343 0.7547337725784768
2344 0.7547336945548223
2345 0.7547336168278176
2346 0.7547335393947845
2347 0.7547334622530907
2348 0.7547333854001476
2349 0.7547333088334084
2350 0.7547332325503664
2351 0.7547331565485527
2352 0.7547330808255335
2353 0.7547330053789096
2354 0.7547329302063126
2355 0.7547328553054026
2356 0.7547327806738675
2357 0.7547327063094195
2358 0.7547326322097931
2359 0.7547325583727442
2360 0.7547324847960468
2361 0.7547324114774911
2362 0.7547323384148824
2363 0.7547322656060386
2364 0.7547321930487885
2365 0.7547321207409703
2366 0.7547320486804311
2367 0.7547319768650236
2368 0.7547319052926054
2369 0.7547318339610386
2370 0.7547317628681882
2371 0.7547316920119208
2372 0.7547316213901041
2373 0.7547315510006055
2374 0.7547314808412933
2375 0.7547314109100339
2376 0.7547313412046941
2377 0.7547312717231385
2378 0.7547312024632322
2379 0.7547311334228393
2380 0.7547310645998238
2381 0.7547309959920502
2382 0.7547309275973856
2383 0.7547308594136996
2384 0.7547307914388658
2385 0.7547307236707639
2386 0.754730656107281
2387 0.7547305887463133
2388 0.7547305215857696
2389 0.7547304546235715
2390 0.7547303878576578
2391 0.7547303212859857
2392 0.7547302549065338
2393 0.7547301887173052
2394 0.7547301227163287
2395 0.7547300569016632
2396 0.7547299912713995
2397 0.7547299258236631
2398 0.7547298605566164
2399 0.7547297954684605
2400 0.7547297305574379
2401 0.7547296658218335
2402 0.7547296012599761
2403 0.7547295368702409
2404 0.7547294726510478
2405 0.7547294086008639
2406 0.7547293447182025
2407 0.7547292810016226
2408 0.7547292174497298
2409 0.754729154061172
2410 0.7547290908346407
2411 0.754729027768868
2412 0.7547289648626246
2413 0.754728902114716
2414 0.7547288395239815
2415 0.7547287770892896
2416 0.754728714809536
2417 0.7547286526836386
2418 0.7547285907105358
2419 0.7547285288891799
2420 0.7547284672185369
2421 0.7547284056975807
2422 0.7547283443252897
2423 0.7547282831006431
2424 0.7547282220226196
2425 0.754728161090191
2426 0.7547281003023227
2427 0.7547280396579682
2428 0.7547279791560682
2429 0.7547279187955486
2430 0.7547278585753184
2431 0.754727798494268
2432 0.7547277385512687
2433 0.7547276787451718
2434 0.7547276190748077
2435 0.7547275595389854
2436 0.754727500136494
2437 0.754727440866102
2438 0.7547273817265578
2439 0.7547273227165918
2440 0.7547272638349161
2441 0.7547272050802258
2442 0.754727146451202
2443 0.7547270879465118
2444 0.7547270295648111
2445 0.7547269713047461
2446 0.7547269131649541
2447 0.7547268551440679
2448 0.7547267972407155
2449 0.7547267394535239
2450 0.7547266817811208
2451 0.7547266242221361
2452 0.7547265667752048
2453 0.7547265094389692
2454 0.7547264522120816
2455 0.7547263950932052
2456 0.7547263380810174
2457 0.7547262811742125
2458 0.7547262243715031
2459 0.7547261676716222
2460 0.7547261110733263
2461 0.7547260545753972
2462 0.754725998176644
2463 0.7547259418759057
2464 0.754725885672052
2465 0.754725829563987
2466 0.7547257735506502
2467 0.7547257176310173
2468 0.7547256618041027
2469 0.7547256060689611
2470 0.7547255504246871
2471 0.7547254948704166
2472 0.7547254394053274
2473 0.7547253840286394
2474 0.7547253287396135
2475 0.7547252735375517
2476 0.7547252184217951
2477 0.7547251633917237
2478 0.7547251084467524
2479 0.754725053586331
2480 0.754724998809939
2481 0.7547249441170836
2482 0.7547248895072957
2483 0.7547248349801267
2484 0.7547247805351425
2485 0.7547247261719212
2486 0.7547246718900463
2487 0.7547246176891019
2488 0.7547245635686693
2489 0.7547245095283206
2490 0.754724455567614
2491 0.7547244016860892
2492 0.7547243478832629
2493 0.7547242941586241
2494 0.7547242405116305
2495 0.7547241869417037
2496 0.7547241334482281
2497 0.7547240800305466
2498 0.7547240266879592
2499 0.7547239734197215
2500 0.7547239202250436
2501 0.7547238671030888
2502 0.7547238140529764
2503 0.7547237610737801
2504 0.7547237081645323
2505 0.7547236553242227
2506 0.7547236025518045
2507 0.7547235498461962
2508 0.7547234972062852
2509 0.7547234446309337
2510 0.7547233921189811
2511 0.7547233396692516
2512 0.7547232872805578
2513 0.7547232349517078
2514 0.7547231826815097
2515 0.7547231304687797
2516 0.7547230783123456
2517 0.7547230262110544
2518 0.7547229741637774
2519 0.7547229221694175
2520 0.7547228702269116
2521 0.7547228183352384
2522 0.7547227664934217
2523 0.7547227147005346
2524 0.7547226629557027
2525 0.7547226112581077
2526 0.754722559606989
2527 0.7547225080016443
2528 0.7547224564414327
2529 0.7547224049257724
2530 0.754722353454141
2531 0.7547223020260735
2532 0.7547222506411599
2533 0.7547221992990434
2534 0.7547221479994145
2535 0.7547220967420089
2536 0.754722045526602
2537 0.7547219943530042
2538 0.754721943221054
2539 0.7547218921306142
2540 0.7547218410815654
2541 0.7547217900737992
2542 0.7547217391072135
2543 0.7547216881817056
2544 0.7547216372971682
2545 0.7547215864534829
2546 0.7547215356505148
2547 0.7547214848881091
2548 0.7547214341660859
2549 0.7547213834842376
2550 0.7547213328423247
2551 0.7547212822400726
2552 0.7547212316771712
2553 0.7547211811532708
2554 0.7547211306679819
2555 0.7547210802208751
2556 0.754721029811479
2557 0.754720979439281
2558 0.7547209291037278
2559 0.7547208788042261
2560 0.7547208285401436
2561 0.7547207783108099
2562 0.754720728115519
2563 0.7547206779535313
2564 0.7547206278240755
2565 0.7547205777263505
2566 0.7547205276595297
2567 0.7547204776227628
2568 0.7547204276151795
2569 0.7547203776358922
2570 0.7547203276839998
2571 0.754720277758591
2572 0.7547202278587477
2573 0.7547201779835485
2574 0.7547201281320729
2575 0.7547200783034043
2576 0.7547200284966322
2577 0.7547199787108581
2578 0.7547199289451959
2579 0.7547198791987761
2580 0.7547198294707488
2581 0.7547197797602859
2582 0.7547197300665829
2583 0.7547196803888617
2584 0.7547196307263734
2585 0.754719581078398
2586 0.7547195314442483
2587 0.7547194818232703
2588 0.7547194322148444
2589 0.7547193826183873
2590 0.754719333033353
2591 0.7547192834592341
2592 0.7547192338955621
2593 0.7547191843419095
2594 0.75471913479789
2595 0.7547190852631577
2596 0.7547190357374104
2597 0.7547189862203865
2598 0.7547189367118665
2599 0.7547188872116728
2600 0.754718837719667
2601 0.7547187882357489
2602 0.7547187387598551
2603 0.7547186892919547
2604 0.7547186398320476
2605 0.7547185903801588
2606 0.7547185409363357
2607 0.7547184915006414
2608 0.7547184420731494
2609 0.7547183926539378
2610 0.7547183432430826
2611 0.7547182938406511
2612 0.7547182444466952
2613 0.7547181950612436
2614 0.754718145684296
2615 0.7547180963158169
2616 0.7547180469557287
2617 0.7547179976039061
2618 0.7547179482601714
2619 0.7547178989242896
2620 0.7547178495959654
2621 0.7547178002748391
2622 0.7547177509604851
2623 0.7547177016524101
2624 0.7547176523500523
2625 0.7547176030527816
2626 0.7547175537599004
2627 0.7547175044706435
2628 0.7547174551841814
2629 0.7547174058996226
2630 0.7547173566160161
2631 0.7547173073323559
2632 0.7547172580475835
2633 0.7547172087605946
2634 0.7547171594702426
2635 0.7547171101753465
2636 0.7547170608746963
2637 0.7547170115670605
2638 0.7547169622511952
2639 0.7547169129258514
2640 0.7547168635897873
2641 0.7547168142417751
2642 0.7547167648806151
2643 0.754716715505146
2644 0.7547166661142558
2645 0.7547166167068962
2646 0.7547165672820919
2647 0.7547165178389543
2648 0.7547164683766909
2649 0.7547164188946153
2650 0.7547163693921566
2651 0.7547163198688656
2652 0.7547162703244196
2653 0.7547162207586265
2654 0.7547161711714242
2655 0.7547161215628775
2656 0.754716071933176
2657 0.7547160222826245
2658 0.7547159726116337
2659 0.7547159229207089
2660 0.754715873210434
2661 0.7547158234814572
2662 0.7547157737344725
2663 0.7547157239702023
2664 0.7547156741893768
2665 0.7547156243927178
2666 0.7547155745809174
2667 0.7547155247546236
2668 0.7547154749144227
2669 0.754715425060825
2670 0.7547153751942527
2671 0.7547153253150309
2672 0.7547152754233786
2673 0.754715225519404
2674 0.7547151756031009
2675 0.7547151256743483
2676 0.7547150757329115
2677 0.7547150257784438
2678 0.7547149758104916
2679 0.7547149258284993
2680 0.7547148758318155
2681 0.7547148258196997
2682 0.7547147757913295
2683 0.7547147257458071
2684 0.7547146756821664
2685 0.7547146255993806
2686 0.754714575496368
2687 0.7547145253720001
2688 0.7547144752251075
2689 0.754714425054486
2690 0.7547143748589052
2691 0.7547143246371143
2692 0.7547142743878512
2693 0.7547142241098506
2694 0.7547141738018527
2695 0.754714123462614
2696 0.7547140730909164
2697 0.7547140226855785
2698 0.7547139722454674
2699 0.7547139217695086
2700 0.7547138712566976
2701 0.7547138207061095
2702 0.7547137701169072
2703 0.7547137194883495
2704 0.754713668819798
2705 0.7547136181107185
2706 0.7547135673606834
2707 0.7547135165693711
2708 0.7547134657365615
2709 0.7547134148621308
2710 0.7547133639460428
2711 0.7547133129883393
2712 0.754713261989129
2713 0.7547132109485749
2714 0.754713159866882
2715 0.7547131087442848
2716 0.7547130575810339
2717 0.7547130063773875
2718 0.7547129551336017
2719 0.7547129038499234
2720 0.7547128525265867
2721 0.7547128011638082
2722 0.7547127497617905
2723 0.7547126983207222
2724 0.7547126468407833
2725 0.75471259532215
2726 0.7547125437650013
2727 0.7547124921695265
2728 0.754712440535932
2729 0.7547123888644457
2730 0.7547123371553232
2731 0.7547122854088504
2732 0.7547122336253437
2733 0.7547121818051505
2734 0.754712129948646
2735 0.7547120780562273
2736 0.7547120261283081
2737 0.7547119741653115
2738 0.7547119221676624
2739 0.7547118701357796
2740 0.7547118180700714
2741 0.7547117659709291
2742 0.7547117138387268
2743 0.7547116616738206
2744 0.754711609476554
2745 0.754711557247265
2746 0.7547115049862979
2747 0.7547114526940175
2748 0.7547114003708285
2749 0.754711348017195
2750 0.7547112956336645
2751 0.75471124322089
2752 0.754711190779657
2753 0.7547111383109041
2754 0.754711085815747
2755 0.7547110332954977
2756 0.7547109807516812
2757 0.7547109281860486
2758 0.7547108756005859
2759 0.75471082299752
2760 0.75471077037932
2761 0.7547107177486956
2762 0.7547106651085924
2763 0.7547106124621876
2764 0.7547105598128813
2765 0.7547105071642919
2766 0.7547104545202505
2767 0.7547104018847994
2768 0.7547103492621922
2769 0.7547102966568981
2770 0.7547102440736136
2771 0.7547101915172726
2772 0.7547101389930631
2773 0.7547100865064477
2774 0.7547100340631819
2775 0.7547099816693364
2776 0.7547099293313148
2777 0.7547098770558669
2778 0.7547098248501011
2779 0.7547097727214838
2780 0.754709720677835
2781 0.7547096687273108
2782 0.7547096168783777
2783 0.7547095651397748
2784 0.7547095135204678
2785 0.7547094620295932
2786 0.7547094106763929
2787 0.7547093594701456
2788 0.7547093084200933
2789 0.7547092575353669
2790 0.7547092068249134
2791 0.7547091562974247
2792 0.7547091059612749
2793 0.7547090558244628
2794 0.7547090058945642
2795 0.7547089561786942
2796 0.7547089066834781
2797 0.7547088574150341
2798 0.7547088083789641
2799 0.7547087595803519
2800 0.7547087110237705
2801 0.754708662713292
2802 0.7547086146525021
2803 0.7547085668445166
2804 0.7547085192919958
2805 0.7547084719971604
2806 0.7547084249618015
2807 0.7547083781872883
2808 0.754708331674572
2809 0.7547082854241848
2810 0.7547082394362338
2811 0.7547081937103919
2812 0.7547081482458869
2813 0.7547081030414871
2814 0.7547080580954862
2815 0.7547080134056914
2816 0.7547079689694102
2817 0.7547079247834433
2818 0.7547078808440818
2819 0.7547078371471089
2820 0.7547077936878092
2821 0.754707750460986
2822 0.7547077074609847
2823 0.7547076646817252
2824 0.754707622116739
2825 0.7547075797592165
2826 0.7547075376020563
2827 0.7547074956379214
2828 0.7547074538592971
2829 0.7547074122585512
2830 0.7547073708279936
2831 0.7547073295599341
2832 0.7547072884467383
2833 0.7547072474808761
2834 0.7547072066549678
2835 0.754707165961819
2836 0.7547071253944503
2837 0.7547070849461196
2838 0.7547070446103317
2839 0.754707004380844
2840 0.7547069642516611
2841 0.7547069242170235
2842 0.7547068842713892
2843 0.7547068444094113
2844 0.754706804625911
2845 0.7547067649158483
2846 0.7547067252742907
2847 0.7547066856963849
2848 0.7547066461773289
2849 0.7547066067123464
2850 0.7547065672966676
2851 0.7547065279255128
2852 0.754706488594084
2853 0.7547064492975589
2854 0.754706410031095
2855 0.7547063707898358
2856 0.754706331568925
2857 0.7547062923635239
2858 0.7547062531688336
2859 0.7547062139801178
2860 0.7547061747927303
2861 0.7547061356021407
2862 0.7547060964039612
2863 0.7547060571939714
2864 0.7547060179681394
2865 0.7547059787226416
2866 0.7547059394538764
2867 0.7547059001584747
2868 0.7547058608333042
2869 0.7547058214754708
2870 0.7547057820823128
2871 0.7547057426513902
2872 0.7547057031804715
2873 0.7547056636675143
2874 0.7547056241106446
2875 0.7547055845081319
2876 0.7547055448583633
2877 0.7547055051598176
2878 0.7547054654110368
2879 0.7547054256106023
2880 0.7547053857571079
2881 0.7547053458491405
2882 0.7547053058852613
2883 0.7547052658639906
2884 0.7547052257837998
2885 0.7547051856431052
2886 0.7547051454402689
2887 0.754705105173605
2888 0.754705064841391
2889 0.7547050244418834
2890 0.7547049839733395
2891 0.7547049434340417
2892 0.7547049028223257
2893 0.7547048621366103
2894 0.7547048213754268
2895 0.7547047805374529
2896 0.7547047396215378
2897 0.7547046986267304
2898 0.7547046575522999
2899 0.7547046163977511
2900 0.754704575162834
2901 0.7547045338475458
2902 0.7547044924521246
2903 0.7547044509770362
2904 0.7547044094229514
2905 0.754704367790716
2906 0.7547043260813164
2907 0.7547042842958381
2908 0.7547042424354201
2909 0.754704200501209
2910 0.7547041584943115
2911 0.7547041164157485
2912 0.7547040742664158
2913 0.7547040320470462
2914 0.7547039897581812
2915 0.7547039474001525
2916 0.7547039049730679
2917 0.7547038624768128
2918 0.7547038199110575
2919 0.754703777275276
2920 0.7547037345687722
2921 0.754703691790712
2922 0.7547036489401646
2923 0.7547036060161444
2924 0.754703563017655
2925 0.7547035199437332
2926 0.7547034767934893
2927 0.754703433566145
2928 0.7547033902610636
2929 0.7547033468777722
2930 0.754703303415977
2931 0.754703259875569
2932 0.7547032162566208
2933 0.7547031725593748
2934 0.7547031287842232
2935 0.7547030849316811
2936 0.7547030410023545
2937 0.7547029969969049
2938 0.7547029529160095
2939 0.7547029087603219
2940 0.7547028645304329
2941 0.7547028202268348
2942 0.7547027758498883
2943 0.7547027313997928
2944 0.7547026868765646
2945 0.7547026422800186
2946 0.7547025976097583
2947 0.7547025528651723
2948 0.7547025080454351
2949 0.7547024631495174
2950 0.7547024181762012
2951 0.7547023731240993
2952 0.7547023279916818
2953 0.7547022827773072
2954 0.7547022374792561
2955 0.7547021920957685
2956 0.7547021466250842
2957 0.7547021010654822
2958 0.7547020554153239
2959 0.7547020096730906
2960 0.7547019638374229
2961 0.7547019179071542
2962 0.7547018718813379
2963 0.7547018257592698
2964 0.7547017795405034
2965 0.7547017332248516
2966 0.7547016868123847
2967 0.7547016403034134
2968 0.7547015936984606
2969 0.7547015469982268
2970 0.7547015002035434
2971 0.7547014533153171
2972 0.7547014063344709
2973 0.754701359261879
2974 0.7547013120983023
2975 0.7547012648443269
2976 0.7547012175003059
2977 0.7547011700663124
2978 0.754701122542102
2979 0.7547010749270917
2980 0.7547010272203537
2981 0.7547009794206265
2982 0.7547009315263449
2983 0.7547008835356847
2984 0.7547008354466276
2985 0.7547007872570338
2986 0.7547007389647267
2987 0.7547006905675853
2988 0.7547006420636364
2989 0.7547005934511426
2990 0.7547005447286863
2991 0.754700495895236
2992 0.7547004469502043
2993 0.7547003978934791
2994 0.7547003487254407
2995 0.7547002994469529
2996 0.7547002500593338
2997 0.7547002005643061
2998 0.7547001509639284
2999 0.7547001012605127
3000 0.7547000514565314
3001 0.7547000015545153
3002 0.7546999515569536
3003 0.7546999014661937
3004 0.7546998512843505
3005 0.7546998010132255
3006 0.7546997506542431
3007 0.7546997002083996
3008 0.7546996496762334
3009 0.7546995990578135
3010 0.7546995483527431
3011 0.7546994975601836
3012 0.7546994466788899
3013 0.7546993957072579
3014 0.7546993446433825
3015 0.7546992934851204
3016 0.7546992422301553
3017 0.7546991908760657
3018 0.7546991394203896
3019 0.7546990878606863
3020 0.7546990361945938
3021 0.7546989844198805
3022 0.7546989325344922
3023 0.7546988805365887
3024 0.7546988284245809
3025 0.754698776197155
3026 0.7546987238532934
3027 0.7546986713922889
3028 0.7546986188137489
3029 0.754698566117592
3030 0.7546985133040358
3031 0.7546984603735724
3032 0.7546984073269322
3033 0.7546983541650369
3034 0.754698300888938
3035 0.7546982474997423
3036 0.7546981939985301
3037 0.7546981403862598
3038 0.7546980866636719
3039 0.7546980328311867
3040 0.7546979788888099
3041 0.7546979248360445
3042 0.7546978706718196
3043 0.7546978163944381
3044 0.7546977620015531
3045 0.7546977074901733
3046 0.7546976528567011
3047 0.7546975980970089
3048 0.7546975432065467
3049 0.7546974881804847
3050 0.754697433013881
3051 0.7546973777018725
3052 0.7546973222398744
3053 0.7546972666237858
3054 0.7546972108501843
3055 0.7546971549165025
3056 0.7546970988211741
3057 0.7546970425637419
3058 0.7546969861449178
3059 0.7546969295665923
3060 0.754696872831788
3061 0.7546968159445604
3062 0.7546967589098478
3063 0.7546967017332781
3064 0.7546966444209401
3065 0.7546965869791317
3066 0.754696529414098
3067 0.7546964717317728
3068 0.754696413937533
3069 0.7546963560359861
3070 0.7546962980307953
3071 0.7546962399245494
3072 0.7546961817186889
3073 0.7546961234134869
3074 0.7546960650080824
3075 0.7546960065005637
3076 0.754695947888097
3077 0.754695889167087
3078 0.754695830333362
3079 0.7546957713823698
3080 0.7546957123093768
3081 0.7546956531096527
3082 0.7546955937786396
3083 0.7546955343120957
3084 0.7546954747062034
3085 0.7546954149576477
3086 0.7546953550636618
3087 0.7546952950220402
3088 0.7546952348311283
3089 0.7546951744897896
3090 0.7546951139973611
3091 0.7546950533535993
3092 0.7546949925586255
3093 0.7546949316128728
3094 0.7546948705170392
3095 0.7546948092720454
3096 0.7546947478789979
3097 0.7546946863391578
3098 0.7546946246539035
3099 0.7546945628246919
3100 0.754694500853007
3101 0.7546944387402944
3102 0.7546943764878804
3103 0.754694314096872
3104 0.75469425156804
3105 0.7546941889016912
3106 0.7546941260975349
3107 0.754694063154552
3108 0.7546940000708786
3109 0.7546939368437148
3110 0.754693873469271
3111 0.7546938099427634
3112 0.7546937462584623
3113 0.7546936824098078
3114 0.7546936183895857
3115 0.7546935541901652
3116 0.754693489803791
3117 0.7546934252229179
3118 0.7546933604405663
3119 0.7546932954506872
3120 0.754693230248506
3121 0.7546931648308302
3122 0.7546930991962902
3123 0.7546930333455009
3124 0.7546929672811241
3125 0.754692901007825
3126 0.7546928345321136
3127 0.7546927678620812
3128 0.7546927010070372
3129 0.7546926339770677
3130 0.7546925667825367
3131 0.7546924994335582
3132 0.7546924319394731
3133 0.7546923643083591
3134 0.7546922965466052
3135 0.7546922286585757
3136 0.7546921606463872
3137 0.7546920925098131
3138 0.7546920242463181
3139 0.7546919558512228
3140 0.7546918873179869
3141 0.7546918186385929
3142 0.7546917498040032
3143 0.7546916808046615
3144 0.7546916116310068
3145 0.7546915422739643
3146 0.7546914727253875
3147 0.7546914029784176
3148 0.7546913330277443
3149 0.7546912628697566
3150 0.7546911925025742
3151 0.7546911219259665
3152 0.7546910511411707
3153 0.7546909801506309
3154 0.7546909089576753
3155 0.7546908375661712
3156 0.7546907659801738
3157 0.7546906942036075
3158 0.7546906222399946
3159 0.7546905500922559
3160 0.7546904777625898
3161 0.7546904052524345
3162 0.7546903325625078
3163 0.7546902596929124
3164 0.7546901866432871
3165 0.7546901134129819
3166 0.7546900400012309
3167 0.7546899664073
3168 0.7546898926305849
3169 0.7546898186706458
3170 0.7546897445271663
3171 0.7546896701998371
3172 0.7546895956881683
3173 0.754689520991249
3174 0.7546894461074742
3175 0.7546893710342699
3176 0.7546892957678464
3177 0.7546892203030131
3178 0.7546891446330876
3179 0.7546890687499185
3180 0.7546889926440447
3181 0.7546889163049934
3182 0.7546888397217137
3183 0.7546887628831256
3184 0.7546886857787524
3185 0.754688608399402
3186 0.7546885307378398
3187 0.7546884527894041
3188 0.7546883745525113
3189 0.7546882960289953
3190 0.7546882172242524
3191 0.7546881381471484
3192 0.7546880588096919
3193 0.7546879792264691
3194 0.7546878994138669
3195 0.754687819389133
3196 0.7546877391693194
3197 0.7546876587701846
3198 0.7546875782051244
3199 0.7546874974842102
3200 0.7546874166134017
3201 0.7546873355939949
3202 0.7546872544223534
3203 0.7546871730899488
3204 0.7546870915837172
3205 0.7546870098867167
3206 0.7546869279790516
3207 0.7546868458390062
3208 0.7546867634443162
3209 0.7546866807734937
3210 0.754686597807119
3211 0.7546865145290065
3212 0.7546864309271627
3213 0.7546863469944664
3214 0.7546862627290186
3215 0.7546861781341374
3216 0.7546860932179908
3217 0.7546860079928993
3218 0.7546859224743556
3219 0.7546858366798416
3220 0.7546857506275286
3221 0.7546856643349668
3222 0.7546855778178619
3223 0.754685491089037
3224 0.7546854041576537
3225 0.7546853170287454
3226 0.7546852297030967
3227 0.7546851421774579
3228 0.7546850544450702
3229 0.7546849664964407
3230 0.7546848783202954
3231 0.75468478990462
3232 0.7546847012376919
3233 0.7546846123090203
3234 0.7546845231101085
3235 0.7546844336349759
3236 0.7546843438803943
3237 0.7546842538458171
3238 0.754684163533011
3239 0.7546840729454108
3240 0.7546839820872575
3241 0.7546838909625943
3242 0.7546837995742091
3243 0.7546837079226292
3244 0.7546836160052773
3245 0.754683523815886
3246 0.754683431344257
3247 0.7546833385764316
3248 0.7546832454952915
3249 0.7546831520815781
3250 0.7546830583152707
3251 0.7546829641772226
3252 0.7546828696509157
3253 0.7546827747241758
3254 0.7546826793906751
3255 0.7546825836510642
3256 0.7546824875135955
3257 0.7546823909941492
3258 0.7546822941156195
3259 0.7546821969066797
3260 0.7546820994000016
3261 0.7546820016300485
3262 0.7546819036306045
3263 0.7546818054322182
3264 0.7546817070597439
3265 0.754681608530158
3266 0.7546815098508068
3267 0.7546814110182088
3268 0.7546813120175138
3269 0.7546812128226753
3270 0.7546811133973657
3271 0.7546810136966201
3272 0.7546809136691627
3273 0.7546808132603164
3274 0.7546807124153538
3275 0.7546806110830961
3276 0.7546805092195168
3277 0.7546804067910781
3278 0.7546803037775048
3279 0.7546802001737187
3280 0.754680095990695
3281 0.7546799912550833
3282 0.7546798860075487
3283 0.754679780299905
3284 0.7546796741912596
3285 0.7546795677434894
3286 0.7546794610164633
3287 0.7546793540634613
3288 0.7546792469272195
3289 0.7546791396369652
3290 0.7546790322066835
3291 0.7546789246347175
3292 0.7546788169046583
3293 0.7546787089873429
3294 0.7546786008436888
3295 0.7546784924280445
3296 0.754678383691731
3297 0.7546782745864998
3298 0.7546781650676927
3299 0.7546780550969626
3300 0.7546779446444796
3301 0.7546778336905725
3302 0.7546777222267683
3303 0.7546776102561686
3304 0.7546774977930841
3305 0.7546773848618228
3306 0.7546772714945605
3307 0.7546771577282877
3308 0.7546770436009294
3309 0.7546769291468963
3310 0.7546768143924788
3311 0.7546766993516177
3312 0.7546765840226672
3313 0.754676468386719
3314 0.754676352407935
3315 0.7546762360360885
3316 0.7546761192112067
3317 0.7546760018698689
3318 0.7546758839524265
3319 0.7546757654102048
3320 0.7546756462117067
3321 0.7546755263469376
3322 0.7546754058292586
3323 0.7546752846945395
3324 0.7546751629978169
3325 0.7546750408080332
3326 0.75467491820169
3327 0.7546747952563366
3328 0.7546746720447004
3329 0.7546745486300001
3330 0.7546744250626044
3331 0.7546743013778401
3332 0.7546741775944688
3333 0.7546740537132607
3334 0.7546739297152154
3335 0.7546738055592987
3336 0.7546736811800243
3337 0.7546735564856724
3338 0.7546734313582864
3339 0.7546733056566683
3340 0.7546731792233465
3341 0.7546730518958922
3342 0.7546729235220804
3343 0.7546727939774159
3344 0.754672663182669
3345 0.7546725311185282
3346 0.754672397834463
3347 0.7546722634494981
3348 0.7546721281437526
3349 0.7546719921411587
3350 0.7546718556853864
3351 0.7546717190123943
3352 0.7546715823238027
3353 0.7546714457653088
3354 0.7546713094135441
3355 0.7546711732732626
3356 0.7546710372848205
3357 0.7546709013399742
3358 0.7546707653024698
3359 0.7546706290290728
3360 0.7546704923867877
3361 0.7546703552630781
3362 0.7546702175676891
3363 0.7546700792268831
3364 0.7546699401729573
3365 0.7546698003333585
3366 0.7546696596240581
3367 0.7546695179509242
3368 0.7546693752207227
3369 0.7546692313605415
3370 0.7546690863415886
3371 0.7546689402012501
3372 0.7546687930566844
3373 0.7546686451043698
3374 0.7546684966027396
3375 0.7546683478387468
3376 0.7546681990829887
3377 0.7546680505410397
3378 0.75466790231021
3379 0.7546677543507559
3380 0.7546676064786816
3381 0.7546674583839452
3382 0.7546673096735166
3383 0.7546671599338807
3384 0.7546670088028891
3385 0.7546668560373145
3386 0.7546667015612218
3387 0.7546665454823701
3388 0.7546663880697893
3389 0.7546662296947165
3390 0.7546660707471445
3391 0.7546659115482663
3392 0.7546657522819843
3393 0.754665592964617
3394 0.7546654334615485
3395 0.7546652735459456
3396 0.7546651129824503
3397 0.7546649516122372
3398 0.7546647894169786
3399 0.7546646265467574
3400 0.7546644633069095
3401 0.7546643001067169
3402 0.7546641373766195
3403 0.7546639754615041
3404 0.7546638144998469
3405 0.7546636543059414
3406 0.754663494284885
3407 0.7546633334210674
3408 0.754663170379822
3409 0.7546630037393541
3410 0.7546628323257115
3411 0.7546626555705253
3412 0.7546624737738322
3413 0.7546622881576437
3414 0.7546621006515017
3415 0.7546619134461464
3416 0.7546617284485118
3417 0.754661546823896
3418 0.754661368786316
3419 0.7546611936974672
3420 0.7546610204006241
3421 0.7546608476151728
3422 0.754660674208369
3423 0.7546604992565742
3424 0.7546603219600015
3425 0.7546601415901742
3426 0.7546599576425052
3427 0.7546597702189537
3428 0.7546595804523387
3429 0.7546593906393072
3430 0.7546592037850569
3431 0.7546590224942149
3432 0.7546588474822489
3433 0.7546586763140295
3434 0.754658503205452
3435 0.7546583206861659
3436 0.7546581232354955
3437 0.7546579112991483
3438 0.7546576920525691
3439 0.7546574737147337
3440 0.7546572565285358
3441 0.7546570332351167
3442 0.7546568104873789
3443 0.7546566331828189
3444 0.7546565519503138
3445 0.7546564971754598
3446 0.7546561856328174
3447 0.754655371533564
3448 0.7546545438411668
3449 0.7546552606778856
3450 0.7546585101970466
3451 0.7546610395881548
3452 0.7546545678334656
3453 0.7546359254669003
3454 0.7546257075522202
3455 0.7546665988563425
3456 0.7547628391499892
3457 0.7547887227762764
3458 0.7545306061093652
3459 0.7540381472131725
3460 0.754052804761788
3461 0.7556046676536411
3462 0.7580397740161764
3463 0.7570844018568081
3464 0.7480107866631824
3465 0.7365970081393965
3466 0.7458618839140688
3467 0.7969439106165078
3468 0.8510778155035027
3469 0.7592252425619351
3470 0.4927236038300963
3471 0.3115847416743835
3472 0.2605434873783334
3473 0.2515413030553457
3474 0.2502187852166213
3475 0.2500310156768289
3476 0.2500043967078271
3477 0.2500006232809182
3478 0.2500000883580261
3479 0.2500000125258554
3480 0.2500000017756928
3481 0.2500000002517268
3482 0.2500000000356853
3483 0.2500000000050587
3484 0.2500000000007171
3485 0.2500000000001016
3486 0.2500000000000143
3487 0.250000000000002
3488 0.2500000000000002
3489 0.25
3490 0.25
3491 0.25
3492 0.25
3493 0.25
3494 0.25
3495 0.25
3496 0.25
3497 0.25
3498 0.25
3499 0.25
3500 0.25
3501 0.25
3502 0.25
3503 0.25
3504 0.25
3505 0.25
3506 0.25
3507 0.25
3508 0.25
3509 0.25
3510 0.25
3511 0.25
3512 0.25
3513 0.25
3514 0.25
3515 0.25
3516 0.25
3517 0.25
3518 0.25
3519 0.25
3520 0.25
3521 0.25
3522 0.25
3523 0.25
3524 0.25
3525 0.25
3526 0.25
3527 0.25
3528 0.25
3529 0.25
3530 0.25
3531 0.25
3532 0.25
3533 0.25
3534 0.25
3535 0.25
3536 0.25
3537 0.25
3538 0.25
3539 0.25
3540 0.25
3541 0.25
3542 0.25
3543 0.25
3544 0.25
3545 0.25
3546 0.25
3547 0.25
3548 0.25
3549 0.25
3550 0.25
3551 0.25
3552 0.25
3553 0.25
3554 0.25
3555 0.25
3556 0.25
3557 0.25
3558 0.25
3559 0.25
3560 0.25
3561 0.25
3562 0.25
3563 0.25
3564 0.25
3565 0.25
3566 0.25
3567 0.25
3568 0.25
3569 0.25
3570 0.25
3571 0.25
3572 0.25
3573 0.25
3574 0.25
3575 0.25
3576 0.25
3577 0.25
3578 0.25
3579 0.25
3580 0.25
3581 0.25
3582 0.25
3583 0.25
3584 0.25
3585 0.25
3586 0.25
3587 0.25
3588 0.25
3589 0.25
3590 0.25
3591 0.25
3592 0.25
3593 0.25
3594 0.25
3595 0.25
3596 0.25
3597 0.25
3598 0.25
3599 0.25
3600 0.25
3601 0.25
3602 0.25
3603 0.25
3604 0.25
3605 0.25
3606 0.25
3607 0.25
3608 0.25
3609 0.25
3610 0.25
3611 0.25
3612 0.25
3613 0.25
3614 0.25
3615 0.25
3616 0.25
3617 0.25
3618 0.25
3619 0.25
3620 0.25
3621 0.25
3622 0.25
3623 0.25
3624 0.25
3625 0.25
3626 0.25
3627 0.25
3628 0.25
3629 0.25
3630 0.25
3631 0.25
3632 0.25
3633 0.25
3634 0.25
3635 0.25
3636 0.25
3637 0.25
3638 0.25
3639 0.25
3640 0.25
3641 0.25
3642 0.25
3643 0.25
3644 0.25
3645 0.25
3646 0.25
3647 0.25
3648 0.25
3649 0.25
3650 0.25
3651 0.25
3652 0.25
3653 0.25
3654 0.25
3655 0.25
3656 0.25
3657 0.25
3658 0.25
3659 0.25
3660 0.25
3661 0.25
3662 0.25
3663 0.25
3664 0.25
3665 0.25
3666 0.25
3667 0.25
3668 0.25
3669 0.25
3670 0.25
3671 0.25
3672 0.25
3673 0.25
3674 0.25
3675 0.25
3676 0.25
3677 0.25
3678 0.25
3679 0.25
3680 0.25
3681 0.25
3682 0.25
3683 0.25
3684 0.25
3685 0.25
3686 0.25
3687 0.25
3688 0.25
3689 0.25
3690 0.25
3691 0.25
3692 0.25
3693 0.25
3694 0.25
3695 0.25
3696 0.25
3697 0.25
3698 0.25
3699 0.25
3700 0.25
3701 0.25
3702 0.25
3703 0.25
3704 0.25
3705 0.25
3706 0.25
3707 0.25
3708 0.25
3709 0.25
3710 0.25
3711 0.25
3712 0.25
3713 0.25
3714 0.25
3715 0.25
3716 0.25
3717 0.25
3718 0.25
3719 0.25
3720 0.25
3721 0.25
3722 0.25
3723 0.25
3724 0.25
3725 0.25
3726 0.25
3727 0.25
3728 0.25
3729 0.25
3730 0.25
3731 0.25
3732 0.25
3733 0.25
3734 0.25
3735 0.25
3736 0.25
3737 0.25
3738 0.25
3739 0.25
3740 0.25
3741 0.25
3742 0.25
3743 0.25
3744 0.25
3745 0.25
3746 0.25
3747 0.25
3748 0.25
3749 0.25
3750 0.25
3751 0.25
3752 0.25
3753 0.25
3754 0.25
3755 0.25
3756 0.25
3757 0.25
3758 0.25
3759 0.25
3760 0.25
3761 0.25
3762 0.25
3763 0.25
3764 0.25
3765 0.25
3766 0.25
3767 0.25
3768 0.25
3769 0.25
3770 0.25
3771 0.25
3772 0.25
3773 0.25
3774 0.25
3775 0.25
3776 0.25
3777 0.25
3778 0.25
3779 0.25
3780 0.25
3781 0.25
3782 0.25
3783 0.25
3784 0.25
3785 0.25
3786 0.25
3787 0.25
3788 0.25
3789 0.25
3790 0.25
3791 0.25
3792 0.25
3793 0.25
3794 0.25
3795 0.25
3796 0.25
3797 0.25
3798 0.25
3799 0.25
3800 0.25
3801 0.25
3802 0.25
3803 0.25
3804 0.25
3805 0.25
3806 0.25
3807 0.25
3808 0.25
3809 0.25
3810 0.25
3811 0.25
3812 0.25
3813 0.25
3814 0.25
3815 0.25
3816 0.25
3817 0.25
3818 0.25
3819 0.25
3820 0.25
3821 0.25
3822 0.25
3823 0.25
3824 0.25
3825 0.25
3826 0.25
3827 0.25
3828 0.25
3829 0.25
3830 0.25
3831 0.25
3832 0.25
3833 0.25
3834 0.25
3835 0.25
3836 0.25
3837 0.25
3838 0.25
3839 0.25
3840 0.25
3841 0.25
3842 0.25
3843 0.25
3844 0.25
3845 0.25
3846 0.25
3847 0.25
3848 0.25
3849 0.25
3850 0.25
3851 0.25
3852 0.25
3853 0.25
3854 0.25
3855 0.25
3856 0.25
3857 0.25
3858 0.25
3859 0.25
3860 0.25
3861 0.25
3862 0.25
3863 0.25
3864 0.25
3865 0.25
3866 0.25
3867 0.25
3868 0.25
3869 0.25
3870 0.25
3871 0.25
3872 0.25
3873 0.25
3874 0.25
3875 0.25
3876 0.25
3877 0.25
3878 0.25
3879 0.25
3880 0.25
3881 0.25
3882 0.25
3883 0.25
3884 0.25
3885 0.25
3886 0.25
3887 0.25
3888 0.25
3889 0.25
3890 0.25
3891 0.25
3892 0.25
3893 0.25
3894 0.25
3895 0.25
3896 0.25
3897 0.25
3898 0.25
3899 0.25
3900 0.25
3901 0.25
3902 0.25
3903 0.25
3904 0.25
3905 0.25
3906 0.25
3907 0.25
3908 0.25
3909 0.25
3910 0.25
3911 0.25
3912 0.25
3913 0.25
3914 0.25
3915 0.25
3916 0.25
3917 0.25
3918 0.25
3919 0.25
3920 0.25
3921 0.25
3922 0.25
3923 0.25
3924 0.25
3925 0.25
3926 0.25
3927 0.25
3928 0.25
3929 0.25
3930 0.25
3931 0.25
3932 0.25
3933 0.25
3934 0.25
3935 0.25
3936 0.25
3937 0.25
3938 0.25
3939 0.25
3940 0.25
3941 0.25
3942 0.25
3943 0.25
3944 0.25
3945 0.25
3946 0.25
3947 0.25
3948 0.25
3949 0.25
3950 0.25
3951 0.25
3952 0.25
3953 0.25
3954 0.25
3955 0.25
3956 0.25
3957 0.25
3958 0.25
3959 0.25
3960 0.25
3961 0.25
3962 0.25
3963 0.25
3964 0.25
3965 0.25
3966 0.25
3967 0.25
3968 0.25
3969 0.25
3970 0.25
3971 0.25
3972 0.25
3973 0.25
3974 0.25
3975 0.25
3976 0.25
3977 0.25
3978 0.25
3979 0.25
3980 0.25
3981 0.25
3982 0.25
3983 0.25
3984 0.25
3985 0.25
3986 0.25
3987 0.25
3988 0.25
3989 0.25
3990 0.25
3991 0.25
3992 0.25
3993 0.25
3994 0.25
3995 0.25
3996 0.25
3997 0.25
3998 0.25
3999 0.25
4000 0.25
4001 0.25
4002 0.25
4003 0.25
4004 0.25
4005 0.25
4006 0.25
4007 0.25
4008 0.25
4009 0.25
4010 0.25
4011 0.25
4012 0.25
4013 0.25
4014 0.25
4015 0.25
4016 0.25
4017 0.25
4018 0.25
4019 0.25
4020 0.25
4021 0.25
4022 0.25
4023 0.25
4024 0.25
4025 0.25
4026 0.25
4027 0.25
4028 0.25
4029 0.25
4030 0.25
4031 0.25
4032 0.25
4033 0.25
4034 0.25
4035 0.25
4036 0.25
4037 0.25
4038 0.25
4039 0.25
4040 0.25
4041 0.25
4042 0.25
4043 0.25
4044 0.25
4045 0.25
4046 0.25
4047 0.25
4048 0.25
4049 0.25
4050 0.25
4051 0.25
4052 0.25
4053 0.25
4054 0.25
4055 0.25
4056 0.25
4057 0.25
4058 0.25
4059 0.25
4060 0.25
4061 0.25
4062 0.25
4063 0.25
4064 0.25
4065 0.25
4066 0.25
4067 0.25
4068 0.25
4069 0.25
4070 0.25
4071 0.25
4072 0.25
4073 0.25
4074 0.25
4075 0.25
4076 0.25
4077 0.25
4078 0.25
4079 0.25
4080 0.25
4081 0.25
4082 0.25
4083 0.25
4084 0.25
4085 0.25
4086 0.25
4087 0.25
4088 0.25
4089 0.25
4090 0.25
4091 0.25
4092 0.25
4093 0.25
4094 0.25
4095 0.25
