0 0
1 0
2 0
3 0
4 0
5 0
6 0
7 0
8 0
9 0
10 0
11 0
12 0
13 0
14 0
15 0
16 0
17 0
18 0
19 0
20 0
21 0
22 0
23 0
24 0
25 0
26 0
27 0
28 0
29 0
30 0
31 0
32 0
33 0
34 0
35 0
36 0
37 0
38 0
39 0
40 0
41 0
42 0
43 0
44 0
45 0
46 0
47 0
48 0
49 0
50 0
51 0
52 0
53 0
54 0
55 0
56 0
57 0
58 0
59 0
60 0
61 0
62 0
63 0
64 0
65 0
66 0
67 0
68 0
69 0
70 0
71 0
72 0
73 0
74 0
75 0
76 0
77 0
78 0
79 0
80 0
81 0
82 0
83 0
84 0
85 0
86 0
87 0
88 0
89 0
90 0
91 0
92 0
93 0
94 0
95 0
96 0
97 0
98 0
99 0
100 0
101 0
102 0
103 0
104 0
105 0
106 0
107 0
108 0
109 0
110 0
111 0
112 0
113 0
114 0
115 0
116 0
117 0
118 0
119 0
120 0
121 0
122 0
123 0
124 0
125 0
126 0
127 0
128 0
129 0
130 0
131 0
132 0
133 0
134 0
135 0
136 0
137 0
138 0
139 0
140 0
141 0
142 0
143 0
144 0
145 0
146 0
147 0
148 0
149 0
150 0
151 0
152 0
153 0
154 0
155 0
156 0
157 0
158 0
159 0
160 0
161 0
162 0
163 0
164 0
165 0
166 0
167 0
168 0
169 0
170 0
171 0
172 0
173 0
174 0
175 0
176 0
177 0
178 0
179 0
180 0
181 0
182 0
183 0
184 0
185 0
186 0
187 0
188 0
189 0
190 0
191 0
192 0
193 0
194 0
195 0
196 0
197 0
198 0
199 0
200 0
201 0
202 0
203 0
204 0
205 0
206 0
207 0
208 0
209 0
210 0
211 0
212 0
213 0
214 0
215 0
216 0
217 0
218 0
219 0
220 0
221 0
222 0
223 0
224 0
225 0
226 0
227 0
228 0
229 0
230 0
231 0
232 0
233 0
234 0
235 0
236 0
237 0
238 0
239 0
240 0
241 0
242 0
243 0
244 0
245 0
246 0
247 0
248 0
249 0
250 0
251 0
252 0
253 0
254 0
255 0
256 0
257 0
258 0
259 0
260 0
261 0
262 0
263 0
264 0
265 0
266 0
267 0
268 0
269 0
270 0
271 0
272 0
273 0
274 0
275 0
276 0
277 0
278 0
279 0
280 0
281 0
282 0
283 0
284 0
285 0
286 0
287 0
288 0
289 0
290 0
291 0
292 0
293 0
294 0
295 0
296 0
297 0
298 0
299 0
300 0
301 0
302 0
303 0
304 0
305 0
306 0
307 0
308 0
309 0
310 0
311 0
312 0
313 0
314 0
315 0
316 0
317 0
318 0
319 0
320 0
321 0
322 0
323 0
324 0
325 0
326 0
327 0
328 0
329 0
330 0
331 0
332 0
333 0
334 0
335 0
336 0
337 0
338 0
339 0
340 0
341 0
342 0
343 0
344 0
345 0
346 0
347 0
348 0
349 0
350 0
351 0
352 0
353 0
354 0
355 0
356 0
357 0
358 0
359 0
360 0
361 0
362 0
363 0
364 0
365 0
366 0
367 0
368 0
369 0
370 0
371 0
372 0
373 0
374 0
375 0
376 0
377 0
378 0
379 0
380 0
381 0
382 0
383 0
384 0
385 0
386 0
387 0
388 0
389 0
390 0
391 0
392 0
393 0
394 0
395 0
396 0
397 0
398 0
399 0
400 0
401 0
402 0
403 0
404 0
405 0
406 0
407 0
408 0
409 0
410 0
411 0
412 0
413 0
414 0
415 0
416 0
417 0
418 0
419 0
420 0
421 0
422 0
423 0
424 0
425 0
426 0
427 0
428 0
429 0
430 0
431 0
432 0
433 0
434 0
435 0
436 0
437 0
438 0
439 0
440 0
441 0
442 0
443 0
444 0
445 0
446 0
447 0
448 0
449 0
450 0
451 0
452 0
453 0
454 0
455 0
456 0
457 0
458 0
459 0
460 0
461 0
462 0
463 0
464 0
465 0
466 0
467 0
468 0
469 0
470 0
471 0
472 0
473 0
474 0
475 0
476 0
477 0
478 0
479 0
480 0
481 0
482 0
483 0
484 0
485 0
486 0
487 0
488 0
489 0
490 0
491 0
492 0
493 0
494 0
495 0
496 0
497 0
498 0
499 0
500 0
501 0
502 0
503 0
504 0
505 0
506 0
507 0
508 0
509 0
510 0
511 0
512 0
513 0
514 0
515 0
516 0
517 0
518 0
519 0
520 0
521 0
522 0
523 0
524 0
525 0
526 0
527 0
528 0
529 0
530 0
531 0
532 0
533 0
534 0
535 0
536 0
537 0
538 0
539 0
540 0
541 0
542 0
543 0
544 0
545 0
546 0
547 0
548 0
549 0
550 0
551 0
552 0
553 0
554 0
555 0
556 0
557 0
558 0
559 0
560 0
561 0
562 0
563 0
564 0
565 0
566 0
567 0
568 0
569 0
570 0
571 0
572 0
573 0
574 0
575 0
576 0
577 0
578 0
579 0
580 0
581 0
582 0
583 0
584 0
585 0
586 0
587 0
588 0
589 0
590 0
591 0
592 0
593 0
594 0
595 0
596 0
597 0
598 0
599 0
600 0
601 0
602 0
603 0
604 0
605 0
606 0
607 0
608 0
609 0
610 0
611 0
612 0
613 0
614 0
615 0
616 0
617 0
618 0
619 0
620 0
621 0
622 0
623 0
624 0
625 0
626 0
627 0
628 0
629 0
630 0
631 0
632 0
633 0
634 0
635 0
636 0
637 0
638 0
639 0
640 0
641 0
642 0
643 0
644 0
645 0
646 0
647 0
648 0
649 0
650 0
651 0
652 0
653 0
654 0
655 0
656 0
657 0
658 0
659 0
660 0
661 0
662 0
663 0
664 0
665 0
666 0
667 0
668 0
669 0
670 0
671 0
672 0
673 0
674 0
675 0
676 0
677 0
678 0
679 0
680 0
681 0
682 0
683 0
684 0
685 0
686 0
687 0
688 0
689 0
690 0
691 0
692 0
693 0
694 0
695 0
696 0
697 0
698 0
699 0
700 0
701 0
702 0
703 0
704 0
705 0
706 0
707 0
708 0
709 0
710 0
711 0
712 0
713 0
714 0
715 0
716 0
717 0
718 0
719 0
720 0
721 0
722 0
723 0
724 0
725 0
726 0
727 0
728 0
729 0
730 0
731 0
732 0
733 0
734 0
735 0
736 0
737 0
738 0
739 0
740 0
741 0
742 0
743 0
744 0
745 0
746 0
747 0
748 0
749 0
750 0
751 0
752 0
753 0
754 0
755 0
756 0
757 0
758 0
759 0
760 0
761 0
762 0
763 0
764 0
765 0
766 0
767 0
768 0
769 0
770 0
771 0
772 0
773 0
774 0
775 0
776 0
777 0
778 0
779 0
780 0
781 0
782 0
783 0
784 0
785 0
786 0
787 0
788 0
789 0
790 0
791 0
792 0
793 0
794 0
795 0
796 0
797 0
798 0
799 0
800 0
801 0
802 0
803 0
804 0
805 0
806 0
807 0
808 0
809 0
810 0
811 0
812 0
813 0
814 0
815 0
816 0
817 0
818 0
819 0
820 0
821 0
822 0
823 0
824 0
825 0
826 0
827 0
828 0
829 0
830 0
831 0
832 0
833 0
834 0
835 0
836 0
837 0
838 0
839 0
840 0
841 0
842 0
843 0
844 0
845 0
846 0
847 0
848 0
849 0
850 0
851 0
852 0
853 0
854 0
855 0
856 0
857 0
858 0
859 0
860 0
861 0
862 0
863 0
864 0
865 0
866 0
867 0
868 0
869 0
870 0
871 0
872 0
873 0
874 0
875 0
876 0
877 0
878 0
879 0
880 0
881 0
882 0
883 0
884 0
885 0
886 0
887 0
888 0
889 0
890 0
891 0
892 0
893 0
894 0
895 0
896 0
897 0
898 0
899 0
900 0
901 0
902 0
903 0
904 0
905 0
906 0
907 0
908 0
909 0
910 0
911 0
912 0
913 0
914 0
915 0
916 0
917 0
918 0
919 0
920 0
921 0
922 0
923 0
924 0
925 0
926 0
927 0
928 0
929 0
930 0
931 0
932 0
933 0
934 0
935 0
936 0
937 0
938 0
939 0
940 0
941 0
942 0
943 0
944 0
945 0
946 0
947 0
948 0
949 0
950 0
951 0
952 0
953 0
954 0
955 0
956 0
957 0
958 0
959 0
960 0
961 0
962 0
963 0
964 0
965 0
966 0
967 0
968 0
969 0
970 0
971 0
972 0
973 0
974 0
975 0
976 0
977 0
978 0
979 0
980 0
981 0
982 0
983 0
984 0
985 0
986 0
987 0
988 0
989 0
990 0
991 0
992 0
993 0
994 0
995 0
996 2.032286968832064e-16
997 1.166546048975186e-15
998 3.556269395498055e-15
999 7.869210842364076e-15
1000 1.557464504085709e-14
1001 2.737653868753197e-14
1002 4.698234701940837e-14
1003 7.637514846620242e-14
1004 1.258109344261057e-13
1005 1.96713944833285e-13
1006 3.172917435618248e-13
1007 4.885152762418542e-13
1008 7.803072394699154e-13
1009 1.190237393361012e-12
1010 1.885239912308053e-12
1011 2.858218788365847e-12
1012 4.499680550439862e-12
1013 6.781301597840585e-12
1014 1.060959040229105e-11
1015 1.590363300983198e-11
1016 2.472187637383093e-11
1017 3.686860553850106e-11
1018 5.693908112278927e-11
1019 8.448106083645088e-11
1020 1.296143907895646e-10
1021 1.913000232985987e-10
1022 2.915597851950263e-10
1023 4.280169308073463e-10
1024 6.479403289373197e-10
1025 9.460068153505876e-10
1026 1.422258339958585e-09
1027 2.064972472615315e-09
1028 3.082898088152527e-09
1029 4.450577448735966e-09
1030 6.597296879062903e-09
1031 9.468640344342616e-09
1032 1.393419717356297e-08
1033 1.987958078903267e-08
1034 2.903907412544049e-08
1035 4.117622109078477e-08
1036 5.969465823565103e-08
1037 8.411392075522986e-08
1038 1.210034264554731e-07
1039 1.694040691221262e-07
1040 2.417777243694959e-07
1041 3.362447521741982e-07
1042 4.760212731230755e-07
1043 6.574933299838925e-07
1044 9.231013161679775e-07
1045 1.266033920035813e-06
1046 1.762347041042023e-06
1047 2.399468838797741e-06
1048 3.310863168535529e-06
1049 4.473832026883412e-06
1050 6.117410858449133e-06
1051 8.201567806189052e-06
1052 1.111007910304946e-05
1053 1.477408852278126e-05
1054 1.982033675029972e-05
1055 2.613354743375195e-05
1056 3.470904690083395e-05
1057 4.535944571240319e-05
1058 5.961771686190531e-05
1059 7.718896801482701e-05
1060 0.000100355380778223
1061 0.0001286693509649259
1062 0.0001654014344218963
1063 0.0002098993240453434
1064 0.0002666515545773547
1065 0.0003347505494857831
1066 0.000420056991719202
1067 0.0005213736355297196
1068 0.0006459190895723812
1069 0.0007922082327109648
1070 0.0009685329852150529
1071 0.001173177129483732
1072 0.001414880342854947
1073 0.00169181131708807
1074 0.002012209880848553
1075 0.002374277739845588
1076 0.002784643939943036
1077 0.00324165634036006
1078 0.003749356487847081
1079 0.004306227305885128
1080 0.004913226168751226
1081 0.005568778111097724
1082 0.006270965378219768
1083 0.007017822933336425
1084 0.0078054212610442
1085 0.008631101652865503
1086 0.009490094577528285
1087 0.01037899111014492
1088 0.0112931999041783
1089 0.0122288669461005
1090 0.01318213752732453
1091 0.01414927392058347
1092 0.01512726245991343
1093 0.01611302048111999
1094 0.01710425805203904
1095 0.01809880869746432
1096 0.01909499224594403
1097 0.02009148946380388
1098 0.02108717813058031
1099 0.02208133663374132
1100 0.02307334119305429
1101 0.02406282869416648
1102 0.02504954973059172
1103 0.02603335690789601
1104 0.02701421615130876
1105 0.02799212156417207
1106 0.02896712866522853
1107 0.02993931504523637
1108 0.03090876331553002
1109 0.03187557992594787
1110 0.03283985387777832
1111 0.03380168465685847
1112 0.03476115764701274
1113 0.03571835445618875
1114 0.03667334758554006
1115 0.03762620297560142
1116 0.03857697621685301
1117 0.03952572042160923
1118 0.04047247679259316
1119 0.04141728666812471
1120 0.04236018124688162
1121 0.04330119184657921
1122 0.04424034240006553
1123 0.04517765700306253
1124 0.04611315380787957
1125 0.04704685198850195
1126 0.04797876536242494
1127 0.0489089094342399
1128 0.04983729506100486
1129 0.05076393487876787
1130 0.0516888376709032
1131 0.05261201393726396
1132 0.05353347088138754
1133 0.05445321743252876
1134 0.05537125959306455
1135 0.0562876050651037
1136 0.05720225896950214
1137 0.05811522801577952
1138 0.05902651666111403
1139 0.05993613082151554
1140 0.06084407443262613
1141 0.06175035277211167
1142 0.0626549693666424
1143 0.06355792896598192
1144 0.06445923477883198
1145 0.06535889111367471
1146 0.06625690092752713
1147 0.06715326816044009
1148 0.06804799556708971
1149 0.06894108677742136
1150 0.06983254438344433
1151 0.0707223717514304
1152 0.0716105713420099
1153 0.07249714629640916
1154 0.07338209896787021
1155 0.07426543230505876
1156 0.07514714857283772
1157 0.07602725055439832
1158 0.0769057404414847
1159 0.0777826208746841
1160 0.07865789398473558
1161 0.07953156228918498
1162 0.0804036278674107
1163 0.08127409313056444
1164 0.0821429601144114
1165 0.08301023113787491
1166 0.08387590819932363
1167 0.08473999353756083
1168 0.08560248911854923
1169 0.08646339711139461
1170 0.08732271945374728
1171 0.08818045825401019
1172 0.08903661542489154
1173 0.0898911930218935
1174 0.09074419293560017
1175 0.09159561717537423
1176 0.09244546761199625
1177 0.09329374621449402
1178 0.09414045483574607
1179 0.09498559540939305
1180 0.09582916977197323
1181 0.09667117982596697
1182 0.09751162739285936
1183 0.09835051434758708
1184 0.09918784249768743
1185 0.1000236136937124
1186 0.1008578297302645
1187 0.1016904924363014
1188 0.1025216035944487
1189 0.1033511650145576
1190 0.1041791784681941
1191 0.1050056457482992
1192 0.1058305686162167
1193 0.1066539488498691
1194 0.1074757882010959
1195 0.1082960884343896
1196 0.1091148512926779
1197 0.1099320785283366
1198 0.1107477718758752
1199 0.1115619330766675
1200 0.1123745638572486
1201 0.1131856659489587
1202 0.1139952410707887
1203 0.1148032909449191
1204 0.1156098172832152
1205 0.1164148217994703
1206 0.1172183061988195
1207 0.1180202721873405
1208 0.1188207214637851
1209 0.1196196557270703
1210 0.1204170766698438
1211 0.121212985984303
1212 0.1220073853572172
1213 0.1228002764744321
1214 0.1235916610170474
1215 0.1243815406649064
1216 0.1251699170936875
1217 0.1259567919776099
1218 0.1267421669872447
1219 0.1275260437916081
1220 0.1283084240565158
1221 0.1290893094461885
1222 0.1298687016220152
1223 0.1306466022437652
1224 0.1314230129686466
1225 0.1321979354522015
1226 0.1329713713475897
1227 0.1337433223062453
1228 0.1345137899773288
1229 0.1352827760082112
1230 0.1360502820440624
1231 0.1368163097282175
1232 0.1375808607018827
1233 0.1383439366044149
1234 0.1391055390731247
1235 0.1398656697434984
1236 0.1406243302490681
1237 0.1413815222215868
1238 0.1421372472909404
1239 0.1428915070852816
1240 0.1436443032309639
1241 0.1443956373526368
1242 0.1451455110731956
1243 0.1458939260138507
1244 0.1466408837940958
1245 0.1473863860317607
1246 0.1481304343430009
1247 0.1488730303423498
1248 0.1496141756427278
1249 0.1503538718554931
1250 0.1510921205904585
1251 0.1518289234559375
1252 0.1525642820587606
1253 0.1532981980043074
1254 0.154030672896512
1255 0.1547617083378751
1256 0.1554913059294573
1257 0.1562194672708734
1258 0.1569461939602742
1259 0.1576714875943332
1260 0.1583953497682275
1261 0.1591177820756274
1262 0.1598387861086866
1263 0.1605583634580453
1264 0.1612765157128376
1265 0.1619932444607082
1266 0.1627085512878357
1267 0.1634224377789581
1268 0.1641349055173984
1269 0.1648459560850898
1270 0.1655555910625955
1271 0.1662638120291232
1272 0.1669706205625348
1273 0.1676760182393504
1274 0.1683800066347481
1275 0.1690825873225628
1276 0.1697837618752837
1277 0.1704835318640532
1278 0.1711818988586689
1279 0.1718788644275866
1280 0.1725744301379272
1281 0.1732685975554848
1282 0.1739613682447362
1283 0.1746527437688488
1284 0.1753427256896882
1285 0.1760313155678189
1286 0.176718514962502
1287 0.1774043254316885
1288 0.1780887485320051
1289 0.17877178581874
1290 0.1794534388458253
1291 0.1801337091658249
1292 0.1808125983299243
1293 0.1814901078879295
1294 0.1821662393882731
1295 0.1828409943780296
1296 0.1835143744029382
1297 0.1841863810074306
1298 0.1848570157346618
1299 0.185526280126541
1300 0.1861941757237591
1301 0.1868607040658095
1302 0.1875258666910047
1303 0.1881896651364818
1304 0.1888521009382005
1305 0.1895131756309362
1306 0.1901728907482644
1307 0.1908312478225455
1308 0.1914882483849048
1309 0.1921438939652174
1310 0.1927981860920933
1311 0.1934511262928685
1312 0.1941027160936006
1313 0.1947529570190666
1314 0.1954018505927683
1315 0.1960493983369349
1316 0.1966956017725279
1317 0.1973404624192444
1318 0.1979839817955175
1319 0.1986261614185154
1320 0.1992670028041376
1321 0.1999065074670096
1322 0.2005446769204806
1323 0.2011815126766214
1324 0.2018170162462262
1325 0.2024511891388203
1326 0.2030840328626709
1327 0.2037155489248027
1328 0.2043457388310186
1329 0.2049746040859196
1330 0.2056021461929259
1331 0.2062283666542964
1332 0.2068532669711429
1333 0.2074768486434395
1334 0.2080991131700269
1335 0.2087200620486074
1336 0.2093396967757353
1337 0.2099580188468026
1338 0.2105750297560202
1339 0.2111907309963989
1340 0.2118051240597314
1341 0.212418210436577
1342 0.2130299916162506
1343 0.2136404690868177
1344 0.2142496443350957
1345 0.214857518846658
1346 0.2154640941058432
1347 0.2160693715957666
1348 0.2166733527983312
1349 0.2172760391942392
1350 0.217877432263001
1351 0.2184775334829421
1352 0.2190763443312071
1353 0.2196738662837614
1354 0.2202701008153917
1355 0.2208650493997062
1356 0.2214587135091333
1357 0.2220510946149222
1358 0.222642194187147
1359 0.2232320136947102
1360 0.2238205546053481
1361 0.2244078183856384
1362 0.2249938065010075
1363 0.2255785204157364
1364 0.2261619615929644
1365 0.2267441314946909
1366 0.2273250315817704
1367 0.2279046633139063
1368 0.2284830281496396
1369 0.2290601275463352
1370 0.2296359629601681
1371 0.2302105358461089
1372 0.2307838476579142
1373 0.2313558998481164
1374 0.231926693868024
1375 0.2324962311677245
1376 0.2330645131960924
1377 0.2336315414008039
1378 0.2341973172283529
1379 0.2347618421240706
1380 0.2353251175321444
1381 0.2358871448956343
1382 0.2364479256564891
1383 0.2370074612555565
1384 0.237565753132588
1385 0.238122802726241
1386 0.2386786114740759
1387 0.2392331808125502
1388 0.2397865121770098
1389 0.2403386070016805
1390 0.2408894667196596
1391 0.2414390927629071
1392 0.2419874865622419
1393 0.2425346495473369
1394 0.243080583146717
1395 0.2436252887877583
1396 0.2441687678966871
1397 0.2447110218985793
1398 0.2452520522173563
1399 0.2457918602757828
1400 0.2463304474954605
1401 0.2468678152968224
1402 0.2474039650991262
1403 0.2479388983204491
1404 0.2484726163776848
1405 0.2490051206865423
1406 0.2495364126615487
1407 0.2500664937160573
1408 0.2505953652622563
1409 0.251123028711185
1410 0.2516494854727473
1411 0.2521747369557327
1412 0.2526987845678307
1413 0.2532216297156479
1414 0.2537432738047196
1415 0.2542637182395191
1416 0.2547829644234618
1417 0.2553010137589026
1418 0.2558178676471333
1419 0.256333527488371
1420 0.2568479946817479
1421 0.2573612706252985
1422 0.2578733567159463
1423 0.2583842543494912
1424 0.2588939649206018
1425 0.2594024898228073
1426 0.2599098304484939
1427 0.2604159881889035
1428 0.2609209644341344
1429 0.2614247605731447
1430 0.2619273779937564
1431 0.2624288180826591
1432 0.2629290822254142
1433 0.2634281718064584
1434 0.2639260882091061
1435 0.2644228328155521
1436 0.2649184070068719
1437 0.2654128121630253
1438 0.2659060496628576
1439 0.266398120884103
1440 0.2668890272033877
1441 0.2673787699962372
1442 0.2678673506370813
1443 0.2683547704992623
1444 0.2688410309550402
1445 0.2693261333756005
1446 0.2698100791310589
1447 0.270292869590464
1448 0.2707745061217978
1449 0.2712549900919728
1450 0.2717343228668275
1451 0.2722125058111176
1452 0.2726895402885074
1453 0.2731654276615612
1454 0.2736401692917311
1455 0.2741137665393501
1456 0.274586220763626
1457 0.2750575333226368
1458 0.2755277055733303
1459 0.2759967388715274
1460 0.276464634571928
1461 0.2769313940281181
1462 0.2773970185925797
1463 0.2778615096167019
1464 0.2783248684507908
1465 0.2787870964440791
1466 0.2792481949447349
1467 0.2797081652998666
1468 0.2801670088555277
1469 0.2806247269567184
1470 0.2810813209473857
1471 0.2815367921704232
1472 0.2819911419676674
1473 0.2824443716798964
1474 0.2828964826468276
1475 0.2833474762071151
1476 0.2837973536983485
1477 0.2842461164570507
1478 0.2846937658186761
1479 0.2851403031176094
1480 0.2855857296871629
1481 0.2860300468595727
1482 0.2864732559659942
1483 0.2869153583364962
1484 0.2873563553000553
1485 0.2877962481845485
1486 0.2882350383167477
1487 0.2886727270223138
1488 0.2891093156257926
1489 0.2895448054506136
1490 0.2899791978190924
1491 0.290412494052433
1492 0.2908446954707349
1493 0.2912758033930045
1494 0.2917058191371646
1495 0.2921347440200679
1496 0.2925625793575103
1497 0.2929893264642439
1498 0.2934149866539875
1499 0.2938395612394366
1500 0.2942630515322702
1501 0.2946854588431528
1502 0.295106784481737
1503 0.2955270297566596
1504 0.2959461959755381
1505 0.2963642844449635
1506 0.2967812964704931
1507 0.2971972333566431
1508 0.2976120964068801
1509 0.2980258869236143
1510 0.2984386062081933
1511 0.2988502555608969
1512 0.2992608362809332
1513 0.2996703496664366
1514 0.3000787970144659
1515 0.3004861796210032
1516 0.300892498780953
1517 0.3012977557881437
1518 0.301701951935326
1519 0.3021050885141747
1520 0.3025071668152897
1521 0.3029081881281964
1522 0.3033081537413478
1523 0.3037070649421285
1524 0.3041049230168566
1525 0.3045017292507891
1526 0.3048974849281269
1527 0.3052921913320216
1528 0.3056858497445812
1529 0.3060784614468771
1530 0.3064700277189488
1531 0.3068605498398098
1532 0.3072500290874513
1533 0.3076384667388448
1534 0.3080258640699408
1535 0.3084122223556692
1536 0.3087975428699348
1537 0.3091818268856136
1538 0.3095650756745467
1539 0.3099472905075347
1540 0.3103284726543304
1541 0.3107086233836345
1542 0.3110877439630909
1543 0.3114658356592819
1544 0.3118428997377281
1545 0.3122189374628873
1546 0.3125939500981563
1547 0.3129679389058726
1548 0.3133409051473198
1549 0.3137128500827307
1550 0.3140837749712923
1551 0.314453681071151
1552 0.3148225696394179
1553 0.3151904419321712
1554 0.3155572992044606
1555 0.3159231427103101
1556 0.3162879737027194
1557 0.3166517934336663
1558 0.3170146031541075
1559 0.3173764041139793
1560 0.3177371975621986
1561 0.3180969847466631
1562 0.3184557669142515
1563 0.3188135453108231
1564 0.3191703211812173
1565 0.3195260957692532
1566 0.3198808703177265
1567 0.3202346460684076
1568 0.3205874242620379
1569 0.3209392061383247
1570 0.3212899929359371
1571 0.3216397858925008
1572 0.3219885862445914
1573 0.3223363952277299
1574 0.3226832140763792
1575 0.3230290440239396
1576 0.3233738863027475
1577 0.3237177421440764
1578 0.3240606127781371
1579 0.3244024994340834
1580 0.3247434033400156
1581 0.3250833257229884
1582 0.3254222678090191
1583 0.3257602308230954
1584 0.3260972159891836
1585 0.3264332245302377
1586 0.3267682576682067
1587 0.3271023166240388
1588 0.3274354026176877
1589 0.3277675168681148
1590 0.3280986605932904
1591 0.3284288350101937
1592 0.3287580413348094
1593 0.3290862807821275
1594 0.3294135545661366
1595 0.329739863899821
1596 0.3300652099951564
1597 0.330389594063103
1598 0.3307130173136025
1599 0.3310354809555725
1600 0.331356986196903
1601 0.3316775342444517
1602 0.3319971263040417
1603 0.3323157635804569
1604 0.3326334472774407
1605 0.332950178597693
1606 0.3332659587428685
1607 0.3335807889135756
1608 0.3338946703093764
1609 0.334207604128786
1610 0.3345195915692737
1611 0.3348306338272651
1612 0.3351407320981439
1613 0.3354498875762556
1614 0.3357581014549114
1615 0.3360653749263927
1616 0.3363717091819562
1617 0.3366771054118385
1618 0.3369815648052603
1619 0.3372850885504314
1620 0.3375876778345542
1621 0.3378893338438262
1622 0.3381900577634416
1623 0.3384898507775914
1624 0.338788714069464
1625 0.339086648821243
1626 0.3393836562141037
1627 0.3396797374282107
1628 0.3399748936427148
1629 0.3402691260357476
1630 0.3405624357844192
1631 0.3408548240648133
1632 0.3411462920519847
1633 0.3414368409199566
1634 0.3417264718417192
1635 0.3420151859892276
1636 0.3423029845334017
1637 0.3425898686441268
1638 0.3428758394902533
1639 0.3431608982395984
1640 0.3434450460589476
1641 0.3437282841140555
1642 0.3440106135696476
1643 0.3442920355894227
1644 0.3445725513360532
1645 0.3448521619711872
1646 0.3451308686554499
1647 0.3454086725484452
1648 0.3456855748087567
1649 0.3459615765939491
1650 0.3462366790605687
1651 0.3465108833641437
1652 0.3467841906591861
1653 0.3470566020991897
1654 0.3473281188366313
1655 0.3475987420229688
1656 0.3478684728086401
1657 0.3481373123430603
1658 0.3484052617746194
1659 0.3486723222506793
1660 0.3489384949175693
1661 0.3492037809205831
1662 0.3494681814039746
1663 0.3497316975109535
1664 0.3499943303836837
1665 0.3502560811632776
1666 0.3505169509897961
1667 0.3507769410022463
1668 0.3510360523385812
1669 0.3512942861357009
1670 0.3515516435294527
1671 0.3518081256546339
1672 0.3520637336449949
1673 0.3523184686332415
1674 0.3525723317510397
1675 0.3528253241290187
1676 0.3530774468967737
1677 0.3533287011828692
1678 0.3535790881148427
1679 0.3538286088192047
1680 0.3540772644214416
1681 0.3543250560460146
1682 0.3545719848163604
1683 0.35481805185489
1684 0.3550632582829868
1685 0.3553076052210046
1686 0.3555510937882642
1687 0.3557937251030508
1688 0.3560355002826102
1689 0.3562764204431451
1690 0.3565164866998108
1691 0.3567557001667121
1692 0.356994061956898
1693 0.3572315731823577
1694 0.3574682349540173
1695 0.3577040483817361
1696 0.3579390145743015
1697 0.3581731346394264
1698 0.3584064096837464
1699 0.3586388408128164
1700 0.35887042913111
1701 0.3591011757420165
1702 0.3593310817478407
1703 0.359560148249803
1704 0.3597883763480386
1705 0.3600157671415994
1706 0.3602423217284548
1707 0.3604680412054933
1708 0.3606929266685245
1709 0.3609169792122811
1710 0.36114019993042
1711 0.3613625899155246
1712 0.3615841502591056
1713 0.3618048820516016
1714 0.3620247863823787
1715 0.36224386433973
1716 0.3624621170108744
1717 0.3626795454819544
1718 0.3628961508380329
1719 0.3631119341630909
1720 0.363326896540022
1721 0.3635410390506302
1722 0.363754362775625
1723 0.3639668687946159
1724 0.3641785581861088
1725 0.3643894320275012
1726 0.3645994913950786
1727 0.3648087373640095
1728 0.3650171710083425
1729 0.3652247934010021
1730 0.3654316056137853
1731 0.3656376087173591
1732 0.3658428037812573
1733 0.3660471918738785
1734 0.3662507740624831
1735 0.3664535514131916
1736 0.3666555249909825
1737 0.3668566958596908
1738 0.3670570650820053
1739 0.3672566337194675
1740 0.3674554028324706
1741 0.3676533734802565
1742 0.3678505467209149
1743 0.3680469236113814
1744 0.3682425052074343
1745 0.3684372925636938
1746 0.3686312867336187
1747 0.3688244887695025
1748 0.3690168997224716
1749 0.3692085206424807
1750 0.3693993525783079
1751 0.3695893965775507
1752 0.3697786536866206
1753 0.3699671249507372
1754 0.3701548114139235
1755 0.3703417141189987
1756 0.3705278341075728
1757 0.3707131724200405
1758 0.3708977300955746
1759 0.3710815081721205
1760 0.3712645076863908
1761 0.3714467296738598
1762 0.3716281751687589
1763 0.3718088452040708
1764 0.3719887408115264
1765 0.3721678630216004
1766 0.3723462128635072
1767 0.3725237913651981
1768 0.3727005995533576
1769 0.3728766384533989
1770 0.3730519090894613
1771 0.3732264124844065
1772 0.3734001496598148
1773 0.3735731216359799
1774 0.3737453294319054
1775 0.3739167740652988
1776 0.374087456552567
1777 0.3742573779088099
1778 0.3744265391478132
1779 0.3745949412820429
1780 0.3747625853226375
1781 0.3749294722793995
1782 0.3750956031607882
1783 0.3752609789739103
1784 0.3754256007245113
1785 0.3755894694169656
1786 0.3757525860542679
1787 0.3759149516380213
1788 0.3760765671684289
1789 0.3762374336442827
1790 0.3763975520629534
1791 0.3765569234203791
1792 0.3767155487110557
1793 0.3768734289280262
1794 0.3770305650628706
1795 0.3771869581056952
1796 0.3773426090451232
1797 0.3774975188682855
1798 0.3776516885608104
1799 0.3778051191068149
1800 0.3779578114888962
1801 0.378109766688122
1802 0.3782609856840223
1803 0.3784114694545806
1804 0.3785612189762252
1805 0.3787102352238196
1806 0.3788585191706541
1807 0.3790060717884356
1808 0.3791528940472772
1809 0.3792989869156886
1810 0.3794443513605634
1811 0.3795889883471682
1812 0.3797328988391303
1813 0.3798760837984235
1814 0.3800185441853554
1815 0.3801602809585521
1816 0.3803012950749429
1817 0.3804415874897457
1818 0.3805811591564499
1819 0.3807200110268003
1820 0.3808581440507793
1821 0.3809955591765906
1822 0.38113225735064
1823 0.381268239517519
1824 0.3814035066199856
1825 0.3815380595989458
1826 0.3816718993934351
1827 0.3818050269406006
1828 0.381937443175681
1829 0.3820691490319879
1830 0.3822001454408874
1831 0.3823304333317793
1832 0.3824600136320789
1833 0.3825888872671973
1834 0.3827170551605209
1835 0.3828445182333921
1836 0.3829712774050891
1837 0.3830973335928046
1838 0.3832226877116258
1839 0.3833473406745132
1840 0.383471293392278
1841 0.3835945467735612
1842 0.3837171017248096
1843 0.3838389591502536
1844 0.3839601199518832
1845 0.3840805850294231
1846 0.3842003552803077
1847 0.3843194315996554
1848 0.3844378148802423
1849 0.3845555060124741
1850 0.3846725058843589
1851 0.3847888153814782
1852 0.3849044353869585
1853 0.3850193667814409
1854 0.3851336104430506
1855 0.3852471672473672
1856 0.3853600380673926
1857 0.3854722237735198
1858 0.385583725233501
1859 0.3856945433124151
1860 0.3858046788726354
1861 0.385914132773796
1862 0.3860229058727597
1863 0.3861309990235836
1864 0.3862384130774859
1865 0.386345148882811
1866 0.3864512072849954
1867 0.3865565891265336
1868 0.3866612952469418
1869 0.3867653264827224
1870 0.3868686836673282
1871 0.3869713676311256
1872 0.3870733792013576
1873 0.3871747192021061
1874 0.3872753884542539
1875 0.3873753877754463
1876 0.3874747179800512
1877 0.3875733798791204
1878 0.38767137428035
1879 0.3877687019880378
1880 0.3878653638030438
1881 0.3879613605227484
1882 0.388056692941011
1883 0.388151361848127
1884 0.3882453680307869
1885 0.3883387122720326
1886 0.3884313953512156
1887 0.3885234180439545
1888 0.3886147811220924
1889 0.3887054853536548
1890 0.3887955315028088
1891 0.3888849203298206
1892 0.388973652591016
1893 0.3890617290387395
1894 0.3891491504213165
1895 0.3892359174830147
1896 0.3893220309640078
1897 0.3894074916003393
1898 0.3894923001238888
1899 0.3895764572623393
1900 0.3896599637391464
1901 0.3897428202735094
1902 0.389825027580343
1903 0.3899065863702534
1904 0.389987497349514
1905 0.3900677612200452
1906 0.3901473786793969
1907 0.3902263504207317
1908 0.3903046771328133
1909 0.3903823594999963
1910 0.3904593982022206
1911 0.3905357939150086
1912 0.3906115473094668
1913 0.3906866590522913
1914 0.3907611298057787
1915 0.3908349602278413
1916 0.3909081509720279
1917 0.3909807026875508
1918 0.391052616019319
1919 0.3911238916079782
1920 0.3911945300899586
1921 0.3912645320975309
1922 0.3913338982588696
1923 0.3914026291981279
1924 0.3914707255355202
1925 0.391538187887417
1926 0.3916050168664504
1927 0.3916712130816323
1928 0.391736777138485
1929 0.391801709639186
1930 0.3918660111827277
1931 0.3919296823650928
1932 0.3919927237794462
1933 0.3920551360163446
1934 0.3921169196639645
1935 0.3921780753083507
1936 0.3922386035336858
1937 0.3922985049225811
1938 0.3923577800563917
1939 0.3924164295155562
1940 0.392474453879962
1941 0.3925318537293391
1942 0.3925886296436822
1943 0.3926447822037031
1944 0.3927003119913161
1945 0.3927552195901565
1946 0.3928095055861354
1947 0.3928631705680308
1948 0.3929162151281193
1949 0.392968639862847
1950 0.3930204453735456
1951 0.3930716322671926
1952 0.3931222011572186
1953 0.3931721526643646
1954 0.3932214874175907
1955 0.3932702060550392
1956 0.3933183092250532
1957 0.3933657975872545
1958 0.3934126718136821
1959 0.3934589325899943
1960 0.3935045806167369
1961 0.3935496166106791
1962 0.3935940413062196
1963 0.393637855456868
1964 0.3936810598367993
1965 0.393723655242487
1966 0.3937656424944169
1967 0.3938070224388827
1968 0.3938477959498662
1969 0.3938879639310046
1970 0.3939275273176455
1971 0.3939664870789931
1972 0.3940048442203465
1973 0.3940425997854315
1974 0.3940797548588272
1975 0.3941163105684899
1976 0.3941522680883728
1977 0.3941876286411449
1978 0.3942223935010075
1979 0.3942565639966092
1980 0.3942901415140604
1981 0.3943231275000442
1982 0.3943555234650257
1983 0.3943873309865563
1984 0.3944185517126731
1985 0.3944491873653905
1986 0.3944792397442811
1987 0.3945087107301446
1988 0.3945376022887589
1989 0.3945659164747127
1990 0.3945936554353112
1991 0.3946208214145533
1992 0.3946474167571739
1993 0.3946734439127431
1994 0.3946989054398177
1995 0.3947238040101372
1996 0.3947481424128551
1997 0.3947719235587976
1998 0.3947951504847395
1999 0.3948178263576877
2000 0.3948399544791588
2001 0.3948615382894418
2002 0.3948825813718302
2003 0.3949030874568112
2004 0.3949230604261948
2005 0.3949425043171692
2006 0.3949614233262629
2007 0.394979821813195
2008 0.3949977043045951
2009 0.3950150754975698
2010 0.3950319402630924
2011 0.3950483036491937
2012 0.3950641708839244
2013 0.3950795473780638
2014 0.3950944387275433
2015 0.3951088507155554
2016 0.3951227893143124
2017 0.3951362606864228
2018 0.3951492711858469
2019 0.3951618273583962
2020 0.3951739359417349
2021 0.3951856038648471
2022 0.3951968382469268
2023 0.3952076463956507
2024 0.3952180358047951
2025 0.3952280141511572
2026 0.3952375892907401
2027 0.3952467692541723
2028 0.3952555622413222
2029 0.3952639766150852
2030 0.395272020894314
2031 0.3952797037458786
2032 0.3952870339758411
2033 0.3952940205197402
2034 0.3953006724319911
2035 0.3953069988744113
2036 0.3953130091038943
2037 0.3953187124592628
2038 0.3953241183473421
2039 0.3953292362283104
2040 0.395334075600382
2041 0.3953386459839034
2042 0.395342956904942
2043 0.3953470178784597
2044 0.3953508383911745
2045 0.3953544278842171
2046 0.3953577957356974
2047 0.3953609512433007
2048 0.3953639036070332
2049 0.3953666619122463
2050 0.3953692351130581
2051 0.3953716320162963
2052 0.3953738612660796
2053 0.3953759313291494
2054 0.3953778504810581
2055 0.3953796267933078
2056 0.3953812681215271
2057 0.3953827820947591
2058 0.3953841761059246
2059 0.3953854573035076
2060 0.3953866325845005
2061 0.3953877085886277
2062 0.3953886916938614
2063 0.3953895880132182
2064 0.3953904033928214
2065 0.3953911434111977
2066 0.3953918133797658
2067 0.3953924183444661
2068 0.395392963088468
2069 0.3953934521358857
2070 0.3953938897564283
2071 0.3953942799708998
2072 0.395394626557468
2073 0.3953949330586108
2074 0.3953952027886523
2075 0.3953954388418018
2076 0.3953956441006056
2077 0.3953958212447269
2078 0.3953959727599716
2079 0.3953961009474804
2080 0.3953962079330152
2081 0.3953962956762679
2082 0.3953963659801294
2083 0.3953964204998623
2084 0.3953964607521218
2085 0.3953964881237831
2086 0.395396503880531
2087 0.3953965091751805
2088 0.3953965050556993
2089 0.3953964924729087
2090 0.3953964722878445
2091 0.3953964452787654
2092 0.3953964121478011
2093 0.3953963735272341
2094 0.3953963299854132
2095 0.3953962820323052
2096 0.3953962301246841
2097 0.3953961746709711
2098 0.3953961160357303
2099 0.395396054543835
2100 0.3953959904843151
2101 0.3953959241139016
2102 0.3953958556602812
2103 0.3953957853250775
2104 0.3953957132865727
2105 0.3953956397021899
2106 0.3953955647107449
2107 0.3953954884344895
2108 0.3953954109809574
2109 0.3953953324446299
2110 0.3953952529084335
2111 0.3953951724450848
2112 0.3953950911182935
2113 0.3953950089838388
2114 0.3953949260905278
2115 0.3953948424810479
2116 0.3953947581927235
2117 0.3953946732581859
2118 0.3953945877059654
2119 0.3953945015610139
2120 0.3953944148451634
2121 0.3953943275775298
2122 0.3953942397748668
2123 0.3953941514518743
2124 0.3953940626214694
2125 0.395393973295021
2126 0.3953938834825543
2127 0.3953937931929288
2128 0.3953937024339919
2129 0.3953936112127123
2130 0.3953935195352943
2131 0.3953934274072782
2132 0.3953933348336245
2133 0.3953932418187878
2134 0.39539314836678
2135 0.3953930544812241
2136 0.3953929601654009
2137 0.3953928654222888
2138 0.3953927702545977
2139 0.3953926746647984
2140 0.395392578655148
2141 0.3953924822277111
2142 0.3953923853843785
2143 0.3953922881268839
2144 0.3953921904568166
2145 0.3953920923756347
2146 0.3953919938846752
2147 0.3953918949851636
2148 0.395391795678222
2149 0.395391695964876
2150 0.3953915958460618
2151 0.3953914953226317
2152 0.3953913943953595
2153 0.3953912930649447
2154 0.3953911913320173
2155 0.3953910891971413
2156 0.3953909866608189
2157 0.3953908837234923
2158 0.3953907803855482
2159 0.395390676647319
2160 0.3953905725090863
2161 0.3953904679710816
2162 0.3953903630334892
2163 0.3953902576964474
2164 0.3953901519600502
2165 0.3953900458243479
2166 0.3953899392893486
2167 0.3953898323550189
2168 0.3953897250212852
2169 0.3953896172880336
2170 0.3953895091551105
2171 0.3953894006223236
2172 0.3953892916894422
2173 0.3953891823561974
2174 0.3953890726222825
2175 0.395388962487353
2176 0.3953888519510277
2177 0.3953887410128882
2178 0.3953886296724798
2179 0.3953885179293118
2180 0.3953884057828577
2181 0.3953882932325558
2182 0.3953881802778099
2183 0.3953880669179897
2184 0.3953879531524316
2185 0.3953878389804388
2186 0.3953877244012826
2187 0.3953876094142027
2188 0.3953874940184076
2189 0.3953873782130757
2190 0.3953872619973564
2191 0.3953871453703696
2192 0.3953870283312075
2193 0.3953869108789343
2194 0.3953867930125872
2195 0.3953866747311772
2196 0.3953865560336886
2197 0.3953864369190804
2198 0.3953863173862863
2199 0.3953861974342144
2200 0.3953860770617486
2201 0.3953859562677478
2202 0.3953858350510466
2203 0.3953857134104553
2204 0.3953855913447598
2205 0.3953854688527218
2206 0.3953853459330788
2207 0.3953852225845442
2208 0.3953850988058076
2209 0.3953849745955344
2210 0.3953848499523662
2211 0.395384724874921
2212 0.3953845993617932
2213 0.3953844734115539
2214 0.3953843470227509
2215 0.3953842201939093
2216 0.3953840929235319
2217 0.3953839652100992
2218 0.3953838370520699
2219 0.3953837084478811
2220 0.3953835793959493
2221 0.3953834498946703
2222 0.3953833199424196
2223 0.3953831895375529
2224 0.3953830586784067
2225 0.3953829273632982
2226 0.3953827955905258
2227 0.3953826633583691
2228 0.3953825306650894
2229 0.39538239750893
2230 0.3953822638881152
2231 0.3953821298008509
2232 0.3953819952453249
2233 0.3953818602197054
2234 0.3953817247221424
2235 0.3953815887507658
2236 0.395381452303686
2237 0.3953813153789925
2238 0.3953811779747546
2239 0.39538104008902
2240 0.3953809017198145
2241 0.3953807628651412
2242 0.3953806235229806
2243 0.3953804836912895
2244 0.3953803433680011
2245 0.3953802025510243
2246 0.395380061238243
2247 0.3953799194275165
2248 0.3953797771166793
2249 0.3953796343035405
2250 0.3953794909858841
2251 0.3953793471614693
2252 0.3953792028280306
2253 0.3953790579832777
2254 0.3953789126248962
2255 0.3953787667505478
2256 0.3953786203578712
2257 0.3953784734444821
2258 0.3953783260079738
2259 0.3953781780459182
2260 0.3953780295558655
2261 0.3953778805353456
2262 0.3953777309818673
2263 0.3953775808929205
2264 0.3953774302659749
2265 0.3953772790984813
2266 0.3953771273878713
2267 0.395376975131557
2268 0.3953768223269322
2269 0.3953766689713708
2270 0.3953765150622282
2271 0.3953763605968391
2272 0.3953762055725191
2273 0.3953760499865625
2274 0.395375893836243
2275 0.3953757371188124
2276 0.3953755798315
2277 0.3953754219715124
2278 0.3953752635360323
2279 0.3953751045222175
2280 0.395374944927201
2281 0.3953747847480897
2282 0.395374623981964
2283 0.3953744626258773
2284 0.3953743006768548
2285 0.3953741381318935
2286 0.3953739749879618
2287 0.3953738112419993
2288 0.3953736468909156
2289 0.395373481931591
2290 0.395373316360876
2291 0.3953731501755913
2292 0.3953729833725276
2293 0.3953728159484461
2294 0.3953726479000779
2295 0.3953724792241246
2296 0.395372309917258
2297 0.395372139976121
2298 0.395371969397327
2299 0.3953717981774603
2300 0.3953716263130764
2301 0.395371453800702
2302 0.3953712806368352
2303 0.3953711068179451
2304 0.3953709323404719
2305 0.3953707572008276
2306 0.3953705813953948
2307 0.3953704049205271
2308 0.395370227772549
2309 0.3953700499477554
2310 0.3953698714424111
2311 0.3953696922527509
2312 0.3953695123749789
2313 0.3953693318052681
2314 0.3953691505397602
2315 0.3953689685745649
2316 0.3953687859057598
2317 0.395368602529389
2318 0.3953684184414638
2319 0.3953682336379618
2320 0.3953680481148262
2321 0.3953678618679654
2322 0.3953676748932535
2323 0.3953674871865285
2324 0.3953672987435932
2325 0.3953671095602139
2326 0.3953669196321213
2327 0.3953667289550085
2328 0.3953665375245323
2329 0.3953663453363118
2330 0.3953661523859289
2331 0.3953659586689273
2332 0.3953657641808125
2333 0.3953655689170521
2334 0.3953653728730739
2335 0.3953651760442671
2336 0.3953649784259807
2337 0.395364780013524
2338 0.3953645808021651
2339 0.3953643807871315
2340 0.3953641799636083
2341 0.3953639783267388
2342 0.3953637758716231
2343 0.3953635725933173
2344 0.3953633684868338
2345 0.3953631635471395
2346 0.3953629577691556
2347 0.3953627511477572
2348 0.3953625436777721
2349 0.3953623353539804
2350 0.3953621261711134
2351 0.3953619161238538
2352 0.3953617052068346
2353 0.3953614934146389
2354 0.3953612807417991
2355 0.3953610671827963
2356 0.3953608527320606
2357 0.3953606373839704
2358 0.3953604211328521
2359 0.3953602039729798
2360 0.3953599858985756
2361 0.3953597669038088
2362 0.3953595469827964
2363 0.3953593261296026
2364 0.395359104338239
2365 0.395358881602664
2366 0.3953586579167833
2367 0.3953584332744494
2368 0.3953582076694616
2369 0.3953579810955656
2370 0.3953577535464536
2371 0.3953575250157632
2372 0.3953572954970778
2373 0.3953570649839254
2374 0.3953568334697786
2375 0.3953566009480532
2376 0.3953563674121087
2377 0.3953561328552457
2378 0.3953558972707065
2379 0.3953556606516732
2380 0.395355422991267
2381 0.3953551842825467
2382 0.3953549445185082
2383 0.395354703692082
2384 0.3953544617961337
2385 0.3953542188234609
2386 0.3953539747667929
2387 0.3953537296187893
2388 0.3953534833720387
2389 0.3953532360190573
2390 0.3953529875522874
2391 0.3953527379640964
2392 0.3953524872467765
2393 0.395352235392542
2394 0.3953519823935294
2395 0.3953517282417962
2396 0.3953514729293199
2397 0.3953512164479968
2398 0.3953509587896417
2399 0.3953506999459869
2400 0.3953504399086812
2401 0.3953501786692898
2402 0.3953499162192932
2403 0.3953496525500865
2404 0.3953493876529786
2405 0.3953491215191923
2406 0.395348854139863
2407 0.3953485855060382
2408 0.3953483156086762
2409 0.3953480444386466
2410 0.3953477719867279
2411 0.3953474982436083
2412 0.3953472231998834
2413 0.3953469468460561
2414 0.3953466691725351
2415 0.3953463901696339
2416 0.3953461098275696
2417 0.3953458281364622
2418 0.3953455450863327
2419 0.395345260667102
2420 0.3953449748685893
2421 0.3953446876805112
2422 0.3953443990924798
2423 0.3953441090940014
2424 0.3953438176744749
2425 0.3953435248231901
2426 0.3953432305293266
2427 0.3953429347819517
2428 0.3953426375700193
2429 0.3953423388823681
2430 0.3953420387077198
2431 0.3953417370346778
2432 0.3953414338517251
2433 0.3953411291472235
2434 0.3953408229094112
2435 0.3953405151264022
2436 0.395340205786183
2437 0.3953398948766123
2438 0.3953395823854188
2439 0.3953392683002001
2440 0.3953389526084197
2441 0.3953386352974064
2442 0.3953383163543518
2443 0.3953379957663091
2444 0.3953376735201906
2445 0.3953373496027656
2446 0.3953370240006591
2447 0.3953366967003491
2448 0.3953363676881648
2449 0.3953360369502848
2450 0.3953357044727342
2451 0.3953353702413826
2452 0.3953350342419416
2453 0.3953346964599629
2454 0.3953343568808358
2455 0.3953340154897842
2456 0.3953336722718649
2457 0.395333327211965
2458 0.3953329802947988
2459 0.3953326315049057
2460 0.3953322808266478
2461 0.395331928244207
2462 0.3953315737415828
2463 0.3953312173025894
2464 0.3953308589108526
2465 0.3953304985498084
2466 0.3953301362026997
2467 0.3953297718525735
2468 0.395329405482278
2469 0.3953290370744605
2470 0.3953286666115644
2471 0.3953282940758261
2472 0.3953279194492726
2473 0.3953275427137182
2474 0.3953271638507621
2475 0.3953267828417842
2476 0.3953263996679431
2477 0.3953260143101725
2478 0.3953256267491775
2479 0.3953252369654321
2480 0.3953248449391744
2481 0.3953244506504038
2482 0.3953240540788776
2483 0.3953236552041063
2484 0.3953232540053503
2485 0.3953228504616161
2486 0.3953224445516508
2487 0.3953220362539395
2488 0.3953216255466996
2489 0.3953212124078774
2490 0.3953207968151433
2491 0.3953203787458865
2492 0.3953199581772117
2493 0.3953195350859328
2494 0.3953191094485692
2495 0.3953186812413408
2496 0.3953182504401622
2497 0.395317817020639
2498 0.3953173809580616
2499 0.395316942227401
2500 0.3953165008033031
2501 0.3953160566600833
2502 0.3953156097717222
2503 0.3953151601118594
2504 0.3953147076537882
2505 0.3953142523704505
2506 0.3953137942344308
2507 0.3953133332179509
2508 0.3953128692928637
2509 0.3953124024306479
2510 0.3953119326024014
2511 0.3953114597788354
2512 0.3953109839302676
2513 0.3953105050266166
2514 0.3953100230373944
2515 0.3953095379317002
2516 0.3953090496782126
2517 0.3953085582451831
2518 0.3953080636004278
2519 0.3953075657113208
2520 0.3953070645447845
2521 0.3953065600672844
2522 0.3953060522448177
2523 0.3953055410429066
2524 0.3953050264265889
2525 0.3953045083604093
2526 0.3953039868084092
2527 0.3953034617341191
2528 0.3953029331005471
2529 0.3953024008701709
2530 0.3953018650049259
2531 0.3953013254661962
2532 0.395300782214804
2533 0.3953002352109988
2534 0.3952996844144464
2535 0.3952991297842187
2536 0.3952985712787816
2537 0.3952980088559837
2538 0.3952974424730455
2539 0.3952968720865468
2540 0.3952962976524147
2541 0.3952957191259116
2542 0.3952951364616224
2543 0.395294549613442
2544 0.3952939585345616
2545 0.3952933631774562
2546 0.3952927634938704
2547 0.3952921594348043
2548 0.3952915509504995
2549 0.3952909379904246
2550 0.3952903205032595
2551 0.3952896984368801
2552 0.3952890717383434
2553 0.3952884403538701
2554 0.3952878042288283
2555 0.3952871633077167
2556 0.395286517534147
2557 0.3952858668508253
2558 0.3952852111995343
2559 0.3952845505211137
2560 0.3952838847554413
2561 0.3952832138414125
2562 0.3952825377169197
2563 0.3952818563188318
2564 0.3952811695829719
2565 0.3952804774440951
2566 0.3952797798358659
2567 0.3952790766908351
2568 0.3952783679404155
2569 0.3952776535148568
2570 0.3952769333432212
2571 0.3952762073533565
2572 0.3952754754718701
2573 0.3952747376241013
2574 0.3952739937340939
2575 0.3952732437245665
2576 0.3952724875168834
2577 0.3952717250310242
2578 0.3952709561855523
2579 0.3952701808975826
2580 0.3952693990827493
2581 0.3952686106551716
2582 0.3952678155274185
2583 0.395267013610473
2584 0.3952662048136958
2585 0.3952653890447868
2586 0.3952645662097455
2587 0.3952637362128324
2588 0.3952628989565259
2589 0.3952620543414805
2590 0.3952612022664828
2591 0.3952603426284059
2592 0.3952594753221634
2593 0.3952586002406613
2594 0.3952577172747485
2595 0.3952568263131656
2596 0.3952559272424931
2597 0.3952550199470972
2598 0.3952541043090737
2599 0.3952531802081916
2600 0.395252247521833
2601 0.3952513061249333
2602 0.3952503558899177
2603 0.3952493966866367
2604 0.3952484283822994
2605 0.3952474508414054
2606 0.395246463925673
2607 0.3952454674939665
2608 0.395244461402221
2609 0.3952434455033635
2610 0.3952424196472335
2611 0.3952413836804992
2612 0.3952403374465719
2613 0.3952392807855171
2614 0.3952382135339625
2615 0.3952371355250034
2616 0.3952360465881041
2617 0.3952349465489964
2618 0.3952338352295738
2619 0.3952327124477833
2620 0.3952315780175111
2621 0.3952304317484664
2622 0.39522927344606
2623 0.3952281029112776
2624 0.3952269199405497
2625 0.3952257243256166
2626 0.3952245158533868
2627 0.3952232943057916
2628 0.3952220594596333
2629 0.3952208110864285
2630 0.3952195489522443
2631 0.3952182728175282
2632 0.3952169824369322
2633 0.3952156775591292
2634 0.3952143579266222
2635 0.3952130232755459
2636 0.3952116733354606
2637 0.3952103078291372
2638 0.3952089264723331
2639 0.3952075289735604
2640 0.3952061150338421
2641 0.3952046843464591
2642 0.3952032365966869
2643 0.3952017714615194
2644 0.3952002886093819
2645 0.3951987876998306
2646 0.3951972683832387
2647 0.3951957303004674
2648 0.395194173082523
2649 0.3951925963501959
2650 0.3951909997136835
2651 0.3951893827721935
2652 0.3951877451135275
2653 0.3951860863136427
2654 0.3951844059361906
2655 0.39518270353203
2656 0.3951809786387122
2657 0.3951792307799365
2658 0.3951774594649727
2659 0.3951756641880472
2660 0.3951738444276883
2661 0.3951719996460271
2662 0.3951701292880494
2663 0.3951682327807907
2664 0.3951663095324691
2665 0.3951643589315455
2666 0.3951623803457062
2667 0.3951603731207512
2668 0.3951583365793784
2669 0.3951562700198475
2670 0.395154172714505
2671 0.3951520439081507
2672 0.3951498828162171
2673 0.3951476886227373
2674 0.3951454604780631
2675 0.3951431974962952
2676 0.3951408987523773
2677 0.3951385632787997
2678 0.3951361900618479
2679 0.3951337780373214
2680 0.3951313260856351
2681 0.3951288330262024
2682 0.3951262976109825
2683 0.3951237185170544
2684 0.3951210943380634
2685 0.3951184235743547
2686 0.3951157046215901
2687 0.3951129357576049
2688 0.3951101151272317
2689 0.3951072407247801
2690 0.3951043103738123
2691 0.3951013217038103
2692 0.3950982721232771
2693 0.3950951587887464
2694 0.3950919785691195
2695 0.395088728004668
2696 0.3950854032599614
2697 0.3950820000698944
2698 0.3950785136778924
2699 0.3950749387652706
2700 0.3950712693706113
2701 0.3950674987979099
2702 0.3950636195121101
2703 0.3950596230205181
2704 0.3950554997384483
2705 0.3950512388373033
2706 0.3950468280731438
2707 0.3950422535936485
2708 0.3950374997212086
2709 0.3950325487097401
2710 0.3950273804726461
2711 0.3950219722792065
2712 0.3950162984165261
2713 0.3950103298140377
2714 0.3950040336274367
2715 0.394997372778813
2716 0.394990305449673
2717 0.3949827845234779
2718 0.3949747569743101
2719 0.3949661631982873
2720 0.3949569362844008
2721 0.394947001221566
2722 0.3949362740388288
2723 0.3949246608758976
2724 0.3949120569814649
2725 0.3948983456371433
2726 0.3948833970052952
2727 0.394867066899562
2728 0.3948491954775268
2729 0.394829605855664
2730 0.394808102647549
2731 0.3947844704272231
2732 0.394758472120632
2733 0.3947298473291883
2734 0.3946983105907355
2735 0.3946635495845182
2736 0.3946252232881894
2737 0.3945829600963877
2738 0.3945363559120009
2739 0.3944849722228831
2740 0.3944283341784797
2741 0.3943659286825498
2742 0.394297202519915
2743 0.3942215605368901
2744 0.3941383638967557
2745 0.3940469284332662
2746 0.3939465231267392
2747 0.3938363687286963
2748 0.393715636562316
2749 0.3935834475270373
2750 0.3934388713365493
2751 0.3932809260200121
2752 0.3931085777167054
2753 0.3929207407943182
2754 0.3927162783207762
2755 0.3924940029187931
2756 0.3922526780312358
2757 0.3919910196238615
2758 0.3917076983500131
2759 0.3914013421994395
2760 0.3910705396505134
2761 0.3907138433417736
2762 0.3903297742749127
2763 0.3899168265570783
2764 0.3894734726856857
2765 0.3889981693738714
2766 0.3884893639092947
2767 0.3879455010332548
2768 0.387365030321093
2769 0.3867464140386501
2770 0.3860881354432141
2771 0.3853887074909979
2772 0.3846466819068075
2773 0.383860658565285
2774 0.3830292951270185
2775 0.3821513168670014
2776 0.3812255266274806
2777 0.3802508148222465
2778 0.3792261694149847
2779 0.3781506857905064
2780 0.3770235764345897
2781 0.375844180335865
2782 0.3746119720217443
2783 0.3733265701398645
2784 0.3719877454969585
2785 0.3705954284685056
2786 0.3691497156949658
2787 0.3676508759839031
2788 0.3660993553418049
2789 0.3644957810649371
2790 0.3628409648250581
2791 0.3611359046932313
2792 0.3593817860532452
2793 0.3575799813651961
2794 0.3557320487495232
2795 0.3538397293721035
2796 0.3519049436217978
2797 0.3499297860829691
2798 0.3479165193168325
2799 0.3458675664769168
2800 0.3437855027952639
2801 0.3416730459871393
2802 0.3395330456328124
2803 0.3373684716052788
2804 0.3351824016224678
2805 0.332978008011418
2806 0.3307585437799664
2807 0.3285273280985891
2808 0.3262877313010601
2809 0.3240431595174755
2810 0.3217970390568645
2811 0.3195528006590259
2812 0.3173138637363601
2813 0.3150836207263059
2814 0.3128654216735326
2815 0.3106625591583201
2816 0.3084782536836086
2817 0.3063156396280868
2818 0.3041777518664758
2819 0.3020675131509459
2820 0.2999877223394805
2821 0.2979410435480758
2822 0.295929996294065
2823 0.2939569466877112
2824 0.292024099718643
2825 0.2901334926728665
2826 0.2882869897050944
2827 0.2864862775801359
2828 0.2847328625862197
2829 0.2830280686124956
2830 0.2813730363727113
2831 0.2797687237472982
2832 0.2782159072069107
2833 0.2767151842719709
2834 0.2752669769550155
2835 0.2738715361257235
2836 0.2725289467324558
2837 0.2712391338089981
2838 0.2700018691910173
2839 0.2688167788634912
2840 0.2676833508580892
2841 0.266600943618127
2842 0.2655687947482787
2843 0.2645860300666666
2844 0.2636516728782097
2845 0.2627646533901489
2846 0.2619238181934164
2847 0.2611279397369031
2848 0.2603757257256353
2849 0.2596658283783204
2850 0.2589968534845773
2851 0.2583673692073641
2852 0.2577759145815466
2853 0.257221007665178
2854 0.2567011533057595
2855 0.2562148504894958
2856 0.2557605992472454
2857 0.255336907096457
2858 0.2549422950037959
2859 0.2545753028583763
2860 0.2542344944504562
2861 0.2539184619550947
2862 0.2536258299245869
2863 0.2533552587974484
2864 0.2531054479352958
2865 0.2528751382021726
2866 0.2526631141036594
2867 0.2524682055055154
2868 0.252289288953609
2869 0.2521252886185247
2870 0.251975176889495
2871 0.251837974643214
2872 0.2517127512136664
2873 0.2515986240893714
2874 0.2514947583644179
2875 0.2514003659693936
2876 0.2513147047077924
2877 0.2512370771227655
2878 0.2511668292181899
2879 0.2511033490569703
2880 0.2510460652583235
2881 0.2509944454145168
2882 0.2509479944461847
2883 0.2509062529139439
2884 0.2508687953025942
2885 0.250835228292746
2886 0.2508051890332754
2887 0.2507783434265839
2888 0.2507543844372578
2889 0.2507330304333777
2890 0.25071402356845
2891 0.2506971282107042
2892 0.2506821294253598
2893 0.250668831514385
2894 0.2506570566172765
2895 0.2506466433754781
2896 0.2506374456622146
2897 0.2506293313787756
2898 0.2506221813176004
2899 0.2506158880919278
2900 0.2506103551312508
2901 0.2506054957413685
2902 0.2506012322274423
2903 0.2505974950781489
2904 0.2505942222087605
2905 0.2505913582607749
2906 0.2505888539555655
2907 0.2505866654994043
2908 0.2505847540371418
2909 0.25058308515179
2910 0.2505816284072501
2911 0.2505803569314447
2912 0.2505792470371643
2913 0.250578277877995
2914 0.2505774311367818
2915 0.2505766907441688
2916 0.2505760426248621
2917 0.2505754744693767
2918 0.2505749755291364
2919 0.2505745364329216
2920 0.2505741490227792
2921 0.2505738062076268
2922 0.2505735018329059
2923 0.2505732305647559
2924 0.2505729877872918
2925 0.2505727695116806
2926 0.2505725722958168
2927 0.2505723931734968
2928 0.2505722295920846
2929 0.2505720793577569
2930 0.250571940587493
2931 0.2505718116670562
2932 0.2505716912142871
2933 0.2505715780470953
2934 0.2505714711555968
2935 0.2505713696779038
2936 0.2505712728791274
2937 0.2505711801331948
2938 0.2505710909071347
2939 0.2505710047475161
2940 0.2505709212687676
2941 0.2505708401431312
2942 0.2505707610920395
2943 0.2505706838787216
2944 0.2505706083018788
2945 0.2505705341902792
2946 0.2505704613981473
2947 0.2505703898012375
2948 0.2505703192934942
2949 0.2505702497842165
2950 0.2505701811956534
2951 0.2505701134609673
2952 0.2505700465225128
2953 0.2505699803303826
2954 0.2505699148411815
2955 0.2505698500169931
2956 0.2505697858245111
2957 0.2505697222343084
2958 0.2505696592202245
2959 0.2505695967588509
2960 0.2505695348291002
2961 0.2505694734118465
2962 0.2505694124896232
2963 0.2505693520463722
2964 0.2505692920672339
2965 0.2505692325383736
2966 0.2505691734468361
2967 0.2505691147804261
2968 0.2505690565276094
2969 0.2505689986774312
2970 0.2505689412194489
2971 0.250568884143678
2972 0.2505688274405465
2973 0.250568771100859
2974 0.2505687151157662
2975 0.2505686594767403
2976 0.2505686041755544
2977 0.2505685492042649
2978 0.2505684945551954
2979 0.2505684402209228
2980 0.2505683861942639
2981 0.2505683324682622
2982 0.2505682790361751
2983 0.2505682258914603
2984 0.2505681730277626
2985 0.2505681204389006
2986 0.2505680681188516
2987 0.250568016061739
2988 0.2505679642618189
2989 0.2505679127134673
2990 0.2505678614111678
2991 0.2505678103495022
2992 0.2505677595231413
2993 0.250567708926838
2994 0.2505676585554215
2995 0.250567608403795
2996 0.2505675584669342
2997 0.2505675087398883
2998 0.2505674592177811
2999 0.2505674098958158
3000 0.2505673607692794
3001 0.2505673118335478
3002 0.2505672630840915
3003 0.250567214516481
3004 0.2505671661263916
3005 0.2505671179096077
3006 0.2505670698620258
3007 0.2505670219796565
3008 0.2505669742586245
3009 0.2505669266951675
3010 0.250566879285634
3011 0.2505668320264796
3012 0.2505667849142622
3013 0.2505667379456355
3014 0.250566691117344
3015 0.2505666444262149
3016 0.2505665978691514
3017 0.2505665514431256
3018 0.250566505145172
3019 0.2505664589723802
3020 0.2505664129218894
3021 0.2505663669908825
3022 0.2505663211765805
3023 0.2505662754762384
3024 0.2505662298871417
3025 0.2505661844066016
3026 0.2505661390319531
3027 0.2505660937605529
3028 0.2505660485897768
3029 0.2505660035170202
3030 0.250565958539697
3031 0.2505659136552412
3032 0.2505658688611082
3033 0.2505658241547783
3034 0.2505657795337603
3035 0.2505657349955965
3036 0.2505656905378688
3037 0.250565646158205
3038 0.2505656018542866
3039 0.2505655576238549
3040 0.2505655134647188
3041 0.2505654693747611
3042 0.2505654253519428
3043 0.2505653813943071
3044 0.2505653374999808
3045 0.2505652936671726
3046 0.2505652498941694
3047 0.2505652061793299
3048 0.250565162521075
3049 0.2505651189178749
3050 0.2505650753682361
3051 0.2505650318706845
3052 0.2505649884237485
3053 0.2505649450259421
3054 0.250564901675748
3055 0.2505648583716031
3056 0.2505648151118858
3057 0.2505647718949063
3058 0.2505647287189018
3059 0.2505646855820345
3060 0.250564642482395
3061 0.2505645994180096
3062 0.2505645563868525
3063 0.2505645133868603
3064 0.2505644704159508
3065 0.2505644274720423
3066 0.2505643845530757
3067 0.2505643416570344
3068 0.2505642987819639
3069 0.2505642559259892
3070 0.2505642130873295
3071 0.2505641702643071
3072 0.2505641274553543
3073 0.2505640846590156
3074 0.250564041873943
3075 0.2505639990988904
3076 0.2505639563327022
3077 0.2505639135743009
3078 0.2505638708226707
3079 0.2505638280768418
3080 0.2505637853358738
3081 0.2505637425988402
3082 0.2505636998648141
3083 0.250563657132856
3084 0.2505636144020049
3085 0.2505635716712704
3086 0.2505635289396304
3087 0.2505634862060274
3088 0.2505634434693705
3089 0.2505634007285371
3090 0.2505633579823759
3091 0.2505633152297114
3092 0.2505632724693481
3093 0.2505632297000741
3094 0.2505631869206655
3095 0.2505631441298891
3096 0.250563101326505
3097 0.2505630585092699
3098 0.2505630156769386
3099 0.2505629728282679
3100 0.2505629299620206
3101 0.2505628870769697
3102 0.2505628441719061
3103 0.2505628012456451
3104 0.2505627582970364
3105 0.2505627153249745
3106 0.2505626723284088
3107 0.2505626293063543
3108 0.250562586257901
3109 0.2505625431822216
3110 0.2505625000785756
3111 0.2505624569463097
3112 0.2505624137848543
3113 0.2505623705937141
3114 0.250562327372454
3115 0.2505622841206803
3116 0.2505622408380165
3117 0.250562197524077
3118 0.2505621541784379
3119 0.2505621108006076
3120 0.2505620673899985
3121 0.2505620239459018
3122 0.2505619804674684
3123 0.250561936953694
3124 0.2505618934034148
3125 0.2505618498153101
3126 0.2505618061879141
3127 0.250561762519637
3128 0.2505617188087942
3129 0.2505616750536414
3130 0.2505616312524141
3131 0.2505615874033704
3132 0.2505615435048331
3133 0.2505614995552291
3134 0.2505614555531246
3135 0.2505614114972511
3136 0.2505613673865241
3137 0.250561323220051
3138 0.2505612789971281
3139 0.2505612347172284
3140 0.2505611903799774
3141 0.250561145985123
3142 0.2505611015324981
3143 0.2505610570219796
3144 0.2505610124534471
3145 0.2505609678267422
3146 0.250560923141633
3147 0.2505608783977847
3148 0.2505608335947371
3149 0.2505607887318929
3150 0.2505607438085145
3151 0.2505606988237303
3152 0.2505606537765491
3153 0.2505606086658815
3154 0.2505605634905653
3155 0.2505605182493942
3156 0.2505604729411464
3157 0.2505604275646099
3158 0.2505603821186055
3159 0.2505603366020031
3160 0.2505602910137317
3161 0.2505602453527826
3162 0.250560199618207
3163 0.2505601538091069
3164 0.2505601079246234
3165 0.2505600619639222
3166 0.2505600159261794
3167 0.2505599698105699
3168 0.2505599236162583
3169 0.2505598773423964
3170 0.2505598309881261
3171 0.2505597845525885
3172 0.250559738034939
3173 0.2505596914343665
3174 0.2505596447501162
3175 0.2505595979815109
3176 0.2505595511279724
3177 0.2505595041890359
3178 0.2505594571643586
3179 0.2505594100537183
3180 0.2505593628570006
3181 0.2505593155741755
3182 0.2505592682052625
3183 0.2505592207502867
3184 0.250559173209227
3185 0.2505591255819614
3186 0.250559077868211
3187 0.2505590300674904
3188 0.2505589821790659
3189 0.2505589342019258
3190 0.2505588861347683
3191 0.2505588379760071
3192 0.2505587897237971
3193 0.2505587413760789
3194 0.2505586929306399
3195 0.2505586443851906
3196 0.2505585957374495
3197 0.2505585469852322
3198 0.2505584981265375
3199 0.2505584491596272
3200 0.2505584000830905
3201 0.2505583508958907
3202 0.2505583015973881
3203 0.2505582521873386
3204 0.2505582026658671
3205 0.2505581530334155
3206 0.2505581032906697
3207 0.2505580534384688
3208 0.2505580034777032
3209 0.2505579534092076
3210 0.250557903233656
3211 0.2505578529514675
3212 0.2505578025627269
3213 0.2505577520671287
3214 0.2505577014639469
3215 0.2505576507520333
3216 0.2505575999298451
3217 0.2505575489954993
3218 0.2505574979468498
3219 0.2505574467815818
3220 0.2505573954973148
3221 0.250557344091708
3222 0.2505572925625579
3223 0.2505572409078827
3224 0.2505571891259854
3225 0.2505571372154912
3226 0.2505570851753582
3227 0.2505570330048614
3228 0.2505569807035501
3229 0.2505569282711864
3230 0.2505568757076687
3231 0.2505568230129485
3232 0.2505567701869474
3233 0.2505567172294809
3234 0.2505566641401973
3235 0.250556610918536
3236 0.2505565575637089
3237 0.2505565040747055
3238 0.250556450450324
3239 0.2505563966892241
3240 0.2505563427899965
3241 0.2505562887512455
3242 0.2505562345716752
3243 0.2505561802501711
3244 0.2505561257858698
3245 0.2505560711782067
3246 0.2505560164269354
3247 0.2505559615321151
3248 0.250555906494062
3249 0.2505558513132659
3250 0.2505557959902791
3251 0.2505557405255825
3252 0.250555684919442
3253 0.2505556291717686
3254 0.2505555732819935
3255 0.2505555172489746
3256 0.2505554610709433
3257 0.2505554047454997
3258 0.2505553482696597
3259 0.250555291639954
3260 0.2505552348525711
3261 0.2505551779035357
3262 0.2505551207889105
3263 0.2505550635050054
3264 0.2505550060485802
3265 0.2505549484170247
3266 0.2505548906085064
3267 0.2505548326220713
3268 0.2505547744576926
3269 0.2505547161162608
3270 0.2505546575995131
3271 0.2505545989099022
3272 0.2505545400504096
3273 0.25055448102431
3274 0.2505544218348986
3275 0.2505543624851979
3276 0.2505543029776618
3277 0.2505542433139015
3278 0.2505541834944535
3279 0.2505541235186181
3280 0.2505540633843808
3281 0.2505540030884356
3282 0.2505539426263108
3283 0.2505538819925943
3284 0.2505538211812388
3285 0.2505537601859248
3286 0.2505536990004453
3287 0.250553637619078
3288 0.2505535760369098
3289 0.250553514250084
3290 0.25055345225595
3291 0.2505533900531058
3292 0.2505533276413386
3293 0.2505532650214725
3294 0.25055320219515
3295 0.2505531391645683
3296 0.2505530759321987
3297 0.250553012500509
3298 0.25055294887171
3299 0.2505528850475339
3300 0.2505528210290533
3301 0.2505527568165465
3302 0.250552692409408
3303 0.2505526278061129
3304 0.2505525630042419
3305 0.2505524980005712
3306 0.2505524327912358
3307 0.2505523673719683
3308 0.2505523017384009
3309 0.250552235886415
3310 0.2505521698125029
3311 0.250552103514102
3312 0.2505520369898506
3313 0.2505519702397209
3314 0.250551903264994
3315 0.2505518360680609
3316 0.2505517686520548
3317 0.2505517010203526
3318 0.2505516331760019
3319 0.2505515651211485
3320 0.2505514968565415
3321 0.2505514283811887
3322 0.2505513596922073
3323 0.2505512907848925
3324 0.2505512216529861
3325 0.2505511522891021
3326 0.2505510826852428
3327 0.2505510128333303
3328 0.250550942725691
3329 0.250550872355445
3330 0.250550801716788
3331 0.2505507308051771
3332 0.2505506596174589
3333 0.2505505881519816
3334 0.2505505164087294
3335 0.2505504443894891
3336 0.2505503720980237
3337 0.2505502995401931
3338 0.2505502267239333
3339 0.2505501536589991
3340 0.2505500803563917
3341 0.2505500068274456
3342 0.2505499330826107
3343 0.2505498591300467
3344 0.2505497849742174
3345 0.2505497106147134
3346 0.2505496360455328
3347 0.250549561255009
3348 0.2505494862264732
3349 0.2505494109396301
3350 0.2505493353724829
3351 0.2505492595035418
3352 0.2505491833139832
3353 0.2505491067894187
3354 0.2505490299210018
3355 0.2505489527057134
3356 0.2505488751458207
3357 0.2505487972476581
3358 0.2505487190200067
3359 0.2505486404724148
3360 0.250548561613796
3361 0.2505484824515676
3362 0.2505484029914419
3363 0.2505483232378205
3364 0.2505482431945678
3365 0.2505481628658307
3366 0.250548082256539
3367 0.2505480013722882
3368 0.2505479202184724
3369 0.2505478387987545
3370 0.2505477571131881
3371 0.250547675156467
3372 0.2505475929168322
3373 0.2505475103760846
3374 0.2505474275109367
3375 0.2505473442956476
3376 0.250547260705586
3377 0.2505471767211215
3378 0.2505470923311117
3379 0.2505470075352597
3380 0.2505469223447681
3381 0.2505468367809708
3382 0.2505467508719785
3383 0.2505466646477613
3384 0.250546578134464
3385 0.250546491349035
3386 0.2505464042953481
3387 0.2505463169628271
3388 0.2505462293281238
3389 0.2505461413596929
3390 0.2505460530243194
3391 0.2505459642940203
3392 0.2505458751515093
3393 0.2505457855927032
3394 0.2505456956255486
3395 0.2505456052654962
3396 0.2505455145289163
3397 0.2505454234262907
3398 0.250545331956971
3399 0.2505452401067499
3400 0.2505451478487327
3401 0.2505450551473519
3402 0.2505449619650186
3403 0.2505448682707561
3404 0.2505447740499371
3405 0.2505446793136576
3406 0.2505445841053633
3407 0.2505444885015672
3408 0.2505443926036641
3409 0.2505442965196251
3410 0.2505442003377663
3411 0.2505441040988228
3412 0.2505440077753955
3413 0.2505439112675878
3414 0.2505438144194152
3415 0.2505437170533495
3416 0.2505436190128965
3417 0.2505435201989743
3418 0.2505434205875755
3419 0.2505433202236819
3420 0.2505432191965234
3421 0.2505431176089948
3422 0.2505430155550772
3423 0.2505429131124668
3424 0.2505428103467534
3425 0.2505427073146632
3426 0.2505426040528871
3427 0.2505425005481388
3428 0.2505423967010876
3429 0.2505422923144872
3430 0.2505421871401556
3431 0.2505420809921086
3432 0.250541973870176
3433 0.2505418659852047
3434 0.2505417576310616
3435 0.2505416490521166
3436 0.2505415406048653
3437 0.2505414331733559
3438 0.2505413279013831
3439 0.2505412240443983
3440 0.2505411161734797
3441 0.2505409965665341
3442 0.2505408682421882
3443 0.2505407589709975
3444 0.250540703546532
3445 0.2505406719793547
3446 0.2505405094471563
3447 0.2505400628251638
3448 0.2505395684725262
3449 0.250539877960116
3450 0.2505416148280007
3451 0.2505431296122971
3452 0.2505398564265933
3453 0.2505296358049259
3454 0.2505232029558751
3455 0.2505443895654055
3456 0.2505978930369946
3457 0.2506171797882486
3458 0.2504815258652878
3459 0.2502050300868509
3460 0.2501843760048558
3461 0.2510097573588411
3462 0.2523935789337109
3463 0.252026147780201
3464 0.2471601135899677
3465 0.2405990715329733
3466 0.2448627706276168
3467 0.2728290750369369
3468 0.3050318647431748
3469 0.2597280495242082
3470 0.1224349194802538
3471 0.02941026733541047
3472 0.004798407503514331
3473 0.0007016540845915015
3474 9.993073764000794e-05
3475 1.41735566590018e-05
3476 2.009485545405212e-06
3477 2.848735780862479e-07
3478 4.03842670728393e-08
3479 5.724970293697957e-09
3480 8.115865454656848e-10
3481 1.150523590244227e-10
3482 1.631011464976744e-11
3483 2.31215337442862e-12
3484 3.277409964538945e-13
3485 4.645132376717798e-14
3486 6.586111573979944e-15
3487 9.002150272329836e-16
3488 1.144608722017256e-16
3489 1.035727408062036e-17
3490 2.014885512999503e-35
3491 5.420058712740602e-72
3492 2.708293611242565e-279
3493 0
3494 0
3495 0
3496 0
3497 0
3498 0
3499 0
3500 0
3501 0
3502 0
3503 0
3504 0
3505 0
3506 0
3507 0
3508 0
3509 0
3510 0
3511 0
3512 0
3513 0
3514 0
3515 0
3516 0
3517 0
3518 0
3519 0
3520 0
3521 0
3522 0
3523 0
3524 0
3525 0
3526 0
3527 0
3528 0
3529 0
3530 0
3531 0
3532 0
3533 0
3534 0
3535 0
3536 0
3537 0
3538 0
3539 0
3540 0
3541 0
3542 0
3543 0
3544 0
3545 0
3546 0
3547 0
3548 0
3549 0
3550 0
3551 0
3552 0
3553 0
3554 0
3555 0
3556 0
3557 0
3558 0
3559 0
3560 0
3561 0
3562 0
3563 0
3564 0
3565 0
3566 0
3567 0
3568 0
3569 0
3570 0
3571 0
3572 0
3573 0
3574 0
3575 0
3576 0
3577 0
3578 0
3579 0
3580 0
3581 0
3582 0
3583 0
3584 0
3585 0
3586 0
3587 0
3588 0
3589 0
3590 0
3591 0
3592 0
3593 0
3594 0
3595 0
3596 0
3597 0
3598 0
3599 0
3600 0
3601 0
3602 0
3603 0
3604 0
3605 0
3606 0
3607 0
3608 0
3609 0
3610 0
3611 0
3612 0
3613 0
3614 0
3615 0
3616 0
3617 0
3618 0
3619 0
3620 0
3621 0
3622 0
3623 0
3624 0
3625 0
3626 0
3627 0
3628 0
3629 0
3630 0
3631 0
3632 0
3633 0
3634 0
3635 0
3636 0
3637 0
3638 0
3639 0
3640 0
3641 0
3642 0
3643 0
3644 0
3645 0
3646 0
3647 0
3648 0
3649 0
3650 0
3651 0
3652 0
3653 0
3654 0
3655 0
3656 0
3657 0
3658 0
3659 0
3660 0
3661 0
3662 0
3663 0
3664 0
3665 0
3666 0
3667 0
3668 0
3669 0
3670 0
3671 0
3672 0
3673 0
3674 0
3675 0
3676 0
3677 0
3678 0
3679 0
3680 0
3681 0
3682 0
3683 0
3684 0
3685 0
3686 0
3687 0
3688 0
3689 0
3690 0
3691 0
3692 0
3693 0
3694 0
3695 0
3696 0
3697 0
3698 0
3699 0
3700 0
3701 0
3702 0
3703 0
3704 0
3705 0
3706 0
3707 0
3708 0
3709 0
3710 0
3711 0
3712 0
3713 0
3714 0
3715 0
3716 0
3717 0
3718 0
3719 0
3720 0
3721 0
3722 0
3723 0
3724 0
3725 0
3726 0
3727 0
3728 0
3729 0
3730 0
3731 0
3732 0
3733 0
3734 0
3735 0
3736 0
3737 0
3738 0
3739 0
3740 0
3741 0
3742 0
3743 0
3744 0
3745 0
3746 0
3747 0
3748 0
3749 0
3750 0
3751 0
3752 0
3753 0
3754 0
3755 0
3756 0
3757 0
3758 0
3759 0
3760 0
3761 0
3762 0
3763 0
3764 0
3765 0
3766 0
3767 0
3768 0
3769 0
3770 0
3771 0
3772 0
3773 0
3774 0
3775 0
3776 0
3777 0
3778 0
3779 0
3780 0
3781 0
3782 0
3783 0
3784 0
3785 0
3786 0
3787 0
3788 0
3789 0
3790 0
3791 0
3792 0
3793 0
3794 0
3795 0
3796 0
3797 0
3798 0
3799 0
3800 0
3801 0
3802 0
3803 0
3804 0
3805 0
3806 0
3807 0
3808 0
3809 0
3810 0
3811 0
3812 0
3813 0
3814 0
3815 0
3816 0
3817 0
3818 0
3819 0
3820 0
3821 0
3822 0
3823 0
3824 0
3825 0
3826 0
3827 0
3828 0
3829 0
3830 0
3831 0
3832 0
3833 0
3834 0
3835 0
3836 0
3837 0
3838 0
3839 0
3840 0
3841 0
3842 0
3843 0
3844 0
3845 0
3846 0
3847 0
3848 0
3849 0
3850 0
3851 0
3852 0
3853 0
3854 0
3855 0
3856 0
3857 0
3858 0
3859 0
3860 0
3861 0
3862 0
3863 0
3864 0
3865 0
3866 0
3867 0
3868 0
3869 0
3870 0
3871 0
3872 0
3873 0
3874 0
3875 0
3876 0
3877 0
3878 0
3879 0
3880 0
3881 0
3882 0
3883 0
3884 0
3885 0
3886 0
3887 0
3888 0
3889 0
3890 0
3891 0
3892 0
3893 0
3894 0
3895 0
3896 0
3897 0
3898 0
3899 0
3900 0
3901 0
3902 0
3903 0
3904 0
3905 0
3906 0
3907 0
3908 0
3909 0
3910 0
3911 0
3912 0
3913 0
3914 0
3915 0
3916 0
3917 0
3918 0
3919 0
3920 0
3921 0
3922 0
3923 0
3924 0
3925 0
3926 0
3927 0
3928 0
3929 0
3930 0
3931 0
3932 0
3933 0
3934 0
3935 0
3936 0
3937 0
3938 0
3939 0
3940 0
3941 0
3942 0
3943 0
3944 0
3945 0
3946 0
3947 0
3948 0
3949 0
3950 0
3951 0
3952 0
3953 0
3954 0
3955 0
3956 0
3957 0
3958 0
3959 0
3960 0
3961 0
3962 0
3963 0
3964 0
3965 0
3966 0
3967 0
3968 0
3969 0
3970 0
3971 0
3972 0
3973 0
3974 0
3975 0
3976 0
3977 0
3978 0
3979 0
3980 0
3981 0
3982 0
3983 0
3984 0
3985 0
3986 0
3987 0
3988 0
3989 0
3990 0
3991 0
3992 0
3993 0
3994 0
3995 0
3996 0
3997 0
3998 0
3999 0
4000 0
4001 0
4002 0
4003 0
4004 0
4005 0
4006 0
4007 0
4008 0
4009 0
4010 0
4011 0
4012 0
4013 0
4014 0
4015 0
4016 0
4017 0
4018 0
4019 0
4020 0
4021 0
4022 0
4023 0
4024 0
4025 0
4026 0
4027 0
4028 0
4029 0
4030 0
4031 0
4032 0
4033 0
4034 0
4035 0
4036 0
4037 0
4038 0
4039 0
4040 0
4041 0
4042 0
4043 0
4044 0
4045 0
4046 0
4047 0
4048 0
4049 0
4050 0
4051 0
4052 0
4053 0
4054 0
4055 0
4056 0
4057 0
4058 0
4059 0
4060 0
4061 0
4062 0
4063 0
4064 0
4065 0
4066 0
4067 0
4068 0
4069 0
4070 0
4071 0
4072 0
4073 0
4074 0
4075 0
4076 0
4077 0
4078 0
4079 0
4080 0
4081 0
4082 0
4083 0
4084 0
4085 0
4086 0
4087 0
4088 0
4089 0
4090 0
4091 0
4092 0
4093 0
4094 0
4095 0
