0 1
1 1
2 1
3 1
4 1
5 1
6 1
7 1
8 1
9 1
10 1
11 1
12 1
13 1
14 1
15 1
16 1
17 1
18 1
19 1
20 1
21 1
22 1
23 1
24 1
25 1
26 1
27 1
28 1
29 1
30 1
31 1
32 1
33 1
34 1
35 1
36 1
37 1
38 1
39 1
40 1
41 1
42 1
43 1
44 1
45 1
46 1
47 1
48 1
49 1
50 1
51 1
52 1
53 1
54 1
55 1
56 1
57 1
58 1
59 1
60 1
61 1
62 1
63 1
64 1
65 1
66 1
67 1
68 1
69 1
70 1
71 1
72 1
73 1
74 1
75 1
76 1
77 1
78 1
79 1
80 1
81 1
82 1
83 1
84 1
85 1
86 1
87 1
88 1
89 1
90 1
91 1
92 1
93 1
94 1
95 1
96 1
97 1
98 1
99 1
100 1
101 1
102 1
103 1
104 1
105 1
106 1
107 1
108 1
109 1
110 1
111 1
112 1
113 1
114 1
115 1
116 1
117 1
118 1
119 1
120 1
121 1
122 1
123 1
124 1
125 1
126 1
127 1
128 1
129 1
130 1
131 1
132 1
133 1
134 1
135 1
136 1
137 1
138 1
139 1
140 1
141 1
142 1
143 1
144 1
145 1
146 1
147 1
148 1
149 1
150 1
151 1
152 1
153 1
154 1
155 1
156 1
157 1
158 1
159 1
160 1
161 1
162 1
163 1
164 1
165 1
166 1
167 1
168 1
169 1
170 1
171 1
172 1
173 1
174 1
175 1
176 1
177 1
178 1
179 1
180 1
181 1
182 1
183 1
184 1
185 1
186 1
187 1
188 1
189 1
190 1
191 1
192 1
193 1
194 1
195 1
196 1
197 1
198 1
199 1
200 1
201 1
202 1
203 1
204 1
205 1
206 1
207 1
208 1
209 1
210 1
211 1
212 1
213 1
214 1
215 1
216 1
217 1
218 1
219 1
220 1
221 1
222 1
223 1
224 1
225 1
226 1
227 1
228 1
229 1
230 1
231 1
232 1
233 1
234 1
235 1
236 1
237 1
238 1
239 1
240 1
241 1
242 1
243 1
244 1
245 1
246 1
247 1
248 1
249 1
250 1
251 1
252 1
253 1
254 1
255 1
256 1
257 1
258 1
259 1
260 1
261 1
262 1
263 1
264 1
265 1
266 1
267 1
268 1
269 1
270 1
271 1
272 1
273 1
274 1
275 1
276 1
277 1
278 1
279 1
280 1
281 1
282 1
283 1
284 1
285 1
286 1
287 1
288 1
289 1
290 1
291 1
292 1
293 1
294 1
295 1
296 1
297 1
298 1
299 1
300 1
301 1
302 1
303 1
304 1
305 1
306 1
307 1
308 1
309 1
310 1
311 1
312 1
313 1
314 1
315 1
316 1
317 1
318 1
319 1
320 1
321 1
322 1
323 1
324 1
325 1
326 1
327 1
328 1
329 1
330 1
331 1
332 1
333 1
334 1
335 1
336 1
337 1
338 1
339 1
340 1
341 1
342 1
343 1
344 1
345 1
346 1
347 1
348 1
349 1
350 1
351 1
352 1
353 1
354 1
355 1
356 1
357 1
358 1
359 1
360 1
361 1
362 1
363 1
364 1
365 1
366 1
367 1
368 1
369 1
370 1
371 1
372 1
373 1
374 1
375 1
376 1
377 1
378 1
379 1
380 1
381 1
382 1
383 1
384 1
385 1
386 1
387 1
388 1
389 1
390 1
391 1
392 1
393 1
394 1
395 1
396 1
397 1
398 1
399 1
400 1
401 1
402 1
403 1
404 1
405 1
406 1
407 1
408 1
409 1
410 1
411 1
412 1
413 1
414 1
415 1
416 1
417 1
418 1
419 1
420 1
421 1
422 1
423 1
424 1
425 1
426 1
427 1
428 1
429 1
430 1
431 1
432 1
433 1
434 1
435 1
436 1
437 1
438 1
439 1
440 1
441 1
442 1
443 1
444 1
445 1
446 1
447 1
448 1
449 1
450 1
451 1
452 1
453 1
454 1
455 1
456 1
457 1
458 1
459 1
460 1
461 1
462 1
463 1
464 1
465 1
466 1
467 1
468 1
469 1
470 1
471 1
472 1
473 1
474 1
475 1
476 1
477 1
478 1
479 1
480 1
481 1
482 1
483 1
484 1
485 1
486 1
487 1
488 1
489 1
490 1
491 1
492 1
493 1
494 1
495 1
496 1
497 1
498 1
499 1
500 1
501 1
502 1
503 1
504 1
505 1
506 1
507 1
508 1
509 1
510 1
511 1
512 1
513 1
514 1
515 1
516 1
517 1
518 1
519 1
520 1
521 1
522 1
523 1
524 1
525 1
526 1
527 1
528 1
529 1
530 1
531 1
532 1
533 1
534 1
535 1
536 1
537 1
538 1
539 1
540 1
541 1
542 1
543 1
544 1
545 1
546 1
547 1
548 1
549 1
550 1
551 1
552 1
553 1
554 1
555 1
556 1
557 1
558 1
559 1
560 1
561 1
562 1
563 1
564 1
565 1
566 1
567 1
568 1
569 1
570 1
571 1
572 1
573 1
574 1
575 1
576 1
577 1
578 1
579 1
580 1
581 1
582 1
583 1
584 1
585 1
586 1
587 1
588 1
589 1
590 1
591 1
592 1
593 1
594 1
595 1
596 1
597 1
598 1
599 1
600 1
601 1
602 1
603 1
604 1
605 1
606 1
607 1
608 1
609 1
610 1
611 1
612 1
613 1
614 1
615 1
616 1
617 1
618 1
619 1
620 1
621 1
622 1
623 1
624 1
625 1
626 1
627 1
628 1
629 1
630 1
631 1
632 1
633 1
634 1
635 1
636 1
637 1
638 1
639 1
640 1
641 1
642 1
643 1
644 1
645 1
646 1
647 1
648 1
649 1
650 1
651 1
652 1
653 1
654 1
655 1
656 1
657 1
658 1
659 1
660 1
661 1
662 1
663 1
664 1
665 1
666 1
667 1
668 1
669 1
670 1
671 1
672 1
673 1
674 1
675 1
676 1
677 1
678 1
679 1
680 1
681 1
682 1
683 1
684 1
685 1
686 1
687 1
688 1
689 1
690 1
691 1
692 1
693 1
694 1
695 1
696 1
697 1
698 1
699 1
700 1
701 1
702 1
703 1
704 1
705 1
706 1
707 1
708 1
709 1
710 1
711 1
712 1
713 1
714 1
715 1
716 1
717 1
718 1
719 1
720 1
721 1
722 1
723 1
724 1
725 1
726 1
727 1
728 1
729 1
730 1
731 1
732 1
733 1
734 1
735 1
736 1
737 1
738 1
739 1
740 1
741 1
742 1
743 1
744 1
745 1
746 1
747 1
748 1
749 1
750 1
751 1
752 1
753 1
754 1
755 1
756 1
757 1
758 1
759 1
760 1
761 1
762 1
763 1
764 1
765 1
766 1
767 1
768 1
769 1
770 1
771 1
772 1
773 1
774 1
775 1
776 1
777 1
778 1
779 1
780 1
781 1
782 1
783 1
784 1
785 1
786 1
787 1
788 1
789 1
790 1
791 1
792 1
793 1
794 1
795 1
796 1
797 1
798 1
799 1
800 1
801 1
802 1
803 1
804 1
805 1
806 1
807 1
808 1
809 1
810 1
811 1
812 1
813 1
814 1
815 1
816 1
817 1
818 1
819 1
820 1
821 1
822 1
823 1
824 1
825 1
826 1
827 1
828 1
829 1
830 1
831 1
832 1
833 1
834 1
835 1
836 1
837 1
838 1
839 1
840 1
841 1
842 1
843 1
844 1
845 1
846 1
847 1
848 1
849 1
850 1
851 1
852 1
853 1
854 1
855 1
856 1
857 1
858 1
859 1
860 1
861 1
862 1
863 1
864 1
865 1
866 1
867 1
868 1
869 1
870 1
871 1
872 1
873 1
874 1
875 1
876 1
877 1
878 1
879 1
880 1
881 1
882 1
883 1
884 1
885 1
886 1
887 1
888 1
889 1
890 1
891 1
892 1
893 1
894 1
895 1
896 1
897 1
898 1
899 1
900 1
901 1
902 1
903 1
904 1
905 1
906 1
907 1
908 1
909 1
910 1
911 1
912 1
913 1
914 1
915 1
916 1
917 1
918 1
919 1
920 1
921 1
922 1
923 1
924 1
925 1
926 1
927 1
928 1
929 1
930 1
931 1
932 1
933 1
934 1
935 1
936 1
937 1
938 1
939 1
940 1
941 1
942 1
943 1
944 1
945 1
946 1
947 1
948 1
949 1
950 1
951 1
952 1
953 1
954 1
955 1
956 1
957 1
958 1
959 1
960 1
961 1
962 1
963 1
964 1
965 1
966 1
967 1
968 1
969 1
970 1
971 1
972 1
973 1
974 1
975 1
976 1
977 1
978 1
979 1
980 1
981 1
982 1
983 1
984 1
985 1
986 1
987 1
988 1
989 1
990 1
991 1
992 1
993 1
994 1
995 1
996 1
997 1
998 1
999 1
1000 1
1001 1
1002 1
1003 1
1004 1
1005 1
1006 1
1007 1
1008 1
1009 1
1010 1
1011 1
1012 1
1013 1
1014 1
1015 1
1016 1
1017 1
1018 1
1019 1
1020 1
1021 1
1022 1
1023 1
1024 1
1025 1
1026 1
1027 1
1028 1
1029 1
1030 1
1031 1
1032 1
1033 1
1034 1
1035 1
1036 1
1037 1
1038 1
1039 1
1040 1
1041 1
1042 1
1043 1
1044 1
1045 1
1046 1
1047 1
1048 1
1049 1
1050 1
1051 1
1052 1
1053 1
1054 1
1055 1
1056 1
1057 1
1058 1
1059 1
1060 1
1061 1
1062 1
1063 1
1064 1
1065 1
1066 1
1067 1
1068 1
1069 1
1070 1
1071 1
1072 1
1073 1
1074 1
1075 1
1076 1
1077 1
1078 1
1079 1
1080 1
1081 1
1082 1
1083 1
1084 1
1085 1
1086 1
1087 1
1088 1
1089 1
1090 1
1091 1
1092 1
1093 1
1094 1
1095 1
1096 1
1097 1
1098 1
1099 1
1100 1
1101 1
1102 1
1103 1
1104 1
1105 1
1106 1
1107 1
1108 1
1109 1
1110 1
1111 1
1112 1
1113 1
1114 1
1115 1
1116 1
1117 1
1118 1
1119 1
1120 1
1121 1
1122 1
1123 1
1124 1
1125 1
1126 1
1127 1
1128 1
1129 1
1130 1
1131 1
1132 1
1133 1
1134 1
1135 1
1136 1
1137 1
1138 1
1139 1
1140 1
1141 1
1142 1
1143 1
1144 1
1145 1
1146 1
1147 1
1148 1
1149 1
1150 1
1151 1
1152 1
1153 1
1154 1
1155 1
1156 1
1157 1
1158 1
1159 1
1160 1
1161 1
1162 1
1163 1
1164 1
1165 1
1166 1
1167 1
1168 1
1169 1
1170 1
1171 1
1172 1
1173 1
1174 1
1175 1
1176 1
1177 1
1178 1
1179 1
1180 1
1181 1
1182 1
1183 1
1184 1
1185 1
1186 1
1187 1
1188 1
1189 1
1190 1
1191 1
1192 1
1193 1
1194 1
1195 1
1196 1
1197 1
1198 1
1199 1
1200 1
1201 1
1202 1
1203 1
1204 1
1205 1
1206 1
1207 1
1208 1
1209 1
1210 1
1211 1
1212 1
1213 1
1214 1
1215 1
1216 1
1217 1
1218 1
1219 1
1220 1
1221 1
1222 1
1223 1
1224 1
1225 1
1226 1
1227 1
1228 1
1229 1
1230 1
1231 1
1232 1
1233 1
1234 1
1235 1
1236 1
1237 1
1238 1
1239 1
1240 1
1241 1
1242 1
1243 1
1244 1
1245 1
1246 1
1247 1
1248 1
1249 1
1250 1
1251 1
1252 1
1253 1
1254 1
1255 1
1256 1
1257 1
1258 1
1259 1
1260 1
1261 1
1262 1
1263 1
1264 1
1265 1
1266 1
1267 1
1268 1
1269 1
1270 1
1271 1
1272 1
1273 1
1274 1
1275 1
1276 1
1277 1
1278 1
1279 1
1280 1
1281 1
1282 1
1283 1
1284 1
1285 1
1286 1
1287 1
1288 1
1289 1
1290 1
1291 1
1292 1
1293 1
1294 1
1295 1
1296 1
1297 1
1298 1
1299 1
1300 1
1301 1
1302 1
1303 1
1304 1
1305 1
1306 1
1307 1
1308 1
1309 1
1310 1
1311 1
1312 1
1313 1
1314 1
1315 1
1316 1
1317 1
1318 1
1319 1
1320 1
1321 1
1322 1
1323 1
1324 1
1325 1
1326 1
1327 1
1328 1
1329 1
1330 1
1331 1
1332 1
1333 1
1334 1
1335 1
1336 1
1337 1
1338 1
1339 1
1340 1
1341 1
1342 1
1343 1
1344 1
1345 1
1346 1
1347 1
1348 1
1349 1
1350 1
1351 1
1352 1
1353 1
1354 1
1355 1
1356 1
1357 1
1358 1
1359 1
1360 1
1361 1
1362 1
1363 1
1364 1
1365 1
1366 1
1367 1
1368 1
1369 1
1370 1
1371 1
1372 1
1373 1
1374 1
1375 1
1376 1
1377 1
1378 1
1379 1
1380 1
1381 1
1382 1
1383 1
1384 1
1385 1
1386 1
1387 1
1388 1
1389 1
1390 1
1391 1
1392 1
1393 1
1394 1
1395 1
1396 1
1397 1
1398 1
1399 1
1400 1
1401 1
1402 1
1403 1
1404 1
1405 1
1406 1
1407 1
1408 1
1409 1
1410 1
1411 1
1412 1
1413 1
1414 1
1415 1
1416 1
1417 1
1418 1
1419 1
1420 1
1421 1
1422 1
1423 1
1424 1
1425 1
1426 1
1427 1
1428 1
1429 1
1430 1
1431 1
1432 1
1433 1
1434 1
1435 1
1436 1
1437 1
1438 1
1439 1
1440 1
1441 1
1442 1
1443 1
1444 1
1445 1
1446 1
1447 1
1448 1
1449 1
1450 1
1451 1
1452 1
1453 1
1454 1
1455 1
1456 1
1457 1
1458 1
1459 1
1460 1
1461 1
1462 1
1463 1
1464 1
1465 1
1466 1
1467 1
1468 1
1469 1
1470 1
1471 1
1472 1
1473 1
1474 1
1475 1
1476 1
1477 1
1478 1
1479 1
1480 1
1481 1
1482 1
1483 1
1484 1
1485 1
1486 1
1487 1
1488 1
1489 1
1490 1
1491 1
1492 1
1493 1
1494 1
1495 1
1496 1
1497 1
1498 1
1499 1
1500 1
1501 1
1502 1
1503 1
1504 1
1505 1
1506 1
1507 1
1508 1
1509 1
1510 1
1511 1
1512 1
1513 1
1514 1
1515 1
1516 1
1517 1
1518 1
1519 1
1520 1
1521 1
1522 1
1523 1
1524 1
1525 1
1526 1
1527 1
1528 1
1529 1
1530 1
1531 1
1532 1
1533 1
1534 1
1535 1
1536 1
1537 1
1538 1
1539 1
1540 1
1541 1
1542 1
1543 1
1544 1
1545 1
1546 1
1547 1
1548 1
1549 1
1550 1
1551 1
1552 1
1553 1
1554 1
1555 1
1556 1
1557 1
1558 1
1559 1
1560 1
1561 1
1562 1
1563 1
1564 1
1565 1
1566 1
1567 1
1568 1
1569 1
1570 1
1571 1
1572 1
1573 1
1574 1
1575 1
1576 1
1577 1
1578 1
1579 1
1580 1
1581 1
1582 1
1583 1
1584 1
1585 1
1586 1
1587 1
1588 1
1589 1
1590 1
1591 1
1592 1
1593 1
1594 1
1595 1
1596 1
1597 1
1598 1
1599 1
1600 1
1601 1
1602 1
1603 1
1604 1
1605 1
1606 1
1607 1
1608 1
1609 1
1610 1
1611 1
1612 1
1613 1
1614 1
1615 1
1616 1
1617 1
1618 1
1619 1
1620 1
1621 1
1622 1
1623 1
1624 1
1625 1
1626 1
1627 1
1628 1
1629 1
1630 1
1631 1
1632 1
1633 1
1634 1
1635 1
1636 1
1637 1
1638 1
1639 1
1640 1
1641 1
1642 1
1643 1
1644 1
1645 1
1646 1
1647 1
1648 1
1649 1
1650 1
1651 1
1652 1
1653 1
1654 1
1655 1
1656 1
1657 1
1658 1
1659 1
1660 1
1661 1
1662 1
1663 1
1664 1
1665 1
1666 1
1667 1
1668 1
1669 1
1670 1
1671 1
1672 1
1673 1
1674 1
1675 1
1676 1
1677 1
1678 1
1679 1
1680 1
1681 1
1682 1
1683 1
1684 1
1685 1
1686 1
1687 1
1688 1
1689 1
1690 1
1691 1
1692 1
1693 1
1694 1
1695 1
1696 1
1697 1
1698 1
1699 1
1700 1
1701 1
1702 1
1703 1
1704 1
1705 1
1706 1
1707 1
1708 1
1709 1
1710 1
1711 1
1712 1
1713 1
1714 1
1715 1
1716 1
1717 1
1718 1
1719 1
1720 1
1721 1
1722 1
1723 1
1724 1
1725 1
1726 1
1727 1
1728 1
1729 1
1730 1
1731 1
1732 1
1733 1
1734 1
1735 1
1736 1
1737 1
1738 1
1739 1
1740 1
1741 1
1742 1
1743 1
1744 1
1745 1
1746 1
1747 1
1748 1
1749 1
1750 1
1751 1
1752 1
1753 1
1754 1
1755 1
1756 1
1757 1
1758 1
1759 1
1760 1
1761 1
1762 1
1763 1
1764 1
1765 1
1766 1
1767 1
1768 1
1769 1
1770 1
1771 1
1772 1
1773 1
1774 1
1775 1
1776 1
1777 1
1778 1
1779 1
1780 1
1781 1
1782 1
1783 1
1784 1
1785 1
1786 1
1787 1
1788 1
1789 1
1790 1
1791 1
1792 1
1793 1
1794 1
1795 1
1796 1
1797 1
1798 1
1799 1
1800 1
1801 1
1802 1
1803 1
1804 1
1805 1
1806 1
1807 1
1808 1
1809 1
1810 1
1811 1
1812 1
1813 1
1814 1
1815 1
1816 1
1817 1
1818 1
1819 1
1820 1
1821 1
1822 1
1823 1
1824 1
1825 1
1826 1
1827 1
1828 1
1829 1
1830 1
1831 1
1832 1
1833 1
1834 1
1835 1
1836 1
1837 1
1838 1
1839 1
1840 1
1841 1
1842 1
1843 1
1844 1
1845 1
1846 1
1847 1
1848 1
1849 1
1850 1
1851 1
1852 1
1853 1
1854 1
1855 1
1856 1
1857 1
1858 1
1859 1
1860 1
1861 1
1862 1
1863 1
1864 1
1865 1
1866 1
1867 1
1868 1
1869 1
1870 1
1871 1
1872 1
1873 1
1874 1
1875 1
1876 1
1877 1
1878 1
1879 1
1880 1
1881 1
1882 1
1883 1
1884 1
1885 1
1886 1
1887 1
1888 1
1889 1
1890 1
1891 1
1892 1
1893 1
1894 1
1895 1
1896 1
1897 1
1898 1
1899 1
1900 1
1901 1
1902 1
1903 1
1904 1
1905 1
1906 1
1907 1
1908 1
1909 1
1910 1
1911 1
1912 1
1913 1
1914 1
1915 1
1916 1
1917 1
1918 1
1919 1
1920 1
1921 1
1922 1
1923 1
1924 1
1925 1
1926 1
1927 1
1928 1
1929 1
1930 1
1931 1
1932 1
1933 1
1934 1
1935 1
1936 1
1937 1
1938 1
1939 1
1940 1
1941 1
1942 1
1943 1
1944 1
1945 1
1946 1
1947 1
1948 1
1949 1
1950 1
1951 1
1952 1
1953 1
1954 1
1955 1
1956 1
1957 1
1958 1
1959 1
1960 1
1961 1
1962 1
1963 1
1964 1
1965 1
1966 1
1967 1
1968 1
1969 1
1970 1
1971 1
1972 1
1973 1
1974 1
1975 1
1976 1
1977 1
1978 1
1979 1
1980 1
1981 1
1982 1
1983 1
1984 1
1985 1
1986 1
1987 1
1988 1
1989 1
1990 1
1991 1
1992 1
1993 1
1994 1
1995 1
1996 1
1997 1
1998 1
1999 1
2000 1
2001 1
2002 1
2003 1
2004 1
2005 1
2006 1
2007 1
2008 1
2009 1
2010 1
2011 1
2012 1
2013 1
2014 1
2015 1
2016 1
2017 1
2018 1
2019 1
2020 1
2021 1
2022 1
2023 1
2024 1
2025 1
2026 1
2027 1
2028 1
2029 1
2030 1
2031 1
2032 1
2033 1
2034 1
2035 1
2036 1
2037 1
2038 1
2039 1
2040 1
2041 1
2042 1
2043 1
2044 1
2045 1
2046 1
2047 1
2048 1
2049 0.125
2050 0.125
2051 0.125
2052 0.125
2053 0.125
2054 0.125
2055 0.125
2056 0.125
2057 0.125
2058 0.125
2059 0.125
2060 0.125
2061 0.125
2062 0.125
2063 0.125
2064 0.125
2065 0.125
2066 0.125
2067 0.125
2068 0.125
2069 0.125
2070 0.125
2071 0.125
2072 0.125
2073 0.125
2074 0.125
2075 0.125
2076 0.125
2077 0.125
2078 0.125
2079 0.125
2080 0.125
2081 0.125
2082 0.125
2083 0.125
2084 0.125
2085 0.125
2086 0.125
2087 0.125
2088 0.125
2089 0.125
2090 0.125
2091 0.125
2092 0.125
2093 0.125
2094 0.125
2095 0.125
2096 0.125
2097 0.125
2098 0.125
2099 0.125
2100 0.125
2101 0.125
2102 0.125
2103 0.125
2104 0.125
2105 0.125
2106 0.125
2107 0.125
2108 0.125
2109 0.125
2110 0.125
2111 0.125
2112 0.125
2113 0.125
2114 0.125
2115 0.125
2116 0.125
2117 0.125
2118 0.125
2119 0.125
2120 0.125
2121 0.125
2122 0.125
2123 0.125
2124 0.125
2125 0.125
2126 0.125
2127 0.125
2128 0.125
2129 0.125
2130 0.125
2131 0.125
2132 0.125
2133 0.125
2134 0.125
2135 0.125
2136 0.125
2137 0.125
2138 0.125
2139 0.125
2140 0.125
2141 0.125
2142 0.125
2143 0.125
2144 0.125
2145 0.125
2146 0.125
2147 0.125
2148 0.125
2149 0.125
2150 0.125
2151 0.125
2152 0.125
2153 0.125
2154 0.125
2155 0.125
2156 0.125
2157 0.125
2158 0.125
2159 0.125
2160 0.125
2161 0.125
2162 0.125
2163 0.125
2164 0.125
2165 0.125
2166 0.125
2167 0.125
2168 0.125
2169 0.125
2170 0.125
2171 0.125
2172 0.125
2173 0.125
2174 0.125
2175 0.125
2176 0.125
2177 0.125
2178 0.125
2179 0.125
2180 0.125
2181 0.125
2182 0.125
2183 0.125
2184 0.125
2185 0.125
2186 0.125
2187 0.125
2188 0.125
2189 0.125
2190 0.125
2191 0.125
2192 0.125
2193 0.125
2194 0.125
2195 0.125
2196 0.125
2197 0.125
2198 0.125
2199 0.125
2200 0.125
2201 0.125
2202 0.125
2203 0.125
2204 0.125
2205 0.125
2206 0.125
2207 0.125
2208 0.125
2209 0.125
2210 0.125
2211 0.125
2212 0.125
2213 0.125
2214 0.125
2215 0.125
2216 0.125
2217 0.125
2218 0.125
2219 0.125
2220 0.125
2221 0.125
2222 0.125
2223 0.125
2224 0.125
2225 0.125
2226 0.125
2227 0.125
2228 0.125
2229 0.125
2230 0.125
2231 0.125
2232 0.125
2233 0.125
2234 0.125
2235 0.125
2236 0.125
2237 0.125
2238 0.125
2239 0.125
2240 0.125
2241 0.125
2242 0.125
2243 0.125
2244 0.125
2245 0.125
2246 0.125
2247 0.125
2248 0.125
2249 0.125
2250 0.125
2251 0.125
2252 0.125
2253 0.125
2254 0.125
2255 0.125
2256 0.125
2257 0.125
2258 0.125
2259 0.125
2260 0.125
2261 0.125
2262 0.125
2263 0.125
2264 0.125
2265 0.125
2266 0.125
2267 0.125
2268 0.125
2269 0.125
2270 0.125
2271 0.125
2272 0.125
2273 0.125
2274 0.125
2275 0.125
2276 0.125
2277 0.125
2278 0.125
2279 0.125
2280 0.125
2281 0.125
2282 0.125
2283 0.125
2284 0.125
2285 0.125
2286 0.125
2287 0.125
2288 0.125
2289 0.125
2290 0.125
2291 0.125
2292 0.125
2293 0.125
2294 0.125
2295 0.125
2296 0.125
2297 0.125
2298 0.125
2299 0.125
2300 0.125
2301 0.125
2302 0.125
2303 0.125
2304 0.125
2305 0.125
2306 0.125
2307 0.125
2308 0.125
2309 0.125
2310 0.125
2311 0.125
2312 0.125
2313 0.125
2314 0.125
2315 0.125
2316 0.125
2317 0.125
2318 0.125
2319 0.125
2320 0.125
2321 0.125
2322 0.125
2323 0.125
2324 0.125
2325 0.125
2326 0.125
2327 0.125
2328 0.125
2329 0.125
2330 0.125
2331 0.125
2332 0.125
2333 0.125
2334 0.125
2335 0.125
2336 0.125
2337 0.125
2338 0.125
2339 0.125
2340 0.125
2341 0.125
2342 0.125
2343 0.125
2344 0.125
2345 0.125
2346 0.125
2347 0.125
2348 0.125
2349 0.125
2350 0.125
2351 0.125
2352 0.125
2353 0.125
2354 0.125
2355 0.125
2356 0.125
2357 0.125
2358 0.125
2359 0.125
2360 0.125
2361 0.125
2362 0.125
2363 0.125
2364 0.125
2365 0.125
2366 0.125
2367 0.125
2368 0.125
2369 0.125
2370 0.125
2371 0.125
2372 0.125
2373 0.125
2374 0.125
2375 0.125
2376 0.125
2377 0.125
2378 0.125
2379 0.125
2380 0.125
2381 0.125
2382 0.125
2383 0.125
2384 0.125
2385 0.125
2386 0.125
2387 0.125
2388 0.125
2389 0.125
2390 0.125
2391 0.125
2392 0.125
2393 0.125
2394 0.125
2395 0.125
2396 0.125
2397 0.125
2398 0.125
2399 0.125
2400 0.125
2401 0.125
2402 0.125
2403 0.125
2404 0.125
2405 0.125
2406 0.125
2407 0.125
2408 0.125
2409 0.125
2410 0.125
2411 0.125
2412 0.125
2413 0.125
2414 0.125
2415 0.125
2416 0.125
2417 0.125
2418 0.125
2419 0.125
2420 0.125
2421 0.125
2422 0.125
2423 0.125
2424 0.125
2425 0.125
2426 0.125
2427 0.125
2428 0.125
2429 0.125
2430 0.125
2431 0.125
2432 0.125
2433 0.125
2434 0.125
2435 0.125
2436 0.125
2437 0.125
2438 0.125
2439 0.125
2440 0.125
2441 0.125
2442 0.125
2443 0.125
2444 0.125
2445 0.125
2446 0.125
2447 0.125
2448 0.125
2449 0.125
2450 0.125
2451 0.125
2452 0.125
2453 0.125
2454 0.125
2455 0.125
2456 0.125
2457 0.125
2458 0.125
2459 0.125
2460 0.125
2461 0.125
2462 0.125
2463 0.125
2464 0.125
2465 0.125
2466 0.125
2467 0.125
2468 0.125
2469 0.125
2470 0.125
2471 0.125
2472 0.125
2473 0.125
2474 0.125
2475 0.125
2476 0.125
2477 0.125
2478 0.125
2479 0.125
2480 0.125
2481 0.125
2482 0.125
2483 0.125
2484 0.125
2485 0.125
2486 0.125
2487 0.125
2488 0.125
2489 0.125
2490 0.125
2491 0.125
2492 0.125
2493 0.125
2494 0.125
2495 0.125
2496 0.125
2497 0.125
2498 0.125
2499 0.125
2500 0.125
2501 0.125
2502 0.125
2503 0.125
2504 0.125
2505 0.125
2506 0.125
2507 0.125
2508 0.125
2509 0.125
2510 0.125
2511 0.125
2512 0.125
2513 0.125
2514 0.125
2515 0.125
2516 0.125
2517 0.125
2518 0.125
2519 0.125
2520 0.125
2521 0.125
2522 0.125
2523 0.125
2524 0.125
2525 0.125
2526 0.125
2527 0.125
2528 0.125
2529 0.125
2530 0.125
2531 0.125
2532 0.125
2533 0.125
2534 0.125
2535 0.125
2536 0.125
2537 0.125
2538 0.125
2539 0.125
2540 0.125
2541 0.125
2542 0.125
2543 0.125
2544 0.125
2545 0.125
2546 0.125
2547 0.125
2548 0.125
2549 0.125
2550 0.125
2551 0.125
2552 0.125
2553 0.125
2554 0.125
2555 0.125
2556 0.125
2557 0.125
2558 0.125
2559 0.125
2560 0.125
2561 0.125
2562 0.125
2563 0.125
2564 0.125
2565 0.125
2566 0.125
2567 0.125
2568 0.125
2569 0.125
2570 0.125
2571 0.125
2572 0.125
2573 0.125
2574 0.125
2575 0.125
2576 0.125
2577 0.125
2578 0.125
2579 0.125
2580 0.125
2581 0.125
2582 0.125
2583 0.125
2584 0.125
2585 0.125
2586 0.125
2587 0.125
2588 0.125
2589 0.125
2590 0.125
2591 0.125
2592 0.125
2593 0.125
2594 0.125
2595 0.125
2596 0.125
2597 0.125
2598 0.125
2599 0.125
2600 0.125
2601 0.125
2602 0.125
2603 0.125
2604 0.125
2605 0.125
2606 0.125
2607 0.125
2608 0.125
2609 0.125
2610 0.125
2611 0.125
2612 0.125
2613 0.125
2614 0.125
2615 0.125
2616 0.125
2617 0.125
2618 0.125
2619 0.125
2620 0.125
2621 0.125
2622 0.125
2623 0.125
2624 0.125
2625 0.125
2626 0.125
2627 0.125
2628 0.125
2629 0.125
2630 0.125
2631 0.125
2632 0.125
2633 0.125
2634 0.125
2635 0.125
2636 0.125
2637 0.125
2638 0.125
2639 0.125
2640 0.125
2641 0.125
2642 0.125
2643 0.125
2644 0.125
2645 0.125
2646 0.125
2647 0.125
2648 0.125
2649 0.125
2650 0.125
2651 0.125
2652 0.125
2653 0.125
2654 0.125
2655 0.125
2656 0.125
2657 0.125
2658 0.125
2659 0.125
2660 0.125
2661 0.125
2662 0.125
2663 0.125
2664 0.125
2665 0.125
2666 0.125
2667 0.125
2668 0.125
2669 0.125
2670 0.125
2671 0.125
2672 0.125
2673 0.125
2674 0.125
2675 0.125
2676 0.125
2677 0.125
2678 0.125
2679 0.125
2680 0.125
2681 0.125
2682 0.125
2683 0.125
2684 0.125
2685 0.125
2686 0.125
2687 0.125
2688 0.125
2689 0.125
2690 0.125
2691 0.125
2692 0.125
2693 0.125
2694 0.125
2695 0.125
2696 0.125
2697 0.125
2698 0.125
2699 0.125
2700 0.125
2701 0.125
2702 0.125
2703 0.125
2704 0.125
2705 0.125
2706 0.125
2707 0.125
2708 0.125
2709 0.125
2710 0.125
2711 0.125
2712 0.125
2713 0.125
2714 0.125
2715 0.125
2716 0.125
2717 0.125
2718 0.125
2719 0.125
2720 0.125
2721 0.125
2722 0.125
2723 0.125
2724 0.125
2725 0.125
2726 0.125
2727 0.125
2728 0.125
2729 0.125
2730 0.125
2731 0.125
2732 0.125
2733 0.125
2734 0.125
2735 0.125
2736 0.125
2737 0.125
2738 0.125
2739 0.125
2740 0.125
2741 0.125
2742 0.125
2743 0.125
2744 0.125
2745 0.125
2746 0.125
2747 0.125
2748 0.125
2749 0.125
2750 0.125
2751 0.125
2752 0.125
2753 0.125
2754 0.125
2755 0.125
2756 0.125
2757 0.125
2758 0.125
2759 0.125
2760 0.125
2761 0.125
2762 0.125
2763 0.125
2764 0.125
2765 0.125
2766 0.125
2767 0.125
2768 0.125
2769 0.125
2770 0.125
2771 0.125
2772 0.125
2773 0.125
2774 0.125
2775 0.125
2776 0.125
2777 0.125
2778 0.125
2779 0.125
2780 0.125
2781 0.125
2782 0.125
2783 0.125
2784 0.125
2785 0.125
2786 0.125
2787 0.125
2788 0.125
2789 0.125
2790 0.125
2791 0.125
2792 0.125
2793 0.125
2794 0.125
2795 0.125
2796 0.125
2797 0.125
2798 0.125
2799 0.125
2800 0.125
2801 0.125
2802 0.125
2803 0.125
2804 0.125
2805 0.125
2806 0.125
2807 0.125
2808 0.125
2809 0.125
2810 0.125
2811 0.125
2812 0.125
2813 0.125
2814 0.125
2815 0.125
2816 0.125
2817 0.125
2818 0.125
2819 0.125
2820 0.125
2821 0.125
2822 0.125
2823 0.125
2824 0.125
2825 0.125
2826 0.125
2827 0.125
2828 0.125
2829 0.125
2830 0.125
2831 0.125
2832 0.125
2833 0.125
2834 0.125
2835 0.125
2836 0.125
2837 0.125
2838 0.125
2839 0.125
2840 0.125
2841 0.125
2842 0.125
2843 0.125
2844 0.125
2845 0.125
2846 0.125
2847 0.125
2848 0.125
2849 0.125
2850 0.125
2851 0.125
2852 0.125
2853 0.125
2854 0.125
2855 0.125
2856 0.125
2857 0.125
2858 0.125
2859 0.125
2860 0.125
2861 0.125
2862 0.125
2863 0.125
2864 0.125
2865 0.125
2866 0.125
2867 0.125
2868 0.125
2869 0.125
2870 0.125
2871 0.125
2872 0.125
2873 0.125
2874 0.125
2875 0.125
2876 0.125
2877 0.125
2878 0.125
2879 0.125
2880 0.125
2881 0.125
2882 0.125
2883 0.125
2884 0.125
2885 0.125
2886 0.125
2887 0.125
2888 0.125
2889 0.125
2890 0.125
2891 0.125
2892 0.125
2893 0.125
2894 0.125
2895 0.125
2896 0.125
2897 0.125
2898 0.125
2899 0.125
2900 0.125
2901 0.125
2902 0.125
2903 0.125
2904 0.125
2905 0.125
2906 0.125
2907 0.125
2908 0.125
2909 0.125
2910 0.125
2911 0.125
2912 0.125
2913 0.125
2914 0.125
2915 0.125
2916 0.125
2917 0.125
2918 0.125
2919 0.125
2920 0.125
2921 0.125
2922 0.125
2923 0.125
2924 0.125
2925 0.125
2926 0.125
2927 0.125
2928 0.125
2929 0.125
2930 0.125
2931 0.125
2932 0.125
2933 0.125
2934 0.125
2935 0.125
2936 0.125
2937 0.125
2938 0.125
2939 0.125
2940 0.125
2941 0.125
2942 0.125
2943 0.125
2944 0.125
2945 0.125
2946 0.125
2947 0.125
2948 0.125
2949 0.125
2950 0.125
2951 0.125
2952 0.125
2953 0.125
2954 0.125
2955 0.125
2956 0.125
2957 0.125
2958 0.125
2959 0.125
2960 0.125
2961 0.125
2962 0.125
2963 0.125
2964 0.125
2965 0.125
2966 0.125
2967 0.125
2968 0.125
2969 0.125
2970 0.125
2971 0.125
2972 0.125
2973 0.125
2974 0.125
2975 0.125
2976 0.125
2977 0.125
2978 0.125
2979 0.125
2980 0.125
2981 0.125
2982 0.125
2983 0.125
2984 0.125
2985 0.125
2986 0.125
2987 0.125
2988 0.125
2989 0.125
2990 0.125
2991 0.125
2992 0.125
2993 0.125
2994 0.125
2995 0.125
2996 0.125
2997 0.125
2998 0.125
2999 0.125
3000 0.125
3001 0.125
3002 0.125
3003 0.125
3004 0.125
3005 0.125
3006 0.125
3007 0.125
3008 0.125
3009 0.125
3010 0.125
3011 0.125
3012 0.125
3013 0.125
3014 0.125
3015 0.125
3016 0.125
3017 0.125
3018 0.125
3019 0.125
3020 0.125
3021 0.125
3022 0.125
3023 0.125
3024 0.125
3025 0.125
3026 0.125
3027 0.125
3028 0.125
3029 0.125
3030 0.125
3031 0.125
3032 0.125
3033 0.125
3034 0.125
3035 0.125
3036 0.125
3037 0.125
3038 0.125
3039 0.125
3040 0.125
3041 0.125
3042 0.125
3043 0.125
3044 0.125
3045 0.125
3046 0.125
3047 0.125
3048 0.125
3049 0.125
3050 0.125
3051 0.125
3052 0.125
3053 0.125
3054 0.125
3055 0.125
3056 0.125
3057 0.125
3058 0.125
3059 0.125
3060 0.125
3061 0.125
3062 0.125
3063 0.125
3064 0.125
3065 0.125
3066 0.125
3067 0.125
3068 0.125
3069 0.125
3070 0.125
3071 0.125
3072 0.125
3073 0.125
3074 0.125
3075 0.125
3076 0.125
3077 0.125
3078 0.125
3079 0.125
3080 0.125
3081 0.125
3082 0.125
3083 0.125
3084 0.125
3085 0.125
3086 0.125
3087 0.125
3088 0.125
3089 0.125
3090 0.125
3091 0.125
3092 0.125
3093 0.125
3094 0.125
3095 0.125
3096 0.125
3097 0.125
3098 0.125
3099 0.125
3100 0.125
3101 0.125
3102 0.125
3103 0.125
3104 0.125
3105 0.125
3106 0.125
3107 0.125
3108 0.125
3109 0.125
3110 0.125
3111 0.125
3112 0.125
3113 0.125
3114 0.125
3115 0.125
3116 0.125
3117 0.125
3118 0.125
3119 0.125
3120 0.125
3121 0.125
3122 0.125
3123 0.125
3124 0.125
3125 0.125
3126 0.125
3127 0.125
3128 0.125
3129 0.125
3130 0.125
3131 0.125
3132 0.125
3133 0.125
3134 0.125
3135 0.125
3136 0.125
3137 0.125
3138 0.125
3139 0.125
3140 0.125
3141 0.125
3142 0.125
3143 0.125
3144 0.125
3145 0.125
3146 0.125
3147 0.125
3148 0.125
3149 0.125
3150 0.125
3151 0.125
3152 0.125
3153 0.125
3154 0.125
3155 0.125
3156 0.125
3157 0.125
3158 0.125
3159 0.125
3160 0.125
3161 0.125
3162 0.125
3163 0.125
3164 0.125
3165 0.125
3166 0.125
3167 0.125
3168 0.125
3169 0.125
3170 0.125
3171 0.125
3172 0.125
3173 0.125
3174 0.125
3175 0.125
3176 0.125
3177 0.125
3178 0.125
3179 0.125
3180 0.125
3181 0.125
3182 0.125
3183 0.125
3184 0.125
3185 0.125
3186 0.125
3187 0.125
3188 0.125
3189 0.125
3190 0.125
3191 0.125
3192 0.125
3193 0.125
3194 0.125
3195 0.125
3196 0.125
3197 0.125
3198 0.125
3199 0.125
3200 0.125
3201 0.125
3202 0.125
3203 0.125
3204 0.125
3205 0.125
3206 0.125
3207 0.125
3208 0.125
3209 0.125
3210 0.125
3211 0.125
3212 0.125
3213 0.125
3214 0.125
3215 0.125
3216 0.125
3217 0.125
3218 0.125
3219 0.125
3220 0.125
3221 0.125
3222 0.125
3223 0.125
3224 0.125
3225 0.125
3226 0.125
3227 0.125
3228 0.125
3229 0.125
3230 0.125
3231 0.125
3232 0.125
3233 0.125
3234 0.125
3235 0.125
3236 0.125
3237 0.125
3238 0.125
3239 0.125
3240 0.125
3241 0.125
3242 0.125
3243 0.125
3244 0.125
3245 0.125
3246 0.125
3247 0.125
3248 0.125
3249 0.125
3250 0.125
3251 0.125
3252 0.125
3253 0.125
3254 0.125
3255 0.125
3256 0.125
3257 0.125
3258 0.125
3259 0.125
3260 0.125
3261 0.125
3262 0.125
3263 0.125
3264 0.125
3265 0.125
3266 0.125
3267 0.125
3268 0.125
3269 0.125
3270 0.125
3271 0.125
3272 0.125
3273 0.125
3274 0.125
3275 0.125
3276 0.125
3277 0.125
3278 0.125
3279 0.125
3280 0.125
3281 0.125
3282 0.125
3283 0.125
3284 0.125
3285 0.125
3286 0.125
3287 0.125
3288 0.125
3289 0.125
3290 0.125
3291 0.125
3292 0.125
3293 0.125
3294 0.125
3295 0.125
3296 0.125
3297 0.125
3298 0.125
3299 0.125
3300 0.125
3301 0.125
3302 0.125
3303 0.125
3304 0.125
3305 0.125
3306 0.125
3307 0.125
3308 0.125
3309 0.125
3310 0.125
3311 0.125
3312 0.125
3313 0.125
3314 0.125
3315 0.125
3316 0.125
3317 0.125
3318 0.125
3319 0.125
3320 0.125
3321 0.125
3322 0.125
3323 0.125
3324 0.125
3325 0.125
3326 0.125
3327 0.125
3328 0.125
3329 0.125
3330 0.125
3331 0.125
3332 0.125
3333 0.125
3334 0.125
3335 0.125
3336 0.125
3337 0.125
3338 0.125
3339 0.125
3340 0.125
3341 0.125
3342 0.125
3343 0.125
3344 0.125
3345 0.125
3346 0.125
3347 0.125
3348 0.125
3349 0.125
3350 0.125
3351 0.125
3352 0.125
3353 0.125
3354 0.125
3355 0.125
3356 0.125
3357 0.125
3358 0.125
3359 0.125
3360 0.125
3361 0.125
3362 0.125
3363 0.125
3364 0.125
3365 0.125
3366 0.125
3367 0.125
3368 0.125
3369 0.125
3370 0.125
3371 0.125
3372 0.125
3373 0.125
3374 0.125
3375 0.125
3376 0.125
3377 0.125
3378 0.125
3379 0.125
3380 0.125
3381 0.125
3382 0.125
3383 0.125
3384 0.125
3385 0.125
3386 0.125
3387 0.125
3388 0.125
3389 0.125
3390 0.125
3391 0.125
3392 0.125
3393 0.125
3394 0.125
3395 0.125
3396 0.125
3397 0.125
3398 0.125
3399 0.125
3400 0.125
3401 0.125
3402 0.125
3403 0.125
3404 0.125
3405 0.125
3406 0.125
3407 0.125
3408 0.125
3409 0.125
3410 0.125
3411 0.125
3412 0.125
3413 0.125
3414 0.125
3415 0.125
3416 0.125
3417 0.125
3418 0.125
3419 0.125
3420 0.125
3421 0.125
3422 0.125
3423 0.125
3424 0.125
3425 0.125
3426 0.125
3427 0.125
3428 0.125
3429 0.125
3430 0.125
3431 0.125
3432 0.125
3433 0.125
3434 0.125
3435 0.125
3436 0.125
3437 0.125
3438 0.125
3439 0.125
3440 0.125
3441 0.125
3442 0.125
3443 0.125
3444 0.125
3445 0.125
3446 0.125
3447 0.125
3448 0.125
3449 0.125
3450 0.125
3451 0.125
3452 0.125
3453 0.125
3454 0.125
3455 0.125
3456 0.125
3457 0.125
3458 0.125
3459 0.125
3460 0.125
3461 0.125
3462 0.125
3463 0.125
3464 0.125
3465 0.125
3466 0.125
3467 0.125
3468 0.125
3469 0.125
3470 0.125
3471 0.125
3472 0.125
3473 0.125
3474 0.125
3475 0.125
3476 0.125
3477 0.125
3478 0.125
3479 0.125
3480 0.125
3481 0.125
3482 0.125
3483 0.125
3484 0.125
3485 0.125
3486 0.125
3487 0.125
3488 0.125
3489 0.125
3490 0.125
3491 0.125
3492 0.125
3493 0.125
3494 0.125
3495 0.125
3496 0.125
3497 0.125
3498 0.125
3499 0.125
3500 0.125
3501 0.125
3502 0.125
3503 0.125
3504 0.125
3505 0.125
3506 0.125
3507 0.125
3508 0.125
3509 0.125
3510 0.125
3511 0.125
3512 0.125
3513 0.125
3514 0.125
3515 0.125
3516 0.125
3517 0.125
3518 0.125
3519 0.125
3520 0.125
3521 0.125
3522 0.125
3523 0.125
3524 0.125
3525 0.125
3526 0.125
3527 0.125
3528 0.125
3529 0.125
3530 0.125
3531 0.125
3532 0.125
3533 0.125
3534 0.125
3535 0.125
3536 0.125
3537 0.125
3538 0.125
3539 0.125
3540 0.125
3541 0.125
3542 0.125
3543 0.125
3544 0.125
3545 0.125
3546 0.125
3547 0.125
3548 0.125
3549 0.125
3550 0.125
3551 0.125
3552 0.125
3553 0.125
3554 0.125
3555 0.125
3556 0.125
3557 0.125
3558 0.125
3559 0.125
3560 0.125
3561 0.125
3562 0.125
3563 0.125
3564 0.125
3565 0.125
3566 0.125
3567 0.125
3568 0.125
3569 0.125
3570 0.125
3571 0.125
3572 0.125
3573 0.125
3574 0.125
3575 0.125
3576 0.125
3577 0.125
3578 0.125
3579 0.125
3580 0.125
3581 0.125
3582 0.125
3583 0.125
3584 0.125
3585 0.125
3586 0.125
3587 0.125
3588 0.125
3589 0.125
3590 0.125
3591 0.125
3592 0.125
3593 0.125
3594 0.125
3595 0.125
3596 0.125
3597 0.125
3598 0.125
3599 0.125
3600 0.125
3601 0.125
3602 0.125
3603 0.125
3604 0.125
3605 0.125
3606 0.125
3607 0.125
3608 0.125
3609 0.125
3610 0.125
3611 0.125
3612 0.125
3613 0.125
3614 0.125
3615 0.125
3616 0.125
3617 0.125
3618 0.125
3619 0.125
3620 0.125
3621 0.125
3622 0.125
3623 0.125
3624 0.125
3625 0.125
3626 0.125
3627 0.125
3628 0.125
3629 0.125
3630 0.125
3631 0.125
3632 0.125
3633 0.125
3634 0.125
3635 0.125
3636 0.125
3637 0.125
3638 0.125
3639 0.125
3640 0.125
3641 0.125
3642 0.125
3643 0.125
3644 0.125
3645 0.125
3646 0.125
3647 0.125
3648 0.125
3649 0.125
3650 0.125
3651 0.125
3652 0.125
3653 0.125
3654 0.125
3655 0.125
3656 0.125
3657 0.125
3658 0.125
3659 0.125
3660 0.125
3661 0.125
3662 0.125
3663 0.125
3664 0.125
3665 0.125
3666 0.125
3667 0.125
3668 0.125
3669 0.125
3670 0.125
3671 0.125
3672 0.125
3673 0.125
3674 0.125
3675 0.125
3676 0.125
3677 0.125
3678 0.125
3679 0.125
3680 0.125
3681 0.125
3682 0.125
3683 0.125
3684 0.125
3685 0.125
3686 0.125
3687 0.125
3688 0.125
3689 0.125
3690 0.125
3691 0.125
3692 0.125
3693 0.125
3694 0.125
3695 0.125
3696 0.125
3697 0.125
3698 0.125
3699 0.125
3700 0.125
3701 0.125
3702 0.125
3703 0.125
3704 0.125
3705 0.125
3706 0.125
3707 0.125
3708 0.125
3709 0.125
3710 0.125
3711 0.125
3712 0.125
3713 0.125
3714 0.125
3715 0.125
3716 0.125
3717 0.125
3718 0.125
3719 0.125
3720 0.125
3721 0.125
3722 0.125
3723 0.125
3724 0.125
3725 0.125
3726 0.125
3727 0.125
3728 0.125
3729 0.125
3730 0.125
3731 0.125
3732 0.125
3733 0.125
3734 0.125
3735 0.125
3736 0.125
3737 0.125
3738 0.125
3739 0.125
3740 0.125
3741 0.125
3742 0.125
3743 0.125
3744 0.125
3745 0.125
3746 0.125
3747 0.125
3748 0.125
3749 0.125
3750 0.125
3751 0.125
3752 0.125
3753 0.125
3754 0.125
3755 0.125
3756 0.125
3757 0.125
3758 0.125
3759 0.125
3760 0.125
3761 0.125
3762 0.125
3763 0.125
3764 0.125
3765 0.125
3766 0.125
3767 0.125
3768 0.125
3769 0.125
3770 0.125
3771 0.125
3772 0.125
3773 0.125
3774 0.125
3775 0.125
3776 0.125
3777 0.125
3778 0.125
3779 0.125
3780 0.125
3781 0.125
3782 0.125
3783 0.125
3784 0.125
3785 0.125
3786 0.125
3787 0.125
3788 0.125
3789 0.125
3790 0.125
3791 0.125
3792 0.125
3793 0.125
3794 0.125
3795 0.125
3796 0.125
3797 0.125
3798 0.125
3799 0.125
3800 0.125
3801 0.125
3802 0.125
3803 0.125
3804 0.125
3805 0.125
3806 0.125
3807 0.125
3808 0.125
3809 0.125
3810 0.125
3811 0.125
3812 0.125
3813 0.125
3814 0.125
3815 0.125
3816 0.125
3817 0.125
3818 0.125
3819 0.125
3820 0.125
3821 0.125
3822 0.125
3823 0.125
3824 0.125
3825 0.125
3826 0.125
3827 0.125
3828 0.125
3829 0.125
3830 0.125
3831 0.125
3832 0.125
3833 0.125
3834 0.125
3835 0.125
3836 0.125
3837 0.125
3838 0.125
3839 0.125
3840 0.125
3841 0.125
3842 0.125
3843 0.125
3844 0.125
3845 0.125
3846 0.125
3847 0.125
3848 0.125
3849 0.125
3850 0.125
3851 0.125
3852 0.125
3853 0.125
3854 0.125
3855 0.125
3856 0.125
3857 0.125
3858 0.125
3859 0.125
3860 0.125
3861 0.125
3862 0.125
3863 0.125
3864 0.125
3865 0.125
3866 0.125
3867 0.125
3868 0.125
3869 0.125
3870 0.125
3871 0.125
3872 0.125
3873 0.125
3874 0.125
3875 0.125
3876 0.125
3877 0.125
3878 0.125
3879 0.125
3880 0.125
3881 0.125
3882 0.125
3883 0.125
3884 0.125
3885 0.125
3886 0.125
3887 0.125
3888 0.125
3889 0.125
3890 0.125
3891 0.125
3892 0.125
3893 0.125
3894 0.125
3895 0.125
3896 0.125
3897 0.125
3898 0.125
3899 0.125
3900 0.125
3901 0.125
3902 0.125
3903 0.125
3904 0.125
3905 0.125
3906 0.125
3907 0.125
3908 0.125
3909 0.125
3910 0.125
3911 0.125
3912 0.125
3913 0.125
3914 0.125
3915 0.125
3916 0.125
3917 0.125
3918 0.125
3919 0.125
3920 0.125
3921 0.125
3922 0.125
3923 0.125
3924 0.125
3925 0.125
3926 0.125
3927 0.125
3928 0.125
3929 0.125
3930 0.125
3931 0.125
3932 0.125
3933 0.125
3934 0.125
3935 0.125
3936 0.125
3937 0.125
3938 0.125
3939 0.125
3940 0.125
3941 0.125
3942 0.125
3943 0.125
3944 0.125
3945 0.125
3946 0.125
3947 0.125
3948 0.125
3949 0.125
3950 0.125
3951 0.125
3952 0.125
3953 0.125
3954 0.125
3955 0.125
3956 0.125
3957 0.125
3958 0.125
3959 0.125
3960 0.125
3961 0.125
3962 0.125
3963 0.125
3964 0.125
3965 0.125
3966 0.125
3967 0.125
3968 0.125
3969 0.125
3970 0.125
3971 0.125
3972 0.125
3973 0.125
3974 0.125
3975 0.125
3976 0.125
3977 0.125
3978 0.125
3979 0.125
3980 0.125
3981 0.125
3982 0.125
3983 0.125
3984 0.125
3985 0.125
3986 0.125
3987 0.125
3988 0.125
3989 0.125
3990 0.125
3991 0.125
3992 0.125
3993 0.125
3994 0.125
3995 0.125
3996 0.125
3997 0.125
3998 0.125
3999 0.125
4000 0.125
4001 0.125
4002 0.125
4003 0.125
4004 0.125
4005 0.125
4006 0.125
4007 0.125
4008 0.125
4009 0.125
4010 0.125
4011 0.125
4012 0.125
4013 0.125
4014 0.125
4015 0.125
4016 0.125
4017 0.125
4018 0.125
4019 0.125
4020 0.125
4021 0.125
4022 0.125
4023 0.125
4024 0.125
4025 0.125
4026 0.125
4027 0.125
4028 0.125
4029 0.125
4030 0.125
4031 0.125
4032 0.125
4033 0.125
4034 0.125
4035 0.125
4036 0.125
4037 0.125
4038 0.125
4039 0.125
4040 0.125
4041 0.125
4042 0.125
4043 0.125
4044 0.125
4045 0.125
4046 0.125
4047 0.125
4048 0.125
4049 0.125
4050 0.125
4051 0.125
4052 0.125
4053 0.125
4054 0.125
4055 0.125
4056 0.125
4057 0.125
4058 0.125
4059 0.125
4060 0.125
4061 0.125
4062 0.125
4063 0.125
4064 0.125
4065 0.125
4066 0.125
4067 0.125
4068 0.125
4069 0.125
4070 0.125
4071 0.125
4072 0.125
4073 0.125
4074 0.125
4075 0.125
4076 0.125
4077 0.125
4078 0.125
4079 0.125
4080 0.125
4081 0.125
4082 0.125
4083 0.125
4084 0.125
4085 0.125
4086 0.125
4087 0.125
4088 0.125
4089 0.125
4090 0.125
4091 0.125
4092 0.125
4093 0.125
4094 0.125
4095 0.125
