0 2.5
1 2.5
2 2.5
3 2.5
4 2.5
5 2.5
6 2.5
7 2.5
8 2.5
9 2.5
10 2.5
11 2.5
12 2.5
13 2.5
14 2.5
15 2.5
16 2.5
17 2.5
18 2.5
19 2.5
20 2.5
21 2.5
22 2.5
23 2.5
24 2.5
25 2.5
26 2.5
27 2.5
28 2.5
29 2.5
30 2.5
31 2.5
32 2.5
33 2.5
34 2.5
35 2.5
36 2.5
37 2.5
38 2.5
39 2.5
40 2.5
41 2.5
42 2.5
43 2.5
44 2.5
45 2.5
46 2.5
47 2.5
48 2.5
49 2.5
50 2.5
51 2.5
52 2.5
53 2.5
54 2.5
55 2.5
56 2.5
57 2.5
58 2.5
59 2.5
60 2.5
61 2.5
62 2.5
63 2.5
64 2.5
65 2.5
66 2.5
67 2.5
68 2.5
69 2.5
70 2.5
71 2.5
72 2.5
73 2.5
74 2.5
75 2.5
76 2.5
77 2.5
78 2.5
79 2.5
80 2.5
81 2.5
82 2.5
83 2.5
84 2.5
85 2.5
86 2.5
87 2.5
88 2.5
89 2.5
90 2.5
91 2.5
92 2.5
93 2.5
94 2.5
95 2.5
96 2.5
97 2.5
98 2.5
99 2.5
100 2.5
101 2.5
102 2.5
103 2.5
104 2.5
105 2.5
106 2.5
107 2.5
108 2.5
109 2.5
110 2.5
111 2.5
112 2.5
113 2.5
114 2.5
115 2.5
116 2.5
117 2.5
118 2.5
119 2.5
120 2.5
121 2.5
122 2.5
123 2.5
124 2.5
125 2.5
126 2.5
127 2.5
128 2.5
129 2.5
130 2.5
131 2.5
132 2.5
133 2.5
134 2.5
135 2.5
136 2.5
137 2.5
138 2.5
139 2.5
140 2.5
141 2.5
142 2.5
143 2.5
144 2.5
145 2.5
146 2.5
147 2.5
148 2.5
149 2.5
150 2.5
151 2.5
152 2.5
153 2.5
154 2.5
155 2.5
156 2.5
157 2.5
158 2.5
159 2.5
160 2.5
161 2.5
162 2.5
163 2.5
164 2.5
165 2.5
166 2.5
167 2.5
168 2.5
169 2.5
170 2.5
171 2.5
172 2.5
173 2.5
174 2.5
175 2.5
176 2.5
177 2.5
178 2.5
179 2.5
180 2.5
181 2.5
182 2.5
183 2.5
184 2.5
185 2.5
186 2.5
187 2.5
188 2.5
189 2.5
190 2.5
191 2.5
192 2.5
193 2.5
194 2.5
195 2.5
196 2.5
197 2.5
198 2.5
199 2.5
200 2.5
201 2.5
202 2.5
203 2.5
204 2.5
205 2.5
206 2.5
207 2.5
208 2.5
209 2.5
210 2.5
211 2.5
212 2.5
213 2.5
214 2.5
215 2.5
216 2.5
217 2.5
218 2.5
219 2.5
220 2.5
221 2.5
222 2.5
223 2.5
224 2.5
225 2.5
226 2.5
227 2.5
228 2.5
229 2.5
230 2.5
231 2.5
232 2.5
233 2.5
234 2.5
235 2.5
236 2.5
237 2.5
238 2.5
239 2.5
240 2.5
241 2.5
242 2.5
243 2.5
244 2.5
245 2.5
246 2.5
247 2.5
248 2.5
249 2.5
250 2.5
251 2.5
252 2.5
253 2.5
254 2.5
255 2.5
256 2.5
257 2.5
258 2.5
259 2.5
260 2.5
261 2.5
262 2.5
263 2.5
264 2.5
265 2.5
266 2.5
267 2.5
268 2.5
269 2.5
270 2.5
271 2.5
272 2.5
273 2.5
274 2.5
275 2.5
276 2.5
277 2.5
278 2.5
279 2.5
280 2.5
281 2.5
282 2.5
283 2.5
284 2.5
285 2.5
286 2.5
287 2.5
288 2.5
289 2.5
290 2.5
291 2.5
292 2.5
293 2.5
294 2.5
295 2.5
296 2.5
297 2.5
298 2.5
299 2.5
300 2.5
301 2.5
302 2.5
303 2.5
304 2.5
305 2.5
306 2.5
307 2.5
308 2.5
309 2.5
310 2.5
311 2.5
312 2.5
313 2.5
314 2.5
315 2.5
316 2.5
317 2.5
318 2.5
319 2.5
320 2.5
321 2.5
322 2.5
323 2.5
324 2.5
325 2.5
326 2.5
327 2.5
328 2.5
329 2.5
330 2.5
331 2.5
332 2.5
333 2.5
334 2.5
335 2.5
336 2.5
337 2.5
338 2.5
339 2.5
340 2.5
341 2.5
342 2.5
343 2.5
344 2.5
345 2.5
346 2.5
347 2.5
348 2.5
349 2.5
350 2.5
351 2.5
352 2.5
353 2.5
354 2.5
355 2.5
356 2.5
357 2.5
358 2.5
359 2.5
360 2.5
361 2.5
362 2.5
363 2.5
364 2.5
365 2.5
366 2.5
367 2.5
368 2.5
369 2.5
370 2.5
371 2.5
372 2.5
373 2.5
374 2.5
375 2.5
376 2.5
377 2.5
378 2.5
379 2.5
380 2.5
381 2.5
382 2.5
383 2.5
384 2.5
385 2.5
386 2.5
387 2.5
388 2.5
389 2.5
390 2.5
391 2.5
392 2.5
393 2.5
394 2.5
395 2.5
396 2.5
397 2.5
398 2.5
399 2.5
400 2.5
401 2.5
402 2.5
403 2.5
404 2.5
405 2.5
406 2.5
407 2.5
408 2.5
409 2.5
410 2.5
411 2.5
412 2.5
413 2.5
414 2.5
415 2.5
416 2.5
417 2.5
418 2.5
419 2.5
420 2.5
421 2.5
422 2.5
423 2.5
424 2.5
425 2.5
426 2.5
427 2.5
428 2.5
429 2.5
430 2.5
431 2.5
432 2.5
433 2.5
434 2.5
435 2.5
436 2.5
437 2.5
438 2.5
439 2.5
440 2.5
441 2.5
442 2.5
443 2.5
444 2.5
445 2.5
446 2.5
447 2.5
448 2.5
449 2.5
450 2.5
451 2.5
452 2.5
453 2.5
454 2.5
455 2.5
456 2.5
457 2.5
458 2.5
459 2.5
460 2.5
461 2.5
462 2.5
463 2.5
464 2.5
465 2.5
466 2.5
467 2.5
468 2.5
469 2.5
470 2.5
471 2.5
472 2.5
473 2.5
474 2.5
475 2.5
476 2.5
477 2.5
478 2.5
479 2.5
480 2.5
481 2.5
482 2.5
483 2.5
484 2.5
485 2.5
486 2.5
487 2.5
488 2.5
489 2.5
490 2.5
491 2.5
492 2.5
493 2.5
494 2.5
495 2.5
496 2.5
497 2.5
498 2.5
499 2.5
500 2.5
501 2.5
502 2.5
503 2.5
504 2.5
505 2.5
506 2.5
507 2.5
508 2.5
509 2.5
510 2.5
511 2.5
512 2.5
513 2.5
514 2.5
515 2.5
516 2.5
517 2.5
518 2.5
519 2.5
520 2.5
521 2.5
522 2.5
523 2.5
524 2.5
525 2.5
526 2.5
527 2.5
528 2.5
529 2.5
530 2.5
531 2.5
532 2.5
533 2.5
534 2.5
535 2.5
536 2.5
537 2.5
538 2.5
539 2.5
540 2.5
541 2.5
542 2.5
543 2.5
544 2.5
545 2.5
546 2.5
547 2.5
548 2.5
549 2.5
550 2.5
551 2.5
552 2.5
553 2.5
554 2.5
555 2.5
556 2.5
557 2.5
558 2.5
559 2.5
560 2.5
561 2.5
562 2.5
563 2.5
564 2.5
565 2.5
566 2.5
567 2.5
568 2.5
569 2.5
570 2.5
571 2.5
572 2.5
573 2.5
574 2.5
575 2.5
576 2.5
577 2.5
578 2.5
579 2.5
580 2.5
581 2.5
582 2.5
583 2.5
584 2.5
585 2.5
586 2.5
587 2.5
588 2.5
589 2.5
590 2.5
591 2.5
592 2.5
593 2.5
594 2.5
595 2.5
596 2.5
597 2.5
598 2.5
599 2.5
600 2.5
601 2.5
602 2.5
603 2.5
604 2.5
605 2.5
606 2.5
607 2.5
608 2.5
609 2.5
610 2.5
611 2.5
612 2.5
613 2.5
614 2.5
615 2.5
616 2.5
617 2.5
618 2.5
619 2.5
620 2.5
621 2.5
622 2.5
623 2.5
624 2.5
625 2.5
626 2.5
627 2.5
628 2.5
629 2.5
630 2.5
631 2.5
632 2.5
633 2.5
634 2.5
635 2.5
636 2.5
637 2.5
638 2.5
639 2.5
640 2.5
641 2.5
642 2.5
643 2.5
644 2.5
645 2.5
646 2.5
647 2.5
648 2.5
649 2.5
650 2.5
651 2.5
652 2.5
653 2.5
654 2.5
655 2.5
656 2.5
657 2.5
658 2.5
659 2.5
660 2.5
661 2.5
662 2.5
663 2.5
664 2.5
665 2.5
666 2.5
667 2.5
668 2.5
669 2.5
670 2.5
671 2.5
672 2.5
673 2.5
674 2.5
675 2.5
676 2.5
677 2.5
678 2.5
679 2.5
680 2.5
681 2.5
682 2.5
683 2.5
684 2.5
685 2.5
686 2.5
687 2.5
688 2.5
689 2.5
690 2.5
691 2.5
692 2.5
693 2.5
694 2.5
695 2.5
696 2.5
697 2.5
698 2.5
699 2.5
700 2.5
701 2.5
702 2.5
703 2.5
704 2.5
705 2.5
706 2.5
707 2.5
708 2.5
709 2.5
710 2.5
711 2.5
712 2.5
713 2.5
714 2.5
715 2.5
716 2.5
717 2.5
718 2.5
719 2.5
720 2.5
721 2.5
722 2.5
723 2.5
724 2.5
725 2.5
726 2.5
727 2.5
728 2.5
729 2.5
730 2.5
731 2.5
732 2.5
733 2.5
734 2.5
735 2.5
736 2.5
737 2.5
738 2.5
739 2.5
740 2.5
741 2.5
742 2.5
743 2.5
744 2.5
745 2.5
746 2.5
747 2.5
748 2.5
749 2.5
750 2.5
751 2.5
752 2.5
753 2.5
754 2.5
755 2.5
756 2.5
757 2.5
758 2.5
759 2.5
760 2.5
761 2.5
762 2.5
763 2.5
764 2.5
765 2.5
766 2.5
767 2.5
768 2.5
769 2.5
770 2.5
771 2.5
772 2.5
773 2.5
774 2.5
775 2.5
776 2.5
777 2.5
778 2.5
779 2.5
780 2.5
781 2.5
782 2.5
783 2.5
784 2.5
785 2.5
786 2.5
787 2.5
788 2.5
789 2.5
790 2.5
791 2.5
792 2.5
793 2.5
794 2.5
795 2.5
796 2.5
797 2.5
798 2.5
799 2.5
800 2.5
801 2.5
802 2.5
803 2.5
804 2.5
805 2.5
806 2.5
807 2.5
808 2.5
809 2.5
810 2.5
811 2.5
812 2.5
813 2.5
814 2.5
815 2.5
816 2.5
817 2.5
818 2.5
819 2.5
820 2.5
821 2.5
822 2.5
823 2.5
824 2.5
825 2.5
826 2.5
827 2.5
828 2.5
829 2.5
830 2.5
831 2.5
832 2.5
833 2.5
834 2.5
835 2.5
836 2.5
837 2.5
838 2.5
839 2.5
840 2.5
841 2.5
842 2.5
843 2.5
844 2.5
845 2.5
846 2.5
847 2.5
848 2.5
849 2.5
850 2.5
851 2.5
852 2.5
853 2.5
854 2.5
855 2.5
856 2.5
857 2.5
858 2.5
859 2.5
860 2.5
861 2.5
862 2.5
863 2.5
864 2.5
865 2.5
866 2.5
867 2.5
868 2.5
869 2.5
870 2.5
871 2.5
872 2.5
873 2.5
874 2.5
875 2.5
876 2.5
877 2.5
878 2.5
879 2.5
880 2.5
881 2.5
882 2.5
883 2.5
884 2.5
885 2.5
886 2.5
887 2.5
888 2.5
889 2.5
890 2.5
891 2.5
892 2.5
893 2.5
894 2.5
895 2.5
896 2.5
897 2.5
898 2.5
899 2.5
900 2.5
901 2.5
902 2.5
903 2.5
904 2.5
905 2.5
906 2.5
907 2.5
908 2.5
909 2.5
910 2.5
911 2.5
912 2.5
913 2.5
914 2.5
915 2.5
916 2.5
917 2.5
918 2.5
919 2.5
920 2.5
921 2.5
922 2.5
923 2.5
924 2.5
925 2.5
926 2.5
927 2.5
928 2.5
929 2.5
930 2.5
931 2.5
932 2.5
933 2.5
934 2.5
935 2.5
936 2.5
937 2.5
938 2.5
939 2.5
940 2.5
941 2.5
942 2.5
943 2.5
944 2.5
945 2.5
946 2.5
947 2.5
948 2.5
949 2.5
950 2.5
951 2.5
952 2.5
953 2.5
954 2.5
955 2.5
956 2.5
957 2.5
958 2.5
959 2.5
960 2.5
961 2.5
962 2.5
963 2.5
964 2.5
965 2.5
966 2.5
967 2.5
968 2.5
969 2.5
970 2.5
971 2.5
972 2.5
973 2.5
974 2.5
975 2.5
976 2.5
977 2.5
978 2.5
979 2.5
980 2.5
981 2.5
982 2.5
983 2.5
984 2.5
985 2.5
986 2.5
987 2.5
988 2.5
989 2.5
990 2.5
991 2.5
992 2.5
993 2.5
994 2.5
995 2.5
996 2.5
997 2.5
998 2.5
999 2.5
1000 2.5
1001 2.5
1002 2.5
1003 2.5
1004 2.5
1005 2.5
1006 2.5
1007 2.5
1008 2.5
1009 2.5
1010 2.5
1011 2.5
1012 2.5
1013 2.5
1014 2.5
1015 2.5
1016 2.5
1017 2.5
1018 2.5
1019 2.5
1020 2.5
1021 2.5
1022 2.5
1023 2.5
1024 2.5
1025 2.5
1026 2.5
1027 2.5
1028 2.5
1029 2.5
1030 2.5
1031 2.5
1032 2.5
1033 2.5
1034 2.5
1035 2.5
1036 2.5
1037 2.5
1038 2.5
1039 2.5
1040 2.5
1041 2.5
1042 2.5
1043 2.5
1044 2.5
1045 2.5
1046 2.5
1047 2.5
1048 2.5
1049 2.5
1050 2.5
1051 2.5
1052 2.5
1053 2.5
1054 2.5
1055 2.5
1056 2.5
1057 2.5
1058 2.5
1059 2.5
1060 2.5
1061 2.5
1062 2.5
1063 2.5
1064 2.5
1065 2.5
1066 2.5
1067 2.5
1068 2.5
1069 2.5
1070 2.5
1071 2.5
1072 2.5
1073 2.5
1074 2.5
1075 2.5
1076 2.5
1077 2.5
1078 2.5
1079 2.5
1080 2.5
1081 2.5
1082 2.5
1083 2.5
1084 2.5
1085 2.5
1086 2.5
1087 2.5
1088 2.5
1089 2.5
1090 2.5
1091 2.5
1092 2.5
1093 2.5
1094 2.5
1095 2.5
1096 2.5
1097 2.5
1098 2.5
1099 2.5
1100 2.5
1101 2.5
1102 2.5
1103 2.5
1104 2.5
1105 2.5
1106 2.5
1107 2.5
1108 2.5
1109 2.5
1110 2.5
1111 2.5
1112 2.5
1113 2.5
1114 2.5
1115 2.5
1116 2.5
1117 2.5
1118 2.5
1119 2.5
1120 2.5
1121 2.5
1122 2.5
1123 2.5
1124 2.5
1125 2.5
1126 2.5
1127 2.5
1128 2.5
1129 2.5
1130 2.5
1131 2.5
1132 2.5
1133 2.5
1134 2.5
1135 2.5
1136 2.5
1137 2.5
1138 2.5
1139 2.5
1140 2.5
1141 2.5
1142 2.5
1143 2.5
1144 2.5
1145 2.5
1146 2.5
1147 2.5
1148 2.5
1149 2.5
1150 2.5
1151 2.5
1152 2.5
1153 2.5
1154 2.5
1155 2.5
1156 2.5
1157 2.5
1158 2.5
1159 2.5
1160 2.5
1161 2.5
1162 2.5
1163 2.5
1164 2.5
1165 2.5
1166 2.5
1167 2.5
1168 2.5
1169 2.5
1170 2.5
1171 2.5
1172 2.5
1173 2.5
1174 2.5
1175 2.5
1176 2.5
1177 2.5
1178 2.5
1179 2.5
1180 2.5
1181 2.5
1182 2.5
1183 2.5
1184 2.5
1185 2.5
1186 2.5
1187 2.5
1188 2.5
1189 2.5
1190 2.5
1191 2.5
1192 2.5
1193 2.5
1194 2.5
1195 2.5
1196 2.5
1197 2.5
1198 2.5
1199 2.5
1200 2.5
1201 2.5
1202 2.5
1203 2.5
1204 2.5
1205 2.5
1206 2.5
1207 2.5
1208 2.5
1209 2.5
1210 2.5
1211 2.5
1212 2.5
1213 2.5
1214 2.5
1215 2.5
1216 2.5
1217 2.5
1218 2.5
1219 2.5
1220 2.5
1221 2.5
1222 2.5
1223 2.5
1224 2.5
1225 2.5
1226 2.5
1227 2.5
1228 2.5
1229 2.5
1230 2.5
1231 2.5
1232 2.5
1233 2.5
1234 2.5
1235 2.5
1236 2.5
1237 2.5
1238 2.5
1239 2.5
1240 2.5
1241 2.5
1242 2.5
1243 2.5
1244 2.5
1245 2.5
1246 2.5
1247 2.5
1248 2.5
1249 2.5
1250 2.5
1251 2.5
1252 2.5
1253 2.5
1254 2.5
1255 2.5
1256 2.5
1257 2.5
1258 2.5
1259 2.5
1260 2.5
1261 2.5
1262 2.5
1263 2.5
1264 2.5
1265 2.5
1266 2.5
1267 2.5
1268 2.5
1269 2.5
1270 2.5
1271 2.5
1272 2.5
1273 2.5
1274 2.5
1275 2.5
1276 2.5
1277 2.5
1278 2.5
1279 2.5
1280 2.5
1281 2.5
1282 2.5
1283 2.5
1284 2.5
1285 2.5
1286 2.5
1287 2.5
1288 2.5
1289 2.5
1290 2.5
1291 2.5
1292 2.5
1293 2.5
1294 2.5
1295 2.5
1296 2.5
1297 2.5
1298 2.5
1299 2.5
1300 2.5
1301 2.5
1302 2.5
1303 2.5
1304 2.5
1305 2.5
1306 2.5
1307 2.5
1308 2.5
1309 2.5
1310 2.5
1311 2.5
1312 2.5
1313 2.5
1314 2.5
1315 2.5
1316 2.5
1317 2.5
1318 2.5
1319 2.5
1320 2.5
1321 2.5
1322 2.5
1323 2.5
1324 2.5
1325 2.5
1326 2.5
1327 2.5
1328 2.5
1329 2.5
1330 2.5
1331 2.5
1332 2.5
1333 2.5
1334 2.5
1335 2.5
1336 2.5
1337 2.5
1338 2.5
1339 2.5
1340 2.5
1341 2.5
1342 2.5
1343 2.5
1344 2.5
1345 2.5
1346 2.5
1347 2.5
1348 2.5
1349 2.5
1350 2.5
1351 2.5
1352 2.5
1353 2.5
1354 2.5
1355 2.5
1356 2.5
1357 2.5
1358 2.5
1359 2.5
1360 2.5
1361 2.5
1362 2.5
1363 2.5
1364 2.5
1365 2.5
1366 2.5
1367 2.5
1368 2.5
1369 2.5
1370 2.5
1371 2.5
1372 2.5
1373 2.5
1374 2.5
1375 2.5
1376 2.5
1377 2.5
1378 2.5
1379 2.5
1380 2.5
1381 2.5
1382 2.5
1383 2.5
1384 2.5
1385 2.5
1386 2.5
1387 2.5
1388 2.5
1389 2.5
1390 2.5
1391 2.5
1392 2.5
1393 2.5
1394 2.5
1395 2.5
1396 2.5
1397 2.5
1398 2.5
1399 2.5
1400 2.5
1401 2.5
1402 2.5
1403 2.5
1404 2.5
1405 2.5
1406 2.5
1407 2.5
1408 2.5
1409 2.5
1410 2.5
1411 2.5
1412 2.5
1413 2.5
1414 2.5
1415 2.5
1416 2.5
1417 2.5
1418 2.5
1419 2.5
1420 2.5
1421 2.5
1422 2.5
1423 2.5
1424 2.5
1425 2.5
1426 2.5
1427 2.5
1428 2.5
1429 2.5
1430 2.5
1431 2.5
1432 2.5
1433 2.5
1434 2.5
1435 2.5
1436 2.5
1437 2.5
1438 2.5
1439 2.5
1440 2.5
1441 2.5
1442 2.5
1443 2.5
1444 2.5
1445 2.5
1446 2.5
1447 2.5
1448 2.5
1449 2.5
1450 2.5
1451 2.5
1452 2.5
1453 2.5
1454 2.5
1455 2.5
1456 2.5
1457 2.5
1458 2.5
1459 2.5
1460 2.5
1461 2.5
1462 2.5
1463 2.5
1464 2.5
1465 2.5
1466 2.5
1467 2.5
1468 2.5
1469 2.5
1470 2.5
1471 2.5
1472 2.5
1473 2.5
1474 2.5
1475 2.5
1476 2.5
1477 2.5
1478 2.5
1479 2.5
1480 2.5
1481 2.5
1482 2.5
1483 2.5
1484 2.5
1485 2.5
1486 2.5
1487 2.5
1488 2.5
1489 2.5
1490 2.5
1491 2.5
1492 2.5
1493 2.5
1494 2.5
1495 2.5
1496 2.5
1497 2.5
1498 2.5
1499 2.5
1500 2.5
1501 2.5
1502 2.5
1503 2.5
1504 2.5
1505 2.5
1506 2.5
1507 2.5
1508 2.5
1509 2.5
1510 2.5
1511 2.5
1512 2.5
1513 2.5
1514 2.5
1515 2.5
1516 2.5
1517 2.5
1518 2.5
1519 2.5
1520 2.5
1521 2.5
1522 2.5
1523 2.5
1524 2.5
1525 2.5
1526 2.5
1527 2.5
1528 2.5
1529 2.5
1530 2.5
1531 2.5
1532 2.5
1533 2.5
1534 2.5
1535 2.5
1536 2.5
1537 2.5
1538 2.5
1539 2.5
1540 2.5
1541 2.5
1542 2.5
1543 2.5
1544 2.5
1545 2.5
1546 2.5
1547 2.5
1548 2.5
1549 2.5
1550 2.5
1551 2.5
1552 2.5
1553 2.5
1554 2.5
1555 2.5
1556 2.5
1557 2.5
1558 2.5
1559 2.5
1560 2.5
1561 2.5
1562 2.5
1563 2.5
1564 2.5
1565 2.5
1566 2.5
1567 2.5
1568 2.5
1569 2.5
1570 2.5
1571 2.5
1572 2.5
1573 2.5
1574 2.5
1575 2.5
1576 2.5
1577 2.5
1578 2.5
1579 2.5
1580 2.5
1581 2.5
1582 2.5
1583 2.5
1584 2.5
1585 2.5
1586 2.5
1587 2.5
1588 2.5
1589 2.5
1590 2.5
1591 2.5
1592 2.5
1593 2.5
1594 2.5
1595 2.5
1596 2.5
1597 2.5
1598 2.5
1599 2.5
1600 2.5
1601 2.5
1602 2.5
1603 2.5
1604 2.5
1605 2.5
1606 2.5
1607 2.5
1608 2.5
1609 2.5
1610 2.5
1611 2.5
1612 2.5
1613 2.5
1614 2.5
1615 2.5
1616 2.5
1617 2.5
1618 2.5
1619 2.5
1620 2.5
1621 2.5
1622 2.5
1623 2.5
1624 2.5
1625 2.5
1626 2.5
1627 2.5
1628 2.5
1629 2.5
1630 2.5
1631 2.5
1632 2.5
1633 2.5
1634 2.5
1635 2.5
1636 2.5
1637 2.5
1638 2.5
1639 2.5
1640 2.5
1641 2.5
1642 2.5
1643 2.5
1644 2.5
1645 2.5
1646 2.5
1647 2.5
1648 2.5
1649 2.5
1650 2.5
1651 2.5
1652 2.5
1653 2.5
1654 2.5
1655 2.5
1656 2.5
1657 2.5
1658 2.5
1659 2.5
1660 2.5
1661 2.5
1662 2.5
1663 2.5
1664 2.5
1665 2.5
1666 2.5
1667 2.5
1668 2.5
1669 2.5
1670 2.5
1671 2.5
1672 2.5
1673 2.5
1674 2.5
1675 2.5
1676 2.5
1677 2.5
1678 2.5
1679 2.5
1680 2.5
1681 2.5
1682 2.5
1683 2.5
1684 2.5
1685 2.5
1686 2.5
1687 2.5
1688 2.5
1689 2.5
1690 2.5
1691 2.5
1692 2.5
1693 2.5
1694 2.5
1695 2.5
1696 2.5
1697 2.5
1698 2.5
1699 2.5
1700 2.5
1701 2.5
1702 2.5
1703 2.5
1704 2.5
1705 2.5
1706 2.5
1707 2.5
1708 2.5
1709 2.5
1710 2.5
1711 2.5
1712 2.5
1713 2.5
1714 2.5
1715 2.5
1716 2.5
1717 2.5
1718 2.5
1719 2.5
1720 2.5
1721 2.5
1722 2.5
1723 2.5
1724 2.5
1725 2.5
1726 2.5
1727 2.5
1728 2.5
1729 2.5
1730 2.5
1731 2.5
1732 2.5
1733 2.5
1734 2.5
1735 2.5
1736 2.5
1737 2.5
1738 2.5
1739 2.5
1740 2.5
1741 2.5
1742 2.5
1743 2.5
1744 2.5
1745 2.5
1746 2.5
1747 2.5
1748 2.5
1749 2.5
1750 2.5
1751 2.5
1752 2.5
1753 2.5
1754 2.5
1755 2.5
1756 2.5
1757 2.5
1758 2.5
1759 2.5
1760 2.5
1761 2.5
1762 2.5
1763 2.5
1764 2.5
1765 2.5
1766 2.5
1767 2.5
1768 2.5
1769 2.5
1770 2.5
1771 2.5
1772 2.5
1773 2.5
1774 2.5
1775 2.5
1776 2.5
1777 2.5
1778 2.5
1779 2.5
1780 2.5
1781 2.5
1782 2.5
1783 2.5
1784 2.5
1785 2.5
1786 2.5
1787 2.5
1788 2.5
1789 2.5
1790 2.5
1791 2.5
1792 2.5
1793 2.5
1794 2.5
1795 2.5
1796 2.5
1797 2.5
1798 2.5
1799 2.5
1800 2.5
1801 2.5
1802 2.5
1803 2.5
1804 2.5
1805 2.5
1806 2.5
1807 2.5
1808 2.5
1809 2.5
1810 2.5
1811 2.5
1812 2.5
1813 2.5
1814 2.5
1815 2.5
1816 2.5
1817 2.5
1818 2.5
1819 2.5
1820 2.5
1821 2.5
1822 2.5
1823 2.5
1824 2.5
1825 2.5
1826 2.5
1827 2.5
1828 2.5
1829 2.5
1830 2.5
1831 2.5
1832 2.5
1833 2.5
1834 2.5
1835 2.5
1836 2.5
1837 2.5
1838 2.5
1839 2.5
1840 2.5
1841 2.5
1842 2.5
1843 2.5
1844 2.5
1845 2.5
1846 2.5
1847 2.5
1848 2.5
1849 2.5
1850 2.5
1851 2.5
1852 2.5
1853 2.5
1854 2.5
1855 2.5
1856 2.5
1857 2.5
1858 2.5
1859 2.5
1860 2.5
1861 2.5
1862 2.5
1863 2.5
1864 2.5
1865 2.5
1866 2.5
1867 2.5
1868 2.5
1869 2.5
1870 2.5
1871 2.5
1872 2.5
1873 2.5
1874 2.5
1875 2.5
1876 2.5
1877 2.5
1878 2.5
1879 2.5
1880 2.5
1881 2.5
1882 2.5
1883 2.5
1884 2.5
1885 2.5
1886 2.5
1887 2.5
1888 2.5
1889 2.5
1890 2.5
1891 2.5
1892 2.5
1893 2.5
1894 2.5
1895 2.5
1896 2.5
1897 2.5
1898 2.5
1899 2.5
1900 2.5
1901 2.5
1902 2.5
1903 2.5
1904 2.5
1905 2.5
1906 2.5
1907 2.5
1908 2.5
1909 2.5
1910 2.5
1911 2.5
1912 2.5
1913 2.5
1914 2.5
1915 2.5
1916 2.5
1917 2.5
1918 2.5
1919 2.5
1920 2.5
1921 2.5
1922 2.5
1923 2.5
1924 2.5
1925 2.5
1926 2.5
1927 2.5
1928 2.5
1929 2.5
1930 2.5
1931 2.5
1932 2.5
1933 2.5
1934 2.5
1935 2.5
1936 2.5
1937 2.5
1938 2.5
1939 2.5
1940 2.5
1941 2.5
1942 2.5
1943 2.5
1944 2.5
1945 2.5
1946 2.5
1947 2.5
1948 2.5
1949 2.5
1950 2.5
1951 2.5
1952 2.5
1953 2.5
1954 2.5
1955 2.5
1956 2.5
1957 2.5
1958 2.5
1959 2.5
1960 2.5
1961 2.5
1962 2.5
1963 2.5
1964 2.5
1965 2.5
1966 2.5
1967 2.5
1968 2.5
1969 2.5
1970 2.5
1971 2.5
1972 2.5
1973 2.5
1974 2.5
1975 2.5
1976 2.5
1977 2.5
1978 2.5
1979 2.5
1980 2.5
1981 2.5
1982 2.5
1983 2.5
1984 2.5
1985 2.5
1986 2.5
1987 2.5
1988 2.5
1989 2.5
1990 2.5
1991 2.5
1992 2.5
1993 2.5
1994 2.5
1995 2.5
1996 2.5
1997 2.5
1998 2.5
1999 2.5
2000 2.5
2001 2.5
2002 2.5
2003 2.5
2004 2.5
2005 2.5
2006 2.5
2007 2.5
2008 2.5
2009 2.5
2010 2.5
2011 2.5
2012 2.5
2013 2.5
2014 2.5
2015 2.5
2016 2.5
2017 2.5
2018 2.5
2019 2.5
2020 2.5
2021 2.5
2022 2.5
2023 2.5
2024 2.5
2025 2.5
2026 2.5
2027 2.5
2028 2.5
2029 2.5
2030 2.5
2031 2.5
2032 2.5
2033 2.5
2034 2.5
2035 2.5
2036 2.5
2037 2.5
2038 2.5
2039 2.5
2040 2.5
2041 2.5
2042 2.5
2043 2.5
2044 2.5
2045 2.5
2046 2.5
2047 2.5
2048 2.5
2049 0.25
2050 0.25
2051 0.25
2052 0.25
2053 0.25
2054 0.25
2055 0.25
2056 0.25
2057 0.25
2058 0.25
2059 0.25
2060 0.25
2061 0.25
2062 0.25
2063 0.25
2064 0.25
2065 0.25
2066 0.25
2067 0.25
2068 0.25
2069 0.25
2070 0.25
2071 0.25
2072 0.25
2073 0.25
2074 0.25
2075 0.25
2076 0.25
2077 0.25
2078 0.25
2079 0.25
2080 0.25
2081 0.25
2082 0.25
2083 0.25
2084 0.25
2085 0.25
2086 0.25
2087 0.25
2088 0.25
2089 0.25
2090 0.25
2091 0.25
2092 0.25
2093 0.25
2094 0.25
2095 0.25
2096 0.25
2097 0.25
2098 0.25
2099 0.25
2100 0.25
2101 0.25
2102 0.25
2103 0.25
2104 0.25
2105 0.25
2106 0.25
2107 0.25
2108 0.25
2109 0.25
2110 0.25
2111 0.25
2112 0.25
2113 0.25
2114 0.25
2115 0.25
2116 0.25
2117 0.25
2118 0.25
2119 0.25
2120 0.25
2121 0.25
2122 0.25
2123 0.25
2124 0.25
2125 0.25
2126 0.25
2127 0.25
2128 0.25
2129 0.25
2130 0.25
2131 0.25
2132 0.25
2133 0.25
2134 0.25
2135 0.25
2136 0.25
2137 0.25
2138 0.25
2139 0.25
2140 0.25
2141 0.25
2142 0.25
2143 0.25
2144 0.25
2145 0.25
2146 0.25
2147 0.25
2148 0.25
2149 0.25
2150 0.25
2151 0.25
2152 0.25
2153 0.25
2154 0.25
2155 0.25
2156 0.25
2157 0.25
2158 0.25
2159 0.25
2160 0.25
2161 0.25
2162 0.25
2163 0.25
2164 0.25
2165 0.25
2166 0.25
2167 0.25
2168 0.25
2169 0.25
2170 0.25
2171 0.25
2172 0.25
2173 0.25
2174 0.25
2175 0.25
2176 0.25
2177 0.25
2178 0.25
2179 0.25
2180 0.25
2181 0.25
2182 0.25
2183 0.25
2184 0.25
2185 0.25
2186 0.25
2187 0.25
2188 0.25
2189 0.25
2190 0.25
2191 0.25
2192 0.25
2193 0.25
2194 0.25
2195 0.25
2196 0.25
2197 0.25
2198 0.25
2199 0.25
2200 0.25
2201 0.25
2202 0.25
2203 0.25
2204 0.25
2205 0.25
2206 0.25
2207 0.25
2208 0.25
2209 0.25
2210 0.25
2211 0.25
2212 0.25
2213 0.25
2214 0.25
2215 0.25
2216 0.25
2217 0.25
2218 0.25
2219 0.25
2220 0.25
2221 0.25
2222 0.25
2223 0.25
2224 0.25
2225 0.25
2226 0.25
2227 0.25
2228 0.25
2229 0.25
2230 0.25
2231 0.25
2232 0.25
2233 0.25
2234 0.25
2235 0.25
2236 0.25
2237 0.25
2238 0.25
2239 0.25
2240 0.25
2241 0.25
2242 0.25
2243 0.25
2244 0.25
2245 0.25
2246 0.25
2247 0.25
2248 0.25
2249 0.25
2250 0.25
2251 0.25
2252 0.25
2253 0.25
2254 0.25
2255 0.25
2256 0.25
2257 0.25
2258 0.25
2259 0.25
2260 0.25
2261 0.25
2262 0.25
2263 0.25
2264 0.25
2265 0.25
2266 0.25
2267 0.25
2268 0.25
2269 0.25
2270 0.25
2271 0.25
2272 0.25
2273 0.25
2274 0.25
2275 0.25
2276 0.25
2277 0.25
2278 0.25
2279 0.25
2280 0.25
2281 0.25
2282 0.25
2283 0.25
2284 0.25
2285 0.25
2286 0.25
2287 0.25
2288 0.25
2289 0.25
2290 0.25
2291 0.25
2292 0.25
2293 0.25
2294 0.25
2295 0.25
2296 0.25
2297 0.25
2298 0.25
2299 0.25
2300 0.25
2301 0.25
2302 0.25
2303 0.25
2304 0.25
2305 0.25
2306 0.25
2307 0.25
2308 0.25
2309 0.25
2310 0.25
2311 0.25
2312 0.25
2313 0.25
2314 0.25
2315 0.25
2316 0.25
2317 0.25
2318 0.25
2319 0.25
2320 0.25
2321 0.25
2322 0.25
2323 0.25
2324 0.25
2325 0.25
2326 0.25
2327 0.25
2328 0.25
2329 0.25
2330 0.25
2331 0.25
2332 0.25
2333 0.25
2334 0.25
2335 0.25
2336 0.25
2337 0.25
2338 0.25
2339 0.25
2340 0.25
2341 0.25
2342 0.25
2343 0.25
2344 0.25
2345 0.25
2346 0.25
2347 0.25
2348 0.25
2349 0.25
2350 0.25
2351 0.25
2352 0.25
2353 0.25
2354 0.25
2355 0.25
2356 0.25
2357 0.25
2358 0.25
2359 0.25
2360 0.25
2361 0.25
2362 0.25
2363 0.25
2364 0.25
2365 0.25
2366 0.25
2367 0.25
2368 0.25
2369 0.25
2370 0.25
2371 0.25
2372 0.25
2373 0.25
2374 0.25
2375 0.25
2376 0.25
2377 0.25
2378 0.25
2379 0.25
2380 0.25
2381 0.25
2382 0.25
2383 0.25
2384 0.25
2385 0.25
2386 0.25
2387 0.25
2388 0.25
2389 0.25
2390 0.25
2391 0.25
2392 0.25
2393 0.25
2394 0.25
2395 0.25
2396 0.25
2397 0.25
2398 0.25
2399 0.25
2400 0.25
2401 0.25
2402 0.25
2403 0.25
2404 0.25
2405 0.25
2406 0.25
2407 0.25
2408 0.25
2409 0.25
2410 0.25
2411 0.25
2412 0.25
2413 0.25
2414 0.25
2415 0.25
2416 0.25
2417 0.25
2418 0.25
2419 0.25
2420 0.25
2421 0.25
2422 0.25
2423 0.25
2424 0.25
2425 0.25
2426 0.25
2427 0.25
2428 0.25
2429 0.25
2430 0.25
2431 0.25
2432 0.25
2433 0.25
2434 0.25
2435 0.25
2436 0.25
2437 0.25
2438 0.25
2439 0.25
2440 0.25
2441 0.25
2442 0.25
2443 0.25
2444 0.25
2445 0.25
2446 0.25
2447 0.25
2448 0.25
2449 0.25
2450 0.25
2451 0.25
2452 0.25
2453 0.25
2454 0.25
2455 0.25
2456 0.25
2457 0.25
2458 0.25
2459 0.25
2460 0.25
2461 0.25
2462 0.25
2463 0.25
2464 0.25
2465 0.25
2466 0.25
2467 0.25
2468 0.25
2469 0.25
2470 0.25
2471 0.25
2472 0.25
2473 0.25
2474 0.25
2475 0.25
2476 0.25
2477 0.25
2478 0.25
2479 0.25
2480 0.25
2481 0.25
2482 0.25
2483 0.25
2484 0.25
2485 0.25
2486 0.25
2487 0.25
2488 0.25
2489 0.25
2490 0.25
2491 0.25
2492 0.25
2493 0.25
2494 0.25
2495 0.25
2496 0.25
2497 0.25
2498 0.25
2499 0.25
2500 0.25
2501 0.25
2502 0.25
2503 0.25
2504 0.25
2505 0.25
2506 0.25
2507 0.25
2508 0.25
2509 0.25
2510 0.25
2511 0.25
2512 0.25
2513 0.25
2514 0.25
2515 0.25
2516 0.25
2517 0.25
2518 0.25
2519 0.25
2520 0.25
2521 0.25
2522 0.25
2523 0.25
2524 0.25
2525 0.25
2526 0.25
2527 0.25
2528 0.25
2529 0.25
2530 0.25
2531 0.25
2532 0.25
2533 0.25
2534 0.25
2535 0.25
2536 0.25
2537 0.25
2538 0.25
2539 0.25
2540 0.25
2541 0.25
2542 0.25
2543 0.25
2544 0.25
2545 0.25
2546 0.25
2547 0.25
2548 0.25
2549 0.25
2550 0.25
2551 0.25
2552 0.25
2553 0.25
2554 0.25
2555 0.25
2556 0.25
2557 0.25
2558 0.25
2559 0.25
2560 0.25
2561 0.25
2562 0.25
2563 0.25
2564 0.25
2565 0.25
2566 0.25
2567 0.25
2568 0.25
2569 0.25
2570 0.25
2571 0.25
2572 0.25
2573 0.25
2574 0.25
2575 0.25
2576 0.25
2577 0.25
2578 0.25
2579 0.25
2580 0.25
2581 0.25
2582 0.25
2583 0.25
2584 0.25
2585 0.25
2586 0.25
2587 0.25
2588 0.25
2589 0.25
2590 0.25
2591 0.25
2592 0.25
2593 0.25
2594 0.25
2595 0.25
2596 0.25
2597 0.25
2598 0.25
2599 0.25
2600 0.25
2601 0.25
2602 0.25
2603 0.25
2604 0.25
2605 0.25
2606 0.25
2607 0.25
2608 0.25
2609 0.25
2610 0.25
2611 0.25
2612 0.25
2613 0.25
2614 0.25
2615 0.25
2616 0.25
2617 0.25
2618 0.25
2619 0.25
2620 0.25
2621 0.25
2622 0.25
2623 0.25
2624 0.25
2625 0.25
2626 0.25
2627 0.25
2628 0.25
2629 0.25
2630 0.25
2631 0.25
2632 0.25
2633 0.25
2634 0.25
2635 0.25
2636 0.25
2637 0.25
2638 0.25
2639 0.25
2640 0.25
2641 0.25
2642 0.25
2643 0.25
2644 0.25
2645 0.25
2646 0.25
2647 0.25
2648 0.25
2649 0.25
2650 0.25
2651 0.25
2652 0.25
2653 0.25
2654 0.25
2655 0.25
2656 0.25
2657 0.25
2658 0.25
2659 0.25
2660 0.25
2661 0.25
2662 0.25
2663 0.25
2664 0.25
2665 0.25
2666 0.25
2667 0.25
2668 0.25
2669 0.25
2670 0.25
2671 0.25
2672 0.25
2673 0.25
2674 0.25
2675 0.25
2676 0.25
2677 0.25
2678 0.25
2679 0.25
2680 0.25
2681 0.25
2682 0.25
2683 0.25
2684 0.25
2685 0.25
2686 0.25
2687 0.25
2688 0.25
2689 0.25
2690 0.25
2691 0.25
2692 0.25
2693 0.25
2694 0.25
2695 0.25
2696 0.25
2697 0.25
2698 0.25
2699 0.25
2700 0.25
2701 0.25
2702 0.25
2703 0.25
2704 0.25
2705 0.25
2706 0.25
2707 0.25
2708 0.25
2709 0.25
2710 0.25
2711 0.25
2712 0.25
2713 0.25
2714 0.25
2715 0.25
2716 0.25
2717 0.25
2718 0.25
2719 0.25
2720 0.25
2721 0.25
2722 0.25
2723 0.25
2724 0.25
2725 0.25
2726 0.25
2727 0.25
2728 0.25
2729 0.25
2730 0.25
2731 0.25
2732 0.25
2733 0.25
2734 0.25
2735 0.25
2736 0.25
2737 0.25
2738 0.25
2739 0.25
2740 0.25
2741 0.25
2742 0.25
2743 0.25
2744 0.25
2745 0.25
2746 0.25
2747 0.25
2748 0.25
2749 0.25
2750 0.25
2751 0.25
2752 0.25
2753 0.25
2754 0.25
2755 0.25
2756 0.25
2757 0.25
2758 0.25
2759 0.25
2760 0.25
2761 0.25
2762 0.25
2763 0.25
2764 0.25
2765 0.25
2766 0.25
2767 0.25
2768 0.25
2769 0.25
2770 0.25
2771 0.25
2772 0.25
2773 0.25
2774 0.25
2775 0.25
2776 0.25
2777 0.25
2778 0.25
2779 0.25
2780 0.25
2781 0.25
2782 0.25
2783 0.25
2784 0.25
2785 0.25
2786 0.25
2787 0.25
2788 0.25
2789 0.25
2790 0.25
2791 0.25
2792 0.25
2793 0.25
2794 0.25
2795 0.25
2796 0.25
2797 0.25
2798 0.25
2799 0.25
2800 0.25
2801 0.25
2802 0.25
2803 0.25
2804 0.25
2805 0.25
2806 0.25
2807 0.25
2808 0.25
2809 0.25
2810 0.25
2811 0.25
2812 0.25
2813 0.25
2814 0.25
2815 0.25
2816 0.25
2817 0.25
2818 0.25
2819 0.25
2820 0.25
2821 0.25
2822 0.25
2823 0.25
2824 0.25
2825 0.25
2826 0.25
2827 0.25
2828 0.25
2829 0.25
2830 0.25
2831 0.25
2832 0.25
2833 0.25
2834 0.25
2835 0.25
2836 0.25
2837 0.25
2838 0.25
2839 0.25
2840 0.25
2841 0.25
2842 0.25
2843 0.25
2844 0.25
2845 0.25
2846 0.25
2847 0.25
2848 0.25
2849 0.25
2850 0.25
2851 0.25
2852 0.25
2853 0.25
2854 0.25
2855 0.25
2856 0.25
2857 0.25
2858 0.25
2859 0.25
2860 0.25
2861 0.25
2862 0.25
2863 0.25
2864 0.25
2865 0.25
2866 0.25
2867 0.25
2868 0.25
2869 0.25
2870 0.25
2871 0.25
2872 0.25
2873 0.25
2874 0.25
2875 0.25
2876 0.25
2877 0.25
2878 0.25
2879 0.25
2880 0.25
2881 0.25
2882 0.25
2883 0.25
2884 0.25
2885 0.25
2886 0.25
2887 0.25
2888 0.25
2889 0.25
2890 0.25
2891 0.25
2892 0.25
2893 0.25
2894 0.25
2895 0.25
2896 0.25
2897 0.25
2898 0.25
2899 0.25
2900 0.25
2901 0.25
2902 0.25
2903 0.25
2904 0.25
2905 0.25
2906 0.25
2907 0.25
2908 0.25
2909 0.25
2910 0.25
2911 0.25
2912 0.25
2913 0.25
2914 0.25
2915 0.25
2916 0.25
2917 0.25
2918 0.25
2919 0.25
2920 0.25
2921 0.25
2922 0.25
2923 0.25
2924 0.25
2925 0.25
2926 0.25
2927 0.25
2928 0.25
2929 0.25
2930 0.25
2931 0.25
2932 0.25
2933 0.25
2934 0.25
2935 0.25
2936 0.25
2937 0.25
2938 0.25
2939 0.25
2940 0.25
2941 0.25
2942 0.25
2943 0.25
2944 0.25
2945 0.25
2946 0.25
2947 0.25
2948 0.25
2949 0.25
2950 0.25
2951 0.25
2952 0.25
2953 0.25
2954 0.25
2955 0.25
2956 0.25
2957 0.25
2958 0.25
2959 0.25
2960 0.25
2961 0.25
2962 0.25
2963 0.25
2964 0.25
2965 0.25
2966 0.25
2967 0.25
2968 0.25
2969 0.25
2970 0.25
2971 0.25
2972 0.25
2973 0.25
2974 0.25
2975 0.25
2976 0.25
2977 0.25
2978 0.25
2979 0.25
2980 0.25
2981 0.25
2982 0.25
2983 0.25
2984 0.25
2985 0.25
2986 0.25
2987 0.25
2988 0.25
2989 0.25
2990 0.25
2991 0.25
2992 0.25
2993 0.25
2994 0.25
2995 0.25
2996 0.25
2997 0.25
2998 0.25
2999 0.25
3000 0.25
3001 0.25
3002 0.25
3003 0.25
3004 0.25
3005 0.25
3006 0.25
3007 0.25
3008 0.25
3009 0.25
3010 0.25
3011 0.25
3012 0.25
3013 0.25
3014 0.25
3015 0.25
3016 0.25
3017 0.25
3018 0.25
3019 0.25
3020 0.25
3021 0.25
3022 0.25
3023 0.25
3024 0.25
3025 0.25
3026 0.25
3027 0.25
3028 0.25
3029 0.25
3030 0.25
3031 0.25
3032 0.25
3033 0.25
3034 0.25
3035 0.25
3036 0.25
3037 0.25
3038 0.25
3039 0.25
3040 0.25
3041 0.25
3042 0.25
3043 0.25
3044 0.25
3045 0.25
3046 0.25
3047 0.25
3048 0.25
3049 0.25
3050 0.25
3051 0.25
3052 0.25
3053 0.25
3054 0.25
3055 0.25
3056 0.25
3057 0.25
3058 0.25
3059 0.25
3060 0.25
3061 0.25
3062 0.25
3063 0.25
3064 0.25
3065 0.25
3066 0.25
3067 0.25
3068 0.25
3069 0.25
3070 0.25
3071 0.25
3072 0.25
3073 0.25
3074 0.25
3075 0.25
3076 0.25
3077 0.25
3078 0.25
3079 0.25
3080 0.25
3081 0.25
3082 0.25
3083 0.25
3084 0.25
3085 0.25
3086 0.25
3087 0.25
3088 0.25
3089 0.25
3090 0.25
3091 0.25
3092 0.25
3093 0.25
3094 0.25
3095 0.25
3096 0.25
3097 0.25
3098 0.25
3099 0.25
3100 0.25
3101 0.25
3102 0.25
3103 0.25
3104 0.25
3105 0.25
3106 0.25
3107 0.25
3108 0.25
3109 0.25
3110 0.25
3111 0.25
3112 0.25
3113 0.25
3114 0.25
3115 0.25
3116 0.25
3117 0.25
3118 0.25
3119 0.25
3120 0.25
3121 0.25
3122 0.25
3123 0.25
3124 0.25
3125 0.25
3126 0.25
3127 0.25
3128 0.25
3129 0.25
3130 0.25
3131 0.25
3132 0.25
3133 0.25
3134 0.25
3135 0.25
3136 0.25
3137 0.25
3138 0.25
3139 0.25
3140 0.25
3141 0.25
3142 0.25
3143 0.25
3144 0.25
3145 0.25
3146 0.25
3147 0.25
3148 0.25
3149 0.25
3150 0.25
3151 0.25
3152 0.25
3153 0.25
3154 0.25
3155 0.25
3156 0.25
3157 0.25
3158 0.25
3159 0.25
3160 0.25
3161 0.25
3162 0.25
3163 0.25
3164 0.25
3165 0.25
3166 0.25
3167 0.25
3168 0.25
3169 0.25
3170 0.25
3171 0.25
3172 0.25
3173 0.25
3174 0.25
3175 0.25
3176 0.25
3177 0.25
3178 0.25
3179 0.25
3180 0.25
3181 0.25
3182 0.25
3183 0.25
3184 0.25
3185 0.25
3186 0.25
3187 0.25
3188 0.25
3189 0.25
3190 0.25
3191 0.25
3192 0.25
3193 0.25
3194 0.25
3195 0.25
3196 0.25
3197 0.25
3198 0.25
3199 0.25
3200 0.25
3201 0.25
3202 0.25
3203 0.25
3204 0.25
3205 0.25
3206 0.25
3207 0.25
3208 0.25
3209 0.25
3210 0.25
3211 0.25
3212 0.25
3213 0.25
3214 0.25
3215 0.25
3216 0.25
3217 0.25
3218 0.25
3219 0.25
3220 0.25
3221 0.25
3222 0.25
3223 0.25
3224 0.25
3225 0.25
3226 0.25
3227 0.25
3228 0.25
3229 0.25
3230 0.25
3231 0.25
3232 0.25
3233 0.25
3234 0.25
3235 0.25
3236 0.25
3237 0.25
3238 0.25
3239 0.25
3240 0.25
3241 0.25
3242 0.25
3243 0.25
3244 0.25
3245 0.25
3246 0.25
3247 0.25
3248 0.25
3249 0.25
3250 0.25
3251 0.25
3252 0.25
3253 0.25
3254 0.25
3255 0.25
3256 0.25
3257 0.25
3258 0.25
3259 0.25
3260 0.25
3261 0.25
3262 0.25
3263 0.25
3264 0.25
3265 0.25
3266 0.25
3267 0.25
3268 0.25
3269 0.25
3270 0.25
3271 0.25
3272 0.25
3273 0.25
3274 0.25
3275 0.25
3276 0.25
3277 0.25
3278 0.25
3279 0.25
3280 0.25
3281 0.25
3282 0.25
3283 0.25
3284 0.25
3285 0.25
3286 0.25
3287 0.25
3288 0.25
3289 0.25
3290 0.25
3291 0.25
3292 0.25
3293 0.25
3294 0.25
3295 0.25
3296 0.25
3297 0.25
3298 0.25
3299 0.25
3300 0.25
3301 0.25
3302 0.25
3303 0.25
3304 0.25
3305 0.25
3306 0.25
3307 0.25
3308 0.25
3309 0.25
3310 0.25
3311 0.25
3312 0.25
3313 0.25
3314 0.25
3315 0.25
3316 0.25
3317 0.25
3318 0.25
3319 0.25
3320 0.25
3321 0.25
3322 0.25
3323 0.25
3324 0.25
3325 0.25
3326 0.25
3327 0.25
3328 0.25
3329 0.25
3330 0.25
3331 0.25
3332 0.25
3333 0.25
3334 0.25
3335 0.25
3336 0.25
3337 0.25
3338 0.25
3339 0.25
3340 0.25
3341 0.25
3342 0.25
3343 0.25
3344 0.25
3345 0.25
3346 0.25
3347 0.25
3348 0.25
3349 0.25
3350 0.25
3351 0.25
3352 0.25
3353 0.25
3354 0.25
3355 0.25
3356 0.25
3357 0.25
3358 0.25
3359 0.25
3360 0.25
3361 0.25
3362 0.25
3363 0.25
3364 0.25
3365 0.25
3366 0.25
3367 0.25
3368 0.25
3369 0.25
3370 0.25
3371 0.25
3372 0.25
3373 0.25
3374 0.25
3375 0.25
3376 0.25
3377 0.25
3378 0.25
3379 0.25
3380 0.25
3381 0.25
3382 0.25
3383 0.25
3384 0.25
3385 0.25
3386 0.25
3387 0.25
3388 0.25
3389 0.25
3390 0.25
3391 0.25
3392 0.25
3393 0.25
3394 0.25
3395 0.25
3396 0.25
3397 0.25
3398 0.25
3399 0.25
3400 0.25
3401 0.25
3402 0.25
3403 0.25
3404 0.25
3405 0.25
3406 0.25
3407 0.25
3408 0.25
3409 0.25
3410 0.25
3411 0.25
3412 0.25
3413 0.25
3414 0.25
3415 0.25
3416 0.25
3417 0.25
3418 0.25
3419 0.25
3420 0.25
3421 0.25
3422 0.25
3423 0.25
3424 0.25
3425 0.25
3426 0.25
3427 0.25
3428 0.25
3429 0.25
3430 0.25
3431 0.25
3432 0.25
3433 0.25
3434 0.25
3435 0.25
3436 0.25
3437 0.25
3438 0.25
3439 0.25
3440 0.25
3441 0.25
3442 0.25
3443 0.25
3444 0.25
3445 0.25
3446 0.25
3447 0.25
3448 0.25
3449 0.25
3450 0.25
3451 0.25
3452 0.25
3453 0.25
3454 0.25
3455 0.25
3456 0.25
3457 0.25
3458 0.25
3459 0.25
3460 0.25
3461 0.25
3462 0.25
3463 0.25
3464 0.25
3465 0.25
3466 0.25
3467 0.25
3468 0.25
3469 0.25
3470 0.25
3471 0.25
3472 0.25
3473 0.25
3474 0.25
3475 0.25
3476 0.25
3477 0.25
3478 0.25
3479 0.25
3480 0.25
3481 0.25
3482 0.25
3483 0.25
3484 0.25
3485 0.25
3486 0.25
3487 0.25
3488 0.25
3489 0.25
3490 0.25
3491 0.25
3492 0.25
3493 0.25
3494 0.25
3495 0.25
3496 0.25
3497 0.25
3498 0.25
3499 0.25
3500 0.25
3501 0.25
3502 0.25
3503 0.25
3504 0.25
3505 0.25
3506 0.25
3507 0.25
3508 0.25
3509 0.25
3510 0.25
3511 0.25
3512 0.25
3513 0.25
3514 0.25
3515 0.25
3516 0.25
3517 0.25
3518 0.25
3519 0.25
3520 0.25
3521 0.25
3522 0.25
3523 0.25
3524 0.25
3525 0.25
3526 0.25
3527 0.25
3528 0.25
3529 0.25
3530 0.25
3531 0.25
3532 0.25
3533 0.25
3534 0.25
3535 0.25
3536 0.25
3537 0.25
3538 0.25
3539 0.25
3540 0.25
3541 0.25
3542 0.25
3543 0.25
3544 0.25
3545 0.25
3546 0.25
3547 0.25
3548 0.25
3549 0.25
3550 0.25
3551 0.25
3552 0.25
3553 0.25
3554 0.25
3555 0.25
3556 0.25
3557 0.25
3558 0.25
3559 0.25
3560 0.25
3561 0.25
3562 0.25
3563 0.25
3564 0.25
3565 0.25
3566 0.25
3567 0.25
3568 0.25
3569 0.25
3570 0.25
3571 0.25
3572 0.25
3573 0.25
3574 0.25
3575 0.25
3576 0.25
3577 0.25
3578 0.25
3579 0.25
3580 0.25
3581 0.25
3582 0.25
3583 0.25
3584 0.25
3585 0.25
3586 0.25
3587 0.25
3588 0.25
3589 0.25
3590 0.25
3591 0.25
3592 0.25
3593 0.25
3594 0.25
3595 0.25
3596 0.25
3597 0.25
3598 0.25
3599 0.25
3600 0.25
3601 0.25
3602 0.25
3603 0.25
3604 0.25
3605 0.25
3606 0.25
3607 0.25
3608 0.25
3609 0.25
3610 0.25
3611 0.25
3612 0.25
3613 0.25
3614 0.25
3615 0.25
3616 0.25
3617 0.25
3618 0.25
3619 0.25
3620 0.25
3621 0.25
3622 0.25
3623 0.25
3624 0.25
3625 0.25
3626 0.25
3627 0.25
3628 0.25
3629 0.25
3630 0.25
3631 0.25
3632 0.25
3633 0.25
3634 0.25
3635 0.25
3636 0.25
3637 0.25
3638 0.25
3639 0.25
3640 0.25
3641 0.25
3642 0.25
3643 0.25
3644 0.25
3645 0.25
3646 0.25
3647 0.25
3648 0.25
3649 0.25
3650 0.25
3651 0.25
3652 0.25
3653 0.25
3654 0.25
3655 0.25
3656 0.25
3657 0.25
3658 0.25
3659 0.25
3660 0.25
3661 0.25
3662 0.25
3663 0.25
3664 0.25
3665 0.25
3666 0.25
3667 0.25
3668 0.25
3669 0.25
3670 0.25
3671 0.25
3672 0.25
3673 0.25
3674 0.25
3675 0.25
3676 0.25
3677 0.25
3678 0.25
3679 0.25
3680 0.25
3681 0.25
3682 0.25
3683 0.25
3684 0.25
3685 0.25
3686 0.25
3687 0.25
3688 0.25
3689 0.25
3690 0.25
3691 0.25
3692 0.25
3693 0.25
3694 0.25
3695 0.25
3696 0.25
3697 0.25
3698 0.25
3699 0.25
3700 0.25
3701 0.25
3702 0.25
3703 0.25
3704 0.25
3705 0.25
3706 0.25
3707 0.25
3708 0.25
3709 0.25
3710 0.25
3711 0.25
3712 0.25
3713 0.25
3714 0.25
3715 0.25
3716 0.25
3717 0.25
3718 0.25
3719 0.25
3720 0.25
3721 0.25
3722 0.25
3723 0.25
3724 0.25
3725 0.25
3726 0.25
3727 0.25
3728 0.25
3729 0.25
3730 0.25
3731 0.25
3732 0.25
3733 0.25
3734 0.25
3735 0.25
3736 0.25
3737 0.25
3738 0.25
3739 0.25
3740 0.25
3741 0.25
3742 0.25
3743 0.25
3744 0.25
3745 0.25
3746 0.25
3747 0.25
3748 0.25
3749 0.25
3750 0.25
3751 0.25
3752 0.25
3753 0.25
3754 0.25
3755 0.25
3756 0.25
3757 0.25
3758 0.25
3759 0.25
3760 0.25
3761 0.25
3762 0.25
3763 0.25
3764 0.25
3765 0.25
3766 0.25
3767 0.25
3768 0.25
3769 0.25
3770 0.25
3771 0.25
3772 0.25
3773 0.25
3774 0.25
3775 0.25
3776 0.25
3777 0.25
3778 0.25
3779 0.25
3780 0.25
3781 0.25
3782 0.25
3783 0.25
3784 0.25
3785 0.25
3786 0.25
3787 0.25
3788 0.25
3789 0.25
3790 0.25
3791 0.25
3792 0.25
3793 0.25
3794 0.25
3795 0.25
3796 0.25
3797 0.25
3798 0.25
3799 0.25
3800 0.25
3801 0.25
3802 0.25
3803 0.25
3804 0.25
3805 0.25
3806 0.25
3807 0.25
3808 0.25
3809 0.25
3810 0.25
3811 0.25
3812 0.25
3813 0.25
3814 0.25
3815 0.25
3816 0.25
3817 0.25
3818 0.25
3819 0.25
3820 0.25
3821 0.25
3822 0.25
3823 0.25
3824 0.25
3825 0.25
3826 0.25
3827 0.25
3828 0.25
3829 0.25
3830 0.25
3831 0.25
3832 0.25
3833 0.25
3834 0.25
3835 0.25
3836 0.25
3837 0.25
3838 0.25
3839 0.25
3840 0.25
3841 0.25
3842 0.25
3843 0.25
3844 0.25
3845 0.25
3846 0.25
3847 0.25
3848 0.25
3849 0.25
3850 0.25
3851 0.25
3852 0.25
3853 0.25
3854 0.25
3855 0.25
3856 0.25
3857 0.25
3858 0.25
3859 0.25
3860 0.25
3861 0.25
3862 0.25
3863 0.25
3864 0.25
3865 0.25
3866 0.25
3867 0.25
3868 0.25
3869 0.25
3870 0.25
3871 0.25
3872 0.25
3873 0.25
3874 0.25
3875 0.25
3876 0.25
3877 0.25
3878 0.25
3879 0.25
3880 0.25
3881 0.25
3882 0.25
3883 0.25
3884 0.25
3885 0.25
3886 0.25
3887 0.25
3888 0.25
3889 0.25
3890 0.25
3891 0.25
3892 0.25
3893 0.25
3894 0.25
3895 0.25
3896 0.25
3897 0.25
3898 0.25
3899 0.25
3900 0.25
3901 0.25
3902 0.25
3903 0.25
3904 0.25
3905 0.25
3906 0.25
3907 0.25
3908 0.25
3909 0.25
3910 0.25
3911 0.25
3912 0.25
3913 0.25
3914 0.25
3915 0.25
3916 0.25
3917 0.25
3918 0.25
3919 0.25
3920 0.25
3921 0.25
3922 0.25
3923 0.25
3924 0.25
3925 0.25
3926 0.25
3927 0.25
3928 0.25
3929 0.25
3930 0.25
3931 0.25
3932 0.25
3933 0.25
3934 0.25
3935 0.25
3936 0.25
3937 0.25
3938 0.25
3939 0.25
3940 0.25
3941 0.25
3942 0.25
3943 0.25
3944 0.25
3945 0.25
3946 0.25
3947 0.25
3948 0.25
3949 0.25
3950 0.25
3951 0.25
3952 0.25
3953 0.25
3954 0.25
3955 0.25
3956 0.25
3957 0.25
3958 0.25
3959 0.25
3960 0.25
3961 0.25
3962 0.25
3963 0.25
3964 0.25
3965 0.25
3966 0.25
3967 0.25
3968 0.25
3969 0.25
3970 0.25
3971 0.25
3972 0.25
3973 0.25
3974 0.25
3975 0.25
3976 0.25
3977 0.25
3978 0.25
3979 0.25
3980 0.25
3981 0.25
3982 0.25
3983 0.25
3984 0.25
3985 0.25
3986 0.25
3987 0.25
3988 0.25
3989 0.25
3990 0.25
3991 0.25
3992 0.25
3993 0.25
3994 0.25
3995 0.25
3996 0.25
3997 0.25
3998 0.25
3999 0.25
4000 0.25
4001 0.25
4002 0.25
4003 0.25
4004 0.25
4005 0.25
4006 0.25
4007 0.25
4008 0.25
4009 0.25
4010 0.25
4011 0.25
4012 0.25
4013 0.25
4014 0.25
4015 0.25
4016 0.25
4017 0.25
4018 0.25
4019 0.25
4020 0.25
4021 0.25
4022 0.25
4023 0.25
4024 0.25
4025 0.25
4026 0.25
4027 0.25
4028 0.25
4029 0.25
4030 0.25
4031 0.25
4032 0.25
4033 0.25
4034 0.25
4035 0.25
4036 0.25
4037 0.25
4038 0.25
4039 0.25
4040 0.25
4041 0.25
4042 0.25
4043 0.25
4044 0.25
4045 0.25
4046 0.25
4047 0.25
4048 0.25
4049 0.25
4050 0.25
4051 0.25
4052 0.25
4053 0.25
4054 0.25
4055 0.25
4056 0.25
4057 0.25
4058 0.25
4059 0.25
4060 0.25
4061 0.25
4062 0.25
4063 0.25
4064 0.25
4065 0.25
4066 0.25
4067 0.25
4068 0.25
4069 0.25
4070 0.25
4071 0.25
4072 0.25
4073 0.25
4074 0.25
4075 0.25
4076 0.25
4077 0.25
4078 0.25
4079 0.25
4080 0.25
4081 0.25
4082 0.25
4083 0.25
4084 0.25
4085 0.25
4086 0.25
4087 0.25
4088 0.25
4089 0.25
4090 0.25
4091 0.25
4092 0.25
4093 0.25
4094 0.25
4095 0.25
