2D cartesian 1.0 1.0 64 64
3488 32 54
415 31 6
3445 53 53
3257 57 50
1448 40 22
1813 21 28
2308 4 36
235 43 3
4040 8 63
1607 7 25
814 46 12
2845 29 44
2657 33 41
3024 16 47
2212 36 34
1274 58 19
3689 41 57
2493 61 38
2220 44 34
9 9 0
2416 48 37
3788 12 59
546 34 8
1935 15 30
869 37 13
920 24 14
2046 62 31
3949 45 61
3761 49 58
1293 13 20
1140 52 17
3520 0 55
3732 20 58
131 3 2
3161 25 49
668 28 10
1778 50 27
991 31 15
4021 53 62
2561 1 40
3833 57 59
1896 40 29
2389 21 37
2244 4 35
2440 8 38
1415 7 22
1518 46 23
2397 29 37
2209 33 34
2448 16 38
2660 36 41
1722 58 26
2217 41 34
790 22 12
4093 61 63
1644 44 25
585 9 9
3212 12 50
226 34 3
3665 17 57
3493 37 54
635 59 9
1368 24 21
446 62 6
3501 45 54
3313 49 51
845 13 13
1588 52 24
896 0 14
2022 38 31
707 3 11
3737 25 58
92 28 1
1202 50 18
501 53 7
2113 1 33
3897 57 60
296 40 4
2965 21 46
2692 4 42
2888 8 45
967 7 15
1966 46 30
3997 29 62
3809 33 59
1872 16 29
2998 54 46
2426 58 37
2793 41 43
470 22 7
3397 5 53
3645 61 56
1068 44 16
3209 9 50
367 47 5
2636 12 41
1698 34 26
3217 17 50
4069 37 63
955 59 14
1816 24 28
638 62 9
3053 45 47
1226 10 19
3377 49 52
397 13 6
320 0 5
1446 38 22
217 25 3
1564 28 24
882 50 13
53 53 0
3713 1 58
744 40 11
3541 21 55
1092 4 17
2202 26 34
263 7 4
2158 46 33
3549 29 55
3873 33 60
1296 16 20
2166 54 33
83 19 1
2874 58 44
2857 41 44
1942 22 30
3973 5 62
3197 61 49
1004 44 15
3785 9 59
175 47 2
2060 12 32
1378 34 21
2769 17 43
3621 37 56
507 59 7
3434 42 53
3134 62 48
2605 45 40
1674 10 26
2929 49 45
4045 13 63
1792 0 28
614 38 9
281 25 4
1279 63 19
1500 28 23
306 50 4
2446 14 38
629 53 9
3265 1 51
3093 21 48
1540 4 24
2906 26 45
2606 46 40
3101 29 48
3425 33 53
720 16 11
3638 54 56
403 19 6
3578 58 55
1385 41 21
1110 22 17
2501 5 39
428 44 6
3849 9 60
751 47 11
3166 30 49
2850 34 44
2833 17 44
120 56 1
2149 37 33
1851 59 28
3882 42 60
3838 62 59
2157 45 33
330 10 5
2481 49 38
3597 13 56
1507 35 23
1216 0 19
38 38 0
857 25 13
1599 63 24
4082 50 63
2638 14 41
1205 53 18
3329 1 52
3669 21 57
452 4 7
3354 26 52
3310 46 51
605 29 9
2355 51 36
144 16 2
3318 54 51
979 19 15
2882 2 45
4026 58 62
1961 41 30
2582 22 40
2053 5 32
2377 9 37
1071 47 16
3614 30 56
2530 34 39
2385 17 37
568 56 8
2725 37 42
1403 59 21
2538 42 39
727 23 11
2238 62 34
1709 45 26
778 10 12
3149 13 49
1827 35 28
3858 18 60
3814 38 59
828 60 12
1433 25 22
127 63 1
3506 50 54
3086 14 48
1781 53 27
833 1 13
1575 39 24
900 4 14
4058 26 63
3758 46 58
157 29 2
2931 51 45
694 54 10
1299 19 20
2306 2 36
3706 58 57
489 41 7
2262 22 35
2629 5 41
2953 9 46
1647 47 25
2270 30 35
4002 34 62
1937 17 30
1016 56 15
2679 55 41
2747 59 42
2986 42 46
23 23 0
3590 6 56
2430 62 37
1261 45 19
3530 10 55
544 32 8
2701 13 42
355 35 5
3538 18 55
3238 38 50
764 60 11
2009 25 31
959 63 14
1803 11 28
3186 50 49
3790 14 59
385 1 6
1127 39 17
410 26 6
3950 46 61
1757 29 27
3251 51 50
886 54 13
1875 19 29
4034 2 63
553 41 8
3734 22 58
1157 5 18
2907 27 45
2479 47 38
2718 30 42
3682 34 57
1489 17 23
1464 56 22
2487 55 38
276 20 4
2299 59 35
2666 42 41
1623 23 25
3270 6 51
2878 62 44
813 45 12
3978 10 62
992 32 15
2253 13 35
675 35 10
2962 18 46
3430 38 53
188 60 2
3755 43 58
3583 63 55
1355 11 21
2610 50 40
142 14 2
1985 1 31
935 39 14
90 26 1
1968 48 30
1309 29 20
3827 51 59
2127 15 33
310 54 4
2195 19 34
3458 2 54
3926 22 61
1733 5 27
2203 27 34
3055 47 47
2910 30 45
3106 34 48
529 17 8
1912 56 29
4087 55 63
212 20 3
3643 59 56
1066 42 16
1431 23 22
2694 6 42
365 45 5
3658 10 57
416 32 6
3487 31 54
3299 35 51
2642 18 41
185 57 2
2854 38 44
1660 60 25
3307 43 51
3903 63 60
651 11 10
2290 50 35
334 14 5
1188 36 18
1025 1 16
487 39 7
538 26 8
1392 48 21
51 51 0
2959 15 46
2038 54 31
2771 19 43
3138 2 49
3350 22 52
261 5 4
3803 27 59
3375 47 52
1310 30 20
2164 52 33
81 17 1
2360 56 36
3383 55 52
660 20 10
3203 3 50
3195 59 49
1770 42 27
3031 23 47
2886 6 45
2058 10 32
1888 32 29
4063 31 63
3619 35 56
2066 18 32
761 57 11
2534 38 39
1084 60 16
2603 43 40
1416 8 22
2431 63 37
203 11 3
782 14 12
1636 36 25
3879 39 60
1021 61 15
1242 26 19
816 48 12
627 51 9
3535 15 55
1462 54 22
3091 19 48
514 2 8
2392 24 37
837 5 13
3099 27 48
3951 47 61
2014 30 31
2612 52 40
2808 56 43
887 55 13
1108 20 17
3779 3 59
3515 59 54
170 42 2
2327 23 36
2310 6 36
2762 10 43
1312 32 20
2335 31 36
2147 35 33
1746 18 27
825 57 12
3368 40 52
3068 60 47
2155 43 33
1864 8 29
4039 7 63
2239 63 34
3595 11 56
737 33 11
1486 14 23
36 36 0
3431 39 53
573 61 8
1690 26 26
240 48 3
1612 12 25
947 51 14
3855 15 60
3667 19 57
194 2 3
2840 24 44
603 27 9
3759 47 58
414 30 6
3572 52 55
3256 56 50
695 55 10
1556 20 24
2051 3 32
874 42 13
3927 23 61
1990 6 31
2588 28 40
2784 32 43
2911 31 45
2467 35 38
1170 18 18
1401 57 21
3816 40 59
469 21 7
2492 60 38
2475 43 38
264 8 4
3335 7 52
2815 63 43
3147 11 49
801 33 12
1934 14 30
996 36 15
3239 39 50
125 61 1
4076 44 63
3760 48 58
1036 12 16
1523 51 23
335 15 5
3987 19 62
1666 2 26
3288 24 51
923 27 14
1905 49 29
606 30 9
4020 52 62
2816 0 44
3704 56 57
247 55 3
2516 20 39
2627 3 41
3735 23 58
1414 6 22
2524 28 39
2208 32 34
2719 31 42
3043 35 47
850 18 13
1977 57 30
2216 40 34
21 21 0
3964 60 61
2027 43 31
712 8 11
2887 7 45
3467 11 54
353 33 5
3792 16 59
3492 36 54
506 58 7
2791 39 43
1725 61 26
3500 44 54
3184 48 49
972 12 15
1843 51 28
143 15 2
1125 37 17
1346 2 21
3736 24 58
475 27 7
1457 49 22
372 52 5
2240 0 35
1591 55 24
2964 20 46
2947 3 46
3287 23 51
582 6 9
3996 28 62
3680 32 57
1247 31 19
2229 53 34
274 18 4
2553 57 39
2664 40 41
597 21 9
3524 4 55
3388 60 52
1323 43 20
3208 8 50
2695 7 42
238 46 3
3019 11 47
1953 33 30
3216 16 50
3940 36 61
954 58 14
2087 39 32
1277 61 19
2924 44 45
1353 9 21
2608 48 40
396 12 6
719 15 11
1701 37 26
88 24 1
1214 62 18
1819 27 28
1009 49 15
820 52 12
3712 0 58
1143 55 17
3412 20 53
1475 3 23
2457 25 38
6 6 0
3420 28 53
3104 32 48
1567 31 24
2805 53 43
2617 57 40
1064 40 16
1173 21 18
3972 4 62
3324 60 51
875 43 13
3656 8 57
2247 7 35
686 46 10
2315 11 36
1505 33 23
2640 16 41
2340 36 36
634 58 9
3561 41 55
2877 61 44
2348 44 36
1929 9 30
3056 48 47
3916 12 61
930 34 14
1039 15 16
229 37 3
536 24 8
1406 62 21
1371 27 21
49 49 0
1677 13 26
756 52 11
3136 0 49
3860 20 60
1795 3 28
3033 25 47
796 28 12
3552 32 55
95 31 1
3381 53 52
3193 57 49
1512 40 23
1749 21 27
2372 4 37
171 43 2
2056 8 32
1543 7 24
878 46 13
2781 29 43
2593 33 40
2064 16 32
2276 36 35
1082 58 16
3625 41 56
662 22 10
2429 61 37
2284 44 35
457 9 7
2480 48 38
3340 12 52
610 34 9
1615 15 25
805 37 12
984 24 15
1854 62 28
3885 45 60
3697 49 57
1229 13 19
1204 52 18
512 0 8
3796 20 59
323 3 5
3097 25 48
732 28 11
1586 50 24
927 31 14
3957 53 61
3009 1 47
3769 57 58
1960 40 30
2325 21 36
2820 4 44
2504 8 39
1095 7 17
1326 46 20
2333 29 36
2145 33 33
2512 16 39
2724 36 42
1786 58 27
2153 41 33
854 22 13
4029 61 62
1708 44 26
521 9 8
3276 12 51
34 34 0
3601 17 56
3429 37 53
571 59 8
1432 24 22
510 62 7
3437 45 53
3249 49 50
781 13 12
1652 52 25
960 0 15
1830 38 28
643 3 10
3673 25 57
156 28 2
1266 50 19
437 53 6
2049 1 32
360 40 5
2901 21 45
2756 4 43
2952 8 46
903 7 14
2030 46 31
3933 29 61
3745 33 58
1936 16 30
3062 54 47
2234 58 34
2729 41 42
278 22 4
3333 5 52
3581 61 55
1132 44 17
3145 9 49
303 47 4
2700 12 42
1762 34 27
3153 17 49
4005 37 62
123 59 1
1880 24 29
958 62 14
2989 45 46
1034 10 16
2801 49 43
333 13 5
384 0 6
1510 38 23
153 25 2
1407 63 21
1628 28 25
690 50 10
1013 53 15
3649 1 57
808 40 12
3477 21 54
1156 4 18
2266 26 35
455 7 7
2478 46 38
3485 29 54
3297 33 51
1360 16 21
2486 54 38
19 19 0
2938 58 45
1257 41 19
2006 22 31
3909 5 61
3133 61 48
556 44 8
3721 9 58
879 47 13
2124 12 33
1186 34 18
2705 17 42
2533 37 39
443 59 6
3242 42 50
3198 62 49
2541 45 39
1738 10 27
2865 49 44
3981 13 62
1123 35 17
1856 0 29
934 38 14
729 25 11
1215 63 18
1052 28 16
370 50 5
2510 14 39
565 53 8
3201 1 50
4053 21 63
1604 4 25
2714 26 42
2670 46 41
989 29 15
3361 33 52
784 16 12
3702 54 57
595 19 9
3386 58 52
1321 41 20
1430 22 22
2437 5 38
492 44 7
2249 9 35
687 47 10
3486 30 54
2914 34 45
2257 17 35
184 56 2
2085 37 32
2043 59 31
3946 42 61
855 23 13
3646 62 56
2093 45 32
138 10 2
2417 49 37
3533 13 55
1443 35 22
1280 0 20
102 38 1
793 25 12
1791 63 27
3890 50 60
2958 14 46
1141 53 17
705 1 11
3605 21 56
4 4 0
3418 26 53
3118 46 48
541 29 8
2547 51 39
208 16 3
3126 54 48
915 19 14
2690 2 42
4090 58 63
1897 41 29
2646 22 41
3013 5 47
2313 9 36
1263 47 19
3678 30 57
2338 34 36
2321 17 36
632 56 9
2661 37 41
1339 59 20
2346 42 36
663 23 10
2302 62 35
1645 45 25
842 10 13
3085 13 48
2019 35 31
3922 18 61
3622 38 56
892 60 13
1369 25 21
63 63 0
3570 50 55
3150 14 49
1717 53 26
769 1 12
1767 39 27
964 4 15
3866 26 60
3822 46 59
93 29 1
2867 51 44
758 54 11
1491 19 23
2370 2 37
425 41 6
2070 22 32
2565 5 40
2889 9 45
1583 47 24
2078 30 32
4066 34 63
1873 17 29
1080 56 16
2615 55 40
2939 59 45
3050 42 47
215 23 3
3654 6 57
2750 62 42
1197 45 18
3338 10 52
608 32 9
2637 13 41
291 35 4
3346 18 52
3302 38 51
316 60 4
1945 25 30
639 63 9
1995 11 31
2994 50 46
3598 14 56
321 1 5
1063 39 16
474 26 7
1584 48 24
1693 29 26
3443 51 53
182 54 2
1811 19 28
3842 2 60
1001 41 15
3798 22 59
1093 5 17
2843 27 44
2159 47 33
2782 30 43
3490 34 54
1425 17 22
1528 56 23
2167 55 33
340 20 5
2235 59 34
1450 42 22
1559 23 24
3078 6 48
2942 62 45
749 45 11
4042 10 63
32 32 0
2189 13 34
867 35 13
3026 18 47
2726 38 42
252 60 3
3947 43 61
3519 63 54
1291 11 20
2674 50 41
206 14 3
1316 36 20
1921 1 30
615 39 9
922 26 14
2032 48 31
1245 29 19
3763 51 58
2063 15 32
374 54 5
2387 19 37
3522 2 55
3222 22 50
1669 5 26
2395 27 37
2991 47 46
1182 30 18
3170 34 49
977 17 15
1976 56 30
4023 55 62
788 20 12
3835 59 59
1130 42 17
1111 23 17
2758 6 43
301 45 4
2442 10 38
480 32 7
3167 31 49
3235 35 50
2450 18 38
121 57 1
2918 38 45
1724 60 26
3243 43 50
1032 8 16
4095 63 63
843 11 13
2098 50 32
654 14 10
1252 36 19
1473 1 23
423 39 6
602 26 9
1456 48 22
243 51 3
2639 15 41
1846 54 28
2707 19 42
898 2 14
3414 22 53
197 5 3
3739 27 58
3567 47 55
1374 30 21
2228 52 34
17 17 0
2424 56 37
3575 55 55
724 20 11
3395 3 53
3131 59 48
1578 42 24
2967 23 46
2182 6 34
2122 10 33
1952 32 30
3999 31 62
3811 35 59
2130 18 33
697 57 10
2342 38 36
1148 60 17
2795 43 43
1480 8 23
2367 63 36
139 11 2
846 14 13
1700 36 26
4071 39 63
957 61 14
1050 26 16
880 48 13
563 51 8
3471 15 54
1526 54 23
3283 19 51
578 2 9
2456 24 38
773 5 12
3291 27 51
3887 47 60
1822 30 28
2676 52 41
2872 56 44
823 55 12
1172 20 18
3715 3 58
234 42 3
2519 23 39
2374 6 37
2570 10 40
1376 32 21
2527 31 39
2083 35 32
1554 18 24
1273 57 19
3432 40 53
2620 60 40
2091 43 32
1928 8 30
3975 7 62
2943 63 45
3787 11 59
673 33 10
1294 14 20
100 36 1
3367 39 52
509 61 7
1754 26 27
304 48 4
1676 12 26
1139 51 17
4047 15 63
3603 19 56
2 2 0
2904 24 45
539 27 8
1777 49 27
478 30 7
3124 52 48
3320 56 51
375 55 5
1620 20 25
2243 3 35
682 42 10
3863 23 60
1798 6 28
2652 28 41
2848 32 44
2847 31 44
2659 35 41
1234 18 19
1337 57 20
3880 40 60
405 21 6
2556 60 39
1643 43 25
328 8 5
3527 7 55
2751 63 42
3083 11 48
225 33 3
1998 14 31
548 36 8
2919 39 45
61 61 0
3628 44 56
3824 48 59
1100 12 17
1459 51 22
271 15 4
1509 37 23
1730 2 27
3352 24 52
91 27 1
1841 49 28
926 30 14
4084 52 63
2880 0 45
3768 56 58
183 55 2
2068 20 32
2563 3 40
3415 23 53
1478 6 23
2076 28 32
2272 32 35
1375 31 21
2979 35 46
658 18 10
1913 57 29
2280 40 35
981 21 15
4028 60 62
1963 43 30
776 8 12
2823 7 44
2635 11 41
289 33 4
3856 16 60
3556 36 55
314 58 4
2727 39 42
1661 61 25
3564 44 55
1225 9 19
3248 48 50
524 12 8
2035 51 31
847 15 13
1061 37 16
1154 2 18
3800 24 59
411 27 6
1393 49 21
436 52 6
2304 0 36
1783 55 27
3028 20 47
1091 3 17
3223 23 50
902 6 14
4060 28 63
3744 32 58
1183 31 18
2165 53 33
338 18 5
2489 57 38
2728 40 42
533 21 8
3076 4 48
3452 60 53
1515 43 23
3272 8 51
2375 7 37
46 46 0
2955 11 46
1889 33 29
3280 16 51
4004 36 62
1018 58 15
2279 39 35
1213 61 18
2988 44 46
1289 9 20
2672 48 41
460 12 7
655 15 10
1637 37 25
152 24 2
1278 62 19
2011 27 31
945 49 14
884 52 13
3776 0 59
1079 55 16
3476 20 54
1411 3 22
2393 25 37
70 6 1
3484 28 54
3168 32 49
1759 31 27
2741 53 42
3065 57 47
1128 40 17
1109 21 17
4036 4 63
811 43 12
3720 8 58
2183 7 34
750 46 11
2507 11 39
1441 33 22
2704 16 42
2404 36 37
1466 58 22
3497 41 54
2813 61 43
2412 44 37
1865 9 29
2096 48 32
3980 12 62
994 34 15
1231 15 19
165 37 2
600 24 9
1726 62 26
1307 27 20
497 49 7
1613 13 25
1332 52 20
3200 0 50
3924 20 61
1987 3 31
2969 25 46
860 28 13
1970 50 30
31 31 0
3317 53 51
3129 57 48
1576 40 24
1685 21 26
2436 4 38
363 43 5
2120 8 33
1735 7 27
1198 46 18
2717 29 42
3041 33 47
2128 16 33
2852 36 44
1146 58 17
4073 41 63
726 22 11
2365 61 36
1836 44 28
393 9 6
2544 48 39
3404 12 53
418 34 6
1551 15 24
741 37 11
1048 24 16
1918 62 29
3821 45 59
3633 49 56
1165 13 18
1268 52 19
576 0 9
1702 38 26
259 3 4
3545 25 55
284 28 4
1650 50 25
607 31 9
3893 53 60
2945 1 46
3705 57 57
2024 40 31
2261 21 35
2884 4 45
2568 8 40
1031 7 16
1390 46 21
2269 29 35
2081 33 32
1552 16 24
2788 36 43
1594 58 24
2089 41 32
150 22 2
3965 61 61
1772 44 27
969 9 15
2828 12 44
98 34 1
4049 17 63
3365 37 52
763 59 11
1496 24 23
318 62 4
3373 45 52
1418 10 22
3185 49 49
717 13 11
1716 52 26
0 0 0
1894 38 29
835 3 13
3609 25 56
220 28 3
1074 50 16
373 53 5
2497 1 39
424 40 6
2837 21 44
1284 4 20
3016 8 47
583 7 9
1838 46 28
3869 29 60
3681 33 57
2000 16 31
2870 54 44
2298 58 35
2665 41 41
342 22 5
3269 5 51
3517 61 54
1196 44 18
3081 9 48
495 47 7
2764 12 43
1570 34 24
3089 17 48
3941 37 61
59 59 0
1944 24 30
1022 62 15
2925 45 45
1098 10 17
2737 49 42
269 13 4
448 0 7
1318 38 20
89 25 1
1343 63 20
1692 28 26
754 50 11
949 53 14
3585 1 56
872 40 13
3413 21 53
1220 4 19
2074 26 32
391 7 6
2542 46 39
3421 29 53
3233 33 50
1424 16 22
2550 54 39
211 19 3
2746 58 42
1193 41 18
1814 22 28
3845 5 60
620 44 9
3657 9 57
815 47 12
2188 12 34
1250 34 19
2641 17 41
2469 37 38
1659 59 25
3306 42 51
3518 62 54
2477 45 38
1546 10 24
2289 49 35
3917 13 61
1059 35 16
1920 0 30
998 38 15
665 25 10
1919 63 29
1116 28 17
178 50 2
2318 14 36
1525 53 23
3137 1 49
3989 21 62
1668 4 26
2778 26 43
2990 46 46
925 29 14
2163 51 33
848 16 13
4022 54 62
531 19 8
3450 58 53
1769 41 27
1494 22 23
2373 5 37
44 44 0
2185 9 34
1391 47 21
3550 30 55
2722 34 42
2193 17 34
248 56 3
3045 37 47
1979 59 30
3754 42 58
791 23 12
3710 62 57
2029 45 31
202 10 3
2353 49 36
3469 13 54
1635 35 25
1344 0 21
422 38 6
1241 25 19
1727 63 26
3954 50 61
3022 14 47
1077 53 16
641 1 10
1895 39 29
68 4 1
3226 26 50
3182 46 49
477 29 7
2483 51 38
272 16 4
3190 54 49
1107 19 17
2754 2 43
3898 58 60
1833 41 28
2966 22 46
2949 5 46
2761 9 43
1199 47 18
3998 30 62
2402 34 37
1745 17 27
696 56 10
2597 37 40
1531 59 23
2410 42 37
343 23 5
2110 62 32
1581 45 24
650 10 10
3021 13 47
1955 35 30
3730 18 58
3686 38 57
956 60 14
1305 25 20
255 63 3
1611 11 25
3378 50 52
3470 14 54
1653 53 25
193 1 3
1703 39 26
516 4 8
3930 26 61
3630 46 56
29 29 0
3059 51 47
566 54 8
1427 19 22
2178 2 34
361 41 5
2134 22 33
1477 5 23
2825 9 44
1775 47 27
2142 30 33
3874 34 60
1809 17 28
1144 56 17
2807 55 43
2875 59 44
2858 42 44
151 23 2
3974 6 62
2814 62 43
1133 45 17
3402 10 53
672 32 10
2573 13 40
483 35 7
3410 18 53
3110 38 48
380 60 5
1881 25 29
575 63 8
1931 11 30
3058 50 47
3662 14 57
257 1 4
1255 39 19
282 26 4
1648 48 25
1629 29 25
3379 51 52
246 54 3
2003 19 31
3906 2 61
937 41 14
3606 22 56
1029 5 16
3035 27 47
2095 47 32
2590 30 40
3554 34 55
1361 17 21
1592 56 24
2103 55 32
404 20 6
2427 59 37
1514 42 23
1751 23 27
3142 6 49
685 45 10
3850 10 60
96 32 1
2125 13 33
803 35 12
2834 18 44
2790 38 43
1852 60 28
3883 43 60
3199 63 49
1483 11 23
2482 50 38
14 14 0
1380 36 21
1857 1 29
551 39 8
986 26 15
1072 48 16
1181 29 18
3955 51 61
2255 15 35
1718 54 26
2323 19 36
3330 2 52
3286 22 51
1605 5 25
2331 27 36
2671 47 41
1246 30 19
2356 52 36
913 17 14
2040 56 31
3703 55 57
852 20 13
3771 59 58
1962 42 30
1047 23 16
2566 6 40
237 45 3
2506 10 39
1568 32 24
3103 31 48
3427 35 53
2514 18 39
57 57 0
2214 38 34
1788 60 27
3435 43 53
1096 8 17
4031 63 62
779 11 12
2162 50 33
718 14 11
1828 36 28
1409 1 22
103 39 1
1434 26 22
1520 48 23
179 51 2
2575 15 40
1910 54 29
2899 19 45
962 2 15
2072 24 32
133 5 2
3931 27 61
3503 47 54
1694 30 26
2292 52 35
465 17 7
2488 56 38
3511 55 54
1300 20 20
3331 3 52
3323 59 51
1642 42 25
2647 23 41
2246 6 35
2954 10 46
2016 32 31
3679 31 57
3747 35 58
1938 18 30
633 57 9
2406 38 37
1212 60 18
2731 43 42
1544 8 24
2559 63 39
331 11 5
1166 14 18
1764 36 27
4007 39 62
893 61 13
1114 26 17
944 48 14
1804 12 28
755 51 11
3151 15 49
1334 54 20
3219 19 50
386 2 6
2520 24 39
709 5 11
3227 27 50
4079 47 63
1886 30 29
2740 52 42
2936 56 45
1015 55 15
1236 20 19
3907 3 61
42 42 0
2455 23 38
1670 6 26
2634 10 41
1440 32 22
2463 31 38
2275 35 35
1618 18 25
1209 57 18
3496 40 54
2684 60 41
2283 43 35
1992 8 31
3655 7 57
2879 63 44
3723 11 58
609 33 9
1358 14 21
164 36 2
3559 39 55
445 61 6
1562 26 24
368 48 5
1740 12 27
1075 51 16
3983 15 62
3795 19 59
66 2 1
2968 24 46
731 27 11
1713 49 26
286 30 4
3188 52 49
3384 56 52
311 55 4
1684 20 26
2179 3 34
746 42 11
4055 23 63
1862 6 29
2716 28 42
2912 32 45
3039 31 47
2595 35 40
1042 18 16
1785 57 27
3944 40 61
341 21 5
2108 60 32
1579 43 24
392 8 6
3463 7 54
3275 11 51
161 33 2
1806 14 28
612 36 9
2855 39 44
2045 61 31
3692 44 57
3888 48 60
1164 12 18
1651 51 25
463 15 7
1445 37 22
1538 2 24
3416 24 53
27 27 0
1265 49 19
990 30 15
3636 52 56
2944 0 46
3832 56 59
1911 55 29
2132 20 33
2755 3 43
3351 23 52
1286 6 20
2140 28 33
2336 32 36
1311 31 20
2549 53 39
722 18 11
1849 57 28
2344 40 36
917 21 14
4092 60 63
1131 43 17
840 8 13
3015 7 47
2571 11 40
1761 33 27
3920 16 61
3108 36 48
378 58 5
2407 39 37
1597 61 24
3116 44 48
1161 9 18
3312 48 51
588 12 9
1971 51 30
783 15 12
2021 37 31
1218 2 19
3864 24 60
1627 27 25
1329 49 20
500 52 7
2368 0 37
1719 55 26
2580 20 40
1027 3 16
2265 25 35
966 6 15
3612 28 56
3808 32 59
1887 31 29
2101 53 32
146 18 2
2425 57 37
2792 40 43
1493 21 23
3140 4 49
3516 60 54
1451 43 22
3336 8 52
2311 7 36
110 46 1
2123 11 33
1825 33 28
3344 16 52
4068 36 63
826 58 12
2215 39 34
1149 61 17
3052 44 47
1737 9 27
2736 48 42
12 12 0
1359 15 21
1573 37 24
216 24 3
1086 62 16
1947 27 30
881 49 13
1997 13 31
948 52 14
3840 0 60
1271 55 19
3540 20 55
1603 3 25
2329 25 36
390 6 6
3548 28 55
3232 32 50
1695 31 26
2677 53 41
3001 57 46
1192 40 18
1045 21 16
3588 4 56
1003 43 15
3784 8 59
1863 7 29
558 46 8
2443 11 38
1377 33 21
2768 16 43
2468 36 38
1530 58 23
3433 41 53
2749 61 42
2476 44 38
1801 9 28
2160 48 33
4044 12 63
802 34 12
1167 15 18
101 37 1
664 24 10
1790 62 27
1499 27 23
433 49 6
1549 13 24
1396 52 21
3264 0 51
3988 20 62
1923 3 30
2905 25 45
924 28 14
2034 50 31
223 31 3
3253 53 50
3577 57 55
1640 40 25
1621 21 25
2500 4 39
299 43 4
2184 8 34
1671 7 26
1262 46 19
2653 29 41
2977 33 46
2192 16 34
2916 36 45
1978 58 30
4009 41 62
534 22 8
2301 61 35
1900 44 29
329 9 5
3468 12 54
482 34 7
1743 15 27
677 37 10
1112 24 17
190 62 2
3757 45 58
4081 49 63
1101 13 17
1844 52 28
640 0 10
1766 38 27
451 3 7
3481 25 54
348 28 5
1458 50 22
543 31 8
3829 53 59
2881 1 45
3641 57 56
40 40 0
2197 21 34
2948 4 46
2632 8 41
1223 7 19
1710 46 26
2205 29 34
2529 33 39
1616 16 25
2742 54 42
1658 58 25
2537 41 39
214 22 3
3901 61 60
1324 44 20
905 9 14
2892 12 45
1954 34 30
3985 17 62
3301 37 51
699 59 10
1560 24 24
382 62 5
3309 45 51
1482 10 23
3121 49 48
653 13 10
1780 52 27
64 0 1
1190 38 18
771 3 12
4057 25 63
1820 28 28
1138 50 17
309 53 4
2433 1 38
488 40 7
2773 21 43
1348 4 21
2458 26 38
519 7 8
1902 46 29
3805 29 59
3617 33 56
1040 16 16
2934 54 45
2106 58 32
2601 41 40
1686 22 26
3205 5 50
3453 61 53
1260 44 19
3529 9 55
431 47 6
2316 12 36
1634 34 25
3537 17 55
3877 37 60
251 59 3
2008 24 31
830 62 12
2861 45 44
1930 10 30
2673 49 41
205 13 3
1536 0 24
1382 38 21
25 25 0
1535 63 23
1756 28 27
562 50 8
2190 14 34
885 53 13
4033 1 63
936 40 14
3349 21 52
1796 4 28
2138 26 33
71 7 1
2350 46 36
3357 29 52
3169 33 49
1488 16 23
2358 54 36
147 19 2
2810 58 43
1129 41 17
1878 22 29
3781 5 59
684 44 10
3593 9 56
1007 47 15
2252 12 35
1058 34 16
2577 17 40
2405 37 37
1595 59 24
3114 42 48
3582 62 55
2413 45 37
1610 10 25
2225 49 34
3853 13 60
1251 35 19
1984 0 31
806 38 12
601 25 9
1855 63 28
1180 28 18
242 50 3
2382 14 37
1461 53 22
3073 1 48
3925 21 61
1732 4 27
2586 26 40
3054 46 47
861 29 13
2099 51 32
912 16 14
4086 54 63
723 19 11
3258 58 50
1705 41 26
1302 22 20
2309 5 36
108 44 1
2121 9 33
1327 47 20
3358 30 52
2786 34 43
2129 17 33
312 56 4
2981 37 46
1147 59 17
3818 42 59
983 23 15
4030 62 62
1965 45 30
10 10 0
3405 13 53
1571 35 24
1408 0 22
486 38 7
1177 25 18
383 63 5
3762 50 58
2830 14 44
2037 53 31
577 1 9
1831 39 28
132 4 2
3290 26 51
3502 46 54
413 29 6
2675 51 41
336 16 5
3510 54 54
1043 19 16
2562 2 40
3962 58 61
233 41 3
3030 22 47
2885 5 45
2697 9 42
1903 47 29
4062 30 63
2210 34 34
1681 17 26
760 56 11
2935 55 45
1467 59 22
2218 42 34
279 23 4
2174 62 33
1517 45 23
714 10 11
2957 13 46
99 35 1
3794 18 59
4006 38 62
1020 60 15
1753 25 27
191 63 2
1547 11 24
3442 50 53
3534 14 55
1589 53 24
129 1 2
1383 39 21
580 4 9
3738 26 58
3694 46 57
2013 29 31
2995 51 46
630 54 9
1619 19 25
2242 2 35
297 41 4
2454 22 38
1413 5 22
2651 27 41
1711 47 26
2462 30 38
3938 34 61
1233 17 19
1208 56 18
2743 55 42
3067 59 47
2922 42 45
1879 23 29
4038 6 63
2622 62 40
1069 45 16
3210 10 50
736 32 11
2509 13 39
419 35 6
3218 18 50
3174 38 49
444 60 6
1817 25 28
767 63 11
1099 11 17
2866 50 44
3982 14 62
1729 1 27
1191 39 18
346 26 5
1712 48 26
1565 29 24
3571 51 55
2383 15 37
54 54 0
1939 19 30
3714 2 58
873 41 13
3670 22 57
1989 5 31
2971 27 46
2287 47 35
2654 30 41
3362 34 52
1297 17 20
1656 56 25
2295 55 35
468 20 7
2363 59 36
1322 42 20
1687 23 26
3462 6 54
621 45 9
3914 10 61
160 32 2
2061 13 32
995 35 15
2898 18 45
2598 38 40
1916 60 29
4075 43 63
3135 63 48
1419 11 22
2546 50 39
78 14 1
1444 36 22
1793 1 28
743 39 11
794 26 12
1136 48 17
1117 29 17
3891 51 60
2191 15 34
1782 54 27
2515 19 39
3394 2 53
3094 22 48
1541 5 24
2523 27 39
2607 47 40
1054 30 16
2420 52 37
849 17 13
2104 56 32
3639 55 56
916 20 14
3963 59 61
2026 42 31
1239 23 19
2630 6 41
173 45 2
2314 10 36
1632 32 25
3295 31 51
3363 35 52
2322 18 36
505 57 7
2278 38 35
1340 60 20
3371 43 52
1160 8 18
3711 63 57
971 11 15
526 14 8
1892 36 29
1345 1 21
39 39 0
1498 26 23
560 48 8
371 51 5
2767 15 43
1206 54 18
2835 19 44
770 2 12
2136 24 33
69 5 1
3867 27 60
3183 47 49
1758 30 27
2868 52 44
401 17 6
2552 56 39
3191 55 49
1364 20 21
3523 3 55
3259 59 50
426 42 6
2583 23 40
2054 6 32
3018 10 47
1056 32 16
3615 31 56
3939 35 61
2002 18 31
569 57 8
3112 40 48
1276 60 19
2923 43 45
1608 8 25
2495 63 38
267 11 4
1230 14 19
292 36 4
3687 39 57
829 61 12
1946 26 30
1008 48 15
1868 12 29
691 51 10
3087 15 48
1398 54 21
3411 19 53
450 2 7
2584 24 40
645 5 10
3419 27 53
4015 47 62
158 30 2
2804 52 43
3000 56 46
951 55 14
1812 20 28
3843 3 60
106 42 1
2135 23 33
1734 6 27
2844 28 44
1504 32 23
2143 31 33
2211 35 34
1426 18 22
1145 57 17
3560 40 55
2748 60 42
2219 43 34
8 8 0
3591 7 56
3071 63 47
3915 11 61
545 33 8
1678 14 26
228 36 3
3495 39 54
381 61 5
1626 26 25
432 48 6
1292 12 20
1267 51 19
3663 15 57
3731 19 58
1922 2 30
3032 24 47
667 27 10
1649 49 25
350 30 5
3252 52 50
2560 0 40
3448 56 53
503 55 7
1748 20 27
2371 3 37
554 42 8
3991 23 62
1158 6 18
2780 28 43
2976 32 46
2975 31 46
2787 35 43
1106 18 17
1721 57 26
4008 40 62
277 21 4
2172 60 33
1771 43 27
456 8 7
3143 7 49
3211 11 50
97 33 1
1870 14 29
676 36 10
3047 39 47
1981 61 30
3756 44 58
3952 48 61
1228 12 19
1587 51 24
399 15 6
1381 37 21
1602 2 25
3480 24 54
219 27 3
1201 49 18
798 30 12
3700 52 57
3008 0 47
3896 56 60
1847 55 28
2196 20 34
2691 3 42
3543 23 55
1350 6 21
2204 28 34
2400 32 37
1503 31 23
2485 53 38
530 18 8
2297 57 35
2408 40 37
853 21 13
3644 60 56
1067 43 16
904 8 14
2951 7 46
2763 11 43
1697 33 26
3984 16 62
3172 36 49
186 58 2
2343 39 36
1533 61 23
3180 44 49
1097 9 17
3376 48 52
652 12 10
975 15 15
1957 37 30
1026 2 16
3928 24 61
1563 27 24
753 49 11
52 52 0
2432 0 38
1399 55 21
2644 20 41
1219 3 19
2201 25 34
774 6 12
3676 28 57
3872 32 60
1823 31 28
3061 53 47
210 18 3
2361 57 36
2856 40 44
1429 21 22
3204 4 50
3580 60 55
619 43 9
3400 8 53
2503 7 39
430 46 6
2059 11 32
1249 33 19
3408 16 53
3620 36 56
890 58 13
3305 41 51
1085 61 16
2604 44 40
1673 9 26
2800 48 43
76 12 1
1295 15 20
485 37 7
280 24 4
1150 62 17
1115 27 17
817 49 12
1933 13 30
1012 52 15
3904 0 61
1207 55 18
3092 20 48
1539 3 24
2777 25 43
454 6 7
3100 28 48
3296 32 51
351 31 5
2613 53 40
2937 57 45
1256 40 19
2005 21 31
3652 4 57
939 43 14
3848 8 60
1799 7 28
622 46 9
3037 29 47
1313 33 20
2832 16 44
2532 36 39
1338 58 20
3369 41 52
2685 61 41
2540 44 39
201 9 3
2224 48 34
3596 12 56
866 34 13
1871 15 29
37 37 0
728 24 11
1598 62 24
1435 27 22
369 49 5
1485 13 23
1460 52 22
3328 0 52
4052 20 63
67 3 1
2841 25 44
988 28 15
1842 50 28
159 31 2
3189 53 49
2753 1 43
3513 57 54
1704 40 26
1557 21 24
2052 4 32
491 43 7
2248 8 35
1351 7 21
1070 46 16
2589 29 40
2913 33 45
2256 16 35
2980 36 46
2042 58 31
3945 41 61
598 22 9
2237 61 34
1964 44 30
265 9 4
3532 12 55
290 34 4
1679 15 26
613 37 9
1176 24 18
254 62 3
3693 45 57
4017 49 62
1037 13 16
1908 52 29
704 0 11
1574 38 24
387 3 6
3417 25 53
412 28 6
1522 50 23
735 31 11
3765 53 58
2817 1 44
4089 57 63
104 40 1
2133 21 33
3012 4 47
2696 8 42
1159 7 18
1774 46 27
2141 29 33
2465 33 38
1680 16 26
2806 54 43
2490 58 38
2473 41 38
22 22 0
3837 61 59
1388 44 21
841 9 13
2956 12 46
2018 34 31
3921 17 61
3237 37 50
891 59 13
1624 24 25
702 62 10
3245 45 50
1290 10 20
3569 49 55
589 13 9
128 0 2
1254 38 19
963 3 15
3993 25 62
1884 28 29
946 50 14
245 53 3
2369 1 37
552 40 8
2709 21 42
1412 4 22
2522 26 39
711 7 11
2222 46 34
3741 29 58
4065 33 63
1104 16 17
2230 54 34
2170 58 33
3049 41 47
1750 22 27
3141 5 49
3389 61 52
812 44 12
3465 9 54
111 47 1
2380 12 37
1442 34 22
3473 17 54
3813 37 59
187 59 2
3498 42 54
894 62 13
2797 45 43
1994 10 31
2609 49 40
141 13 2
1600 0 25
678 38 10
473 25 7
1471 63 22
1308 28 20
626 50 9
2254 14 35
821 53 12
3969 1 62
1000 40 15
3285 21 51
1860 4 29
2970 26 46
7 7 0
2414 46 37
3293 29 51
3105 33 48
528 16 8
2422 54 37
339 19 5
2618 58 40
1065 41 16
1174 22 18
3717 5 58
748 44 11
4041 9 63
943 47 14
3230 30 50
1122 34 17
3025 17 47
2341 37 36
1787 59 27
3178 42 49
3390 62 52
2349 45 36
394 10 6
2161 49 33
3789 13 59
1187 35 18
1024 0 16
870 38 13
537 25 8
2047 63 31
1244 28 19
50 50 0
2702 14 42
1397 53 21
3521 1 55
3861 21 60
260 4 4
2650 26 41
2862 46 44
797 29 12
2291 51 35
976 16 15
3894 54 60
659 19 10
2946 2 46
3322 58 51
1641 41 25
1366 22 21
2245 5 35
172 44 2
2057 9 32
1519 47 23
3422 30 53
2594 34 40
2065 17 32
376 56 5
2917 37 45
1083 59 16
3626 42 56
919 23 14
4094 62 63
1901 45 29
74 10 1
3341 13 52
1763 35 27
1472 0 23
294 38 4
1113 25 17
319 63 4
3826 50 59
2894 14 45
1973 53 30
513 1 8
2023 39 31
196 4 3
3098 26 48
3566 46 55
349 29 5
2611 51 40
400 16 6
3574 54 55
1235 19 19
2626 2 41
3770 58 58
169 41 2
2838 22 44
2821 5 44
2633 9 41
1839 47 28
3870 30 60
2274 34 35
1617 17 25
824 56 12
2871 55 44
2683 59 41
2282 42 35
471 23 7
2494 62 38
1453 45 22
522 10 8
2893 13 45
35 35 0
3602 18 56
4070 38 63
572 60 8
1689 25 26
895 63 13
1739 11 27
3250 50 50
3342 14 52
65 1 1
1319 39 20
644 4 10
3802 26 59
4014 46 62
1949 29 30
3187 51 49
950 54 14
1555 19 24
2050 2 32
745 41 11
2518 22 39
1349 5 21
2587 27 40
2415 47 37
2526 30 39
3746 34 58
1169 17 18
1272 56 19
2423 55 37
3003 59 46
2730 42 42
1815 23 28
3846 6 60
2686 62 41
1005 45 15
3274 10 51
800 32 12
2445 13 38
611 35 9
3282 18 51
3494 38 54
508 60 7
3691 43 57
703 63 10
1035 11 16
2930 50 45
4046 14 63
1665 1 26
871 39 13
154 26 2
1776 48 27
1501 29 23
3507 51 54
2319 15 36
118 54 1
2131 19 33
3778 2 59
809 41 12
3990 22 62
1925 5 30
2139 27 33
2223 47 34
2974 30 46
3426 34 53
721 17 11
1720 56 26
2231 55 34
20 20 0
2555 59 39
1386 42 21
1367 23 21
3526 6 55
557 45 8
3722 10 58
224 32 3
3423 31 53
931 35 14
2706 18 42
2662 38 41
1980 60 30
4011 43 62
3327 63 51
587 11 9
2354 50 36
398 14 6
1508 36 23
1217 1 19
679 39 10
858 26 13
1200 48 18
1053 29 16
4083 51 63
2895 15 45
1590 54 24
2451 19 38
3202 2 50
3158 22 49
453 5 7
2459 27 38
2799 47 43
1118 30 17
2484 52 38
785 17 12
2168 56 33
3831 55 59
980 20 15
3139 3 49
3899 59 60
1834 42 28
1175 23 18
2950 6 46
109 45 1
2378 10 37
1696 32 26
3231 31 50
3555 35 55
2386 18 37
441 57 6
2086 38 32
1404 60 21
3563 43 55
1224 8 19
3647 63 56
907 11 14
590 14 9
1956 36 30
1281 1 20
231 39 3
1306 26 20
624 48 9
307 51 4
2703 15 42
1270 54 19
3027 19 47
834 2 13
2200 24 34
5 5 0
4059 27 63
3119 47 48
1566 30 24
2932 52 45
337 17 5
2616 56 40
3127 55 48
1428 20 22
3459 3 54
3451 59 53
490 42 7
2775 23 43
2118 6 33
2826 10 44
1120 32 17
3807 31 59
3875 35 60
1810 18 28
1017 57 15
3176 40 49
2876 60 44
2859 43 44
1672 8 26
2175 63 33
459 11 7
1038 14 16
356 36 5
3623 39 56
765 61 11
2010 26 31
48 48 0
1932 12 30
883 51 13
3279 15 51
3347 19 52
258 2 4
2648 24 41
581 5 9
3355 27 52
3695 47 57
222 30 3
3380 52 52
3064 56 47
631 55 9
1876 20 29
4035 3 63
938 42 14
2071 23 32
1542 6 24
2908 28 45
2592 32 40
2079 31 32
2403 35 37
1490 18 23
1081 57 16
3624 40 56
2812 60 43
2411 43 37
72 8 1
3783 7 59
3007 63 46
3851 11 60
993 33 15
1742 14 27
804 36 12
3175 39 49
317 61 4
3884 44 60
496 48 7
1356 12 21
1203 51 18
3599 15 56
3923 19 61
1986 2 31
3096 24 48
859 27 13
1585 49 24
670 30 10
3316 52 51
2624 0 41
3512 56 54
439 55 6
2324 20 36
2307 3 36
618 42 9
3671 23 57
1222 6 19
2332 28 36
3040 32 47
2655 31 41
2723 35 42
914 18 14
1657 57 25
4072 40 63
213 21 3
2236 60 34
1707 43 26
520 8 8
3079 7 48
3403 11 53
33 33 0
3600 16 56
740 36 11
2983 39 46
1917 61 29
3820 44 59
4016 48 62
780 12 12
1779 51 27
79 15 1
1317 37 20
1410 2 22
3544 24 55
155 27 2
1137 49 17
862 30 13
3764 52 58
2048 0 32
3960 56 61
2039 55 31
2260 20 35
2883 3 45
3479 23 54
646 6 10
2268 28 35
2464 32 38
1439 31 22
2421 53 37
594 18 9
2233 57 34
2472 40 38
789 21 12
3332 4 52
3708 60 57
1259 43 19
968 8 15
2631 7 41
2699 11 42
1633 33 25
4048 16 63
3236 36 50
250 58 3
2535 39 39
1469 61 22
3244 44 50
1033 9 16
3440 48 53
716 12 11
911 15 14
1893 37 29
1090 2 17
3992 24 62
1755 27 27
689 49 10
116 52 1
2496 0 39
1335 55 20
2708 20 42
1155 3 18
2137 25 33
838 6 13
3740 28 58
3936 32 61
2015 31 31
2997 53 46
18 18 0
2809 57 43
2920 40 45
1365 21 21
3268 4 51
3132 60 48
555 43 8
3464 8 54
2439 7 38
494 46 7
2251 11 35
1185 33 18
3472 16 54
3684 36 57
698 58 10
3241 41 50
3069 61 47
2668 44 41
1609 9 25
2864 48 44
140 12 2
1487 15 23
421 37 6
344 24 5
1470 62 22
1051 27 16
241 49 3
1869 13 29
564 52 8
3968 0 62
3156 20 49
1731 3 27
2713 25 42
262 6 4
3164 28 49
3360 32 52
287 31 4
3573 53 55
2873 57 44
1320 40 20
1941 21 30
3716 4 58
107 43 1
3912 8 61
1991 7 31
942 46 14
2973 29 46
2785 33 43
2896 16 45
2084 36 32
1402 58 21
3817 41 59
2621 61 40
2092 44 32
137 9 2
2288 48 35
3660 12 57
674 34 10
1807 15 28
997 37 15
792 24 12
1662 62 25
4077 45 63
305 49 4
1421 13 22
1524 52 23
3392 0 53
3604 20 56
3 3 0
3289 25 51
540 28 8
1906 50 29
863 31 13
3125 53 48
2689 1 42
3449 57 53
1768 40 27
2517 21 39
2116 4 33
427 43 6
2312 8 36
1287 7 20
1134 46 17
2525 29 39
2849 33 44
2320 16 36
3044 36 47
1850 58 28
3881 41 60
918 22 14
2173 61 33
2028 44 31
713 9 11
3084 12 48
354 34 5
3793 17 59
549 37 8
1240 24 19
62 62 0
3629 45 56
3953 49 61
973 13 15
1972 52 30
768 0 12
1638 38 25
579 3 9
3353 25 52
476 28 7
1330 50 20
671 31 10
3701 53 57
2241 1 35
4025 57 62
168 40 2
2069 21 32
2564 4 40
2760 8 43
839 7 13
1582 46 24
2077 29 32
2401 33 37
1744 16 27
2614 54 40
2554 58 39
2409 41 37
86 22 1
3525 5 55
3773 61 58
1452 44 22
777 9 12
3020 12 47
1826 34 28
3857 17 60
3173 37 49
827 59 12
1688 24 26
766 62 11
3181 45 49
1354 10 21
3505 49 54
525 13 8
192 0 3
1062 38 16
899 3 14
3929 25 61
1948 28 30
1010 50 15
181 53 2
2305 1 36
616 40 9
2645 21 41
1476 4 23
2330 26 36
647 7 10
2286 46 35
3677 29 57
4001 33 62
1168 16 18
2294 54 35
3002 58 46
2985 41 46
1558 22 24
3077 5 48
3325 61 51
876 44 13
3401 9 53
47 47 0
2444 12 38
1506 34 23
3409 17 53
3749 37 58
379 59 5
3562 42 55
3262 62 50
2733 45 42
1802 10 28
3057 49 47
77 13 1
1664 0 26
742 38 11
409 25 6
1151 63 17
1372 28 21
434 50 6
2062 14 32
757 53 11
3905 1 61
3221 21 50
1924 4 30
3034 26 47
199 7 3
2734 46 42
3229 29 50
3553 33 55
592 16 9
3766 54 58
275 19 4
2682 58 41
1513 41 23
1238 22 19
3653 5 57
300 44 4
3977 9 62
623 47 9
3294 30 51
2978 34 46
2961 17 46
2277 37 35
1723 59 26
4010 42 62
3454 62 53
2285 45 35
458 10 7
2097 49 32
3725 13 58
1379 35 21
1088 0 17
166 38 2
985 25 15
1983 63 30
114 50 1
2766 14 43
1333 53 20
3457 1 54
3797 21 59
324 4 5
3482 26 54
2926 46 45
733 29 11
2227 51 34
16 16 0
3958 54 61
851 19 13
3010 2 47
3130 58 48
1577 41 24
2710 22 42
2181 5 34
236 44 3
2505 9 39
1455 47 22
3742 30 58
2658 34 41
2513 17 39
440 56 6
2853 37 44
1275 59 19
3690 42 57
599 23 9
3902 62 60
1837 45 28
906 10 14
3277 13 51
1699 35 26
3986 18 62
358 38 5
1049 25 16
511 63 7
3634 50 56
3214 14 50
1909 53 29
961 1 15
1959 39 30
772 4 12
3162 26 49
3374 46 52
285 29 4
2803 51 43
464 16 7
3382 54 52
1171 19 18
2434 2 38
3834 58 59
105 41 1
2902 22 45
2757 5 43
2569 9 40
2031 47 31
3934 30 61
2082 34 32
1553 17 24
888 56 13
3063 55 47
2619 59 40
2090 42 32
407 23 6
3718 6 58
2558 62 39
1389 45 21
586 10 9
2829 13 44
227 35 3
3666 18 57
3878 38 60
636 60 9
1625 25 25
831 63 12
1675 11 26
3314 50 51
3406 14 53
1 1 0
1511 39 23
708 4 11
3610 26 56
4078 46 63
1885 29 29
3123 51 48
1014 54 15
1747 19 27
2114 2 33
681 41 10
2326 22 36
1285 5 20
2779 27 43
2351 47 36
2334 30 36
3810 34 59
1105 17 17
1336 56 20
2359 55 36
2171 59 33
2794 42 43
2007 23 31
3910 6 61
3006 62 46
941 45 14
3082 10 48
864 32 13
2381 13 37
547 35 8
3090 18 48
3558 38 55
60 60 0
3627 43 56
3455 63 53
1227 11 19
2738 50 42
3854 14 60
1601 1 25
807 39 12
218 26 3
1840 48 28
1437 29 22
3699 51 57
2511 15 39
438 54 6
2067 19 32
3586 2 56
4054 22 63
1861 5 29
2075 27 32
2927 47 45
3038 30 47
3234 34 50
657 17 10
1784 56 27
3959 55 61
84 20 1
2491 59 38
1194 42 18
1303 23 20
3334 6 52
493 45 7
3786 10 59
288 32 4
3359 31 52
3171 35 49
2770 18 43
2982 38 46
2044 60 31
3179 43 49
3263 63 50
523 11 8
2418 50 37
462 14 7
1060 36 16
1153 1 18
359 39 5
666 26 10
1264 48 19
4019 51 62
2831 15 44
1654 54 25
2643 19 41
3266 2 51
3478 22 54
389 5 6
3675 27 57
2735 47 42
1438 30 22
2548 52 39
209 17 3
2232 56 34
3767 55 58
532 20 8
3075 3 48
4091 59 63
1898 42 29
2903 23 45
3014 6 47
45 45 0
2186 10 34
1760 32 27
3935 31 61
3491 35 54
2194 18 34
377 57 5
2150 38 33
1468 60 22
3499 43 54
1288 8 20
3839 63 59
75 11 1
910 14 14
2020 36 31
167 39 2
1370 26 21
688 48 10
499 51 7
3407 15 53
1078 54 16
2963 19 46
642 2 10
2264 24 35
965 5 15
3995 27 62
3311 47 51
1630 30 25
2996 52 46
273 17 4
2680 56 41
3319 55 51
1492 20 23
3651 3 57
3387 59 52
298 42 4
2711 23 42
2438 6 38
2890 10 45
1184 32 18
3743 31 58
4067 35 63
1874 18 29
953 57 14
3240 40 50
2940 60 45
3051 43 47
1736 8 27
3911 7 61
2111 63 32
395 11 6
1102 14 17
420 36 6
3815 39 59
701 61 10
1818 26 28
112 48 1
1996 12 31
819 51 12
3215 15 50
3539 19 55
322 2 5
2712 24 42
517 5 8
3547 27 55
3631 47 56
30 30 0
3444 52 53
3128 56 48
567 55 8
1940 20 30
3971 3 62
1002 42 15
2263 23 35
1606 6 25
2972 28 46
2656 32 41
2271 31 35
2339 35 36
1298 18 20
1529 57 23
3688 40 57
2364 60 36
2347 43 36
136 8 2
3719 7 58
2687 63 41
4043 11 63
929 33 14
1550 14 24
868 36 13
3111 39 48
253 61 3
3948 44 61
3632 48 56
1420 12 22
1395 51 21
3791 15 59
3859 19 60
1794 2 28
3160 24 49
795 27 12
2033 49 31
734 30 11
3892 52 60
2688 0 42
3576 56 55
119 55 1
2388 20 37
2499 3 39
3607 23 56
1030 6 16
2396 28 37
2080 32 32
2591 31 40
2915 35 45
978 18 15
1593 57 24
2088 40 32
149 21 2
2300 60 35
1899 43 29
584 8 9
3271 7 51
3339 11 52
481 33 7
3664 16 57
3364 36 52
2663 39 41
1853 61 28
3372 44 52
4080 48 63
844 12 13
1715 51 26
15 15 0
1253 37 19
1474 2 23
3608 24 56
347 27 5
1073 49 16
3828 52 59
2112 0 33
4024 56 62
1975 55 30
2836 20 44
2819 3 44
3159 23 49
710 6 11
3868 28 60
2528 32 39
1119 31 17
2357 53 36
402 18 6
2169 57 33
2536 40 39
725 21 11
3396 4 53
3772 60 58
1195 43 18
3080 8 48
2567 7 40
2891 11 45
1569 33 24
3088 16 48
3300 36 51
58 58 0
2471 39 38
1405 61 21
3308 44 51
1481 9 23
3504 48 54
268 12 4
591 15 9
1829 37 28
4056 24 63
1691 27 26
625 49 9
180 52 2
3584 0 56
1527 55 23
2772 20 43
1347 3 21
2073 25 32
134 6 2
3804 28 59
4000 32 62
1951 31 30
2933 53 45
82 18 1
2745 57 42
2984 40 46
1301 21 20
3844 4 60
3196 60 49
747 43 11
3528 8 55
2119 7 33
302 46 4
2187 11 34
1121 33 17
3536 16 55
3748 36 58
762 58 11
3177 41 49
3005 61 46
2732 44 42
1545 9 24
2928 48 45
204 12 3
1423 15 22
357 37 5
408 24 6
1534 62 23
1243 27 19
177 49 2
1805 13 28
628 52 9
4032 0 63
3220 20 50
1667 3 26
2649 25 41
326 6 5
3228 28 50
3424 32 53
479 31 7
3509 53 54
3321 57 51
1384 40 21
1877 21 29
3780 4 59
43 43 0
3976 8 62
1927 7 30
1006 46 15
2909 29 45
2721 33 42
2960 16 46
2148 36 33
1210 58 18
3753 41 58
2557 61 39
2156 44 33
73 9 1
2352 48 36
3724 12 58
738 34 11
1999 15 31
933 37 14
856 24 13
1982 62 30
4013 45 62
3825 49 59
1357 13 21
1076 52 16
3456 0 54
3668 20 57
195 3 3
3225 25 50
604 28 9
1714 50 26
799 31 12
4085 53 63
2625 1 41
3385 57 52
1832 40 28
2453 21 38
2180 4 34
2376 8 37
1479 7 23
1454 46 22
2461 29 38
2273 33 35
2384 16 37
2596 36 40
1914 58 29
2281 41 35
982 22 15
2109 61 32
1580 44 24
649 9 10
3148 12 49
162 34 2
3729 17 58
3557 37 55
1304 24 20
126 62 1
3565 45 55
3889 49 60
909 13 14
2036 52 31
832 0 13
1958 38 30
515 3 8
3801 25 59
28 28 0
1394 50 21
3637 53 56
2177 1 34
3961 57 61
232 40 3
3029 21 47
2628 4 41
2824 8 44
775 7 12
1646 46 25
4061 29 63
2337 33 36
1808 16 28
2678 54 41
2362 58 36
2345 41 36
406 22 6
3461 5 54
3709 61 57
1516 44 23
3273 9 51
2572 12 40
1890 34 29
3281 17 51
3109 37 48
1019 59 15
1752 24 27
574 62 8
3117 45 48
1162 10 18
3441 49 53
461 13 7
256 0 4
1126 38 17
3865 25 60
2012 28 31
818 50 12
117 53 1
3777 1 59
680 40 10
2581 21 40
1028 4 16
2394 26 37
327 7 5
2094 46 32
3613 29 56
3937 33 61
1232 16 19
2102 54 32
3066 58 47
2921 41 45
1622 22 25
4037 5 63
3261 61 50
940 44 14
3337 9 52
239 47 3
2508 12 39
1314 34 20
3345 17 52
3685 37 57
315 59 4
3370 42 52
3326 62 51
2669 45 41
1866 10 29
2993 49 46
13 13 0
1728 0 27
550 38 8
345 25 5
1087 63 16
1436 28 22
498 50 7
2126 14 33
693 53 10
3841 1 60
3157 21 49
1988 4 31
2842 26 44
135 7 2
2798 46 43
3165 29 49
3489 33 54
656 16 10
3830 54 59
467 19 7
3514 58 54
1449 41 22
1046 22 16
3589 5 56
364 44 5
3913 9 61
559 47 8
3102 30 48
3042 34 47
2897 17 45
56 56 0
2213 37 34
1915 59 29
4074 42 63
3774 62 58
2221 45 34
266 10 4
2545 49 39
3661 13 57
1315 35 20
1152 0 18
230 38 3
921 25 14
1663 63 25
4018 50 62
2574 14 40
1269 53 19
3393 1 53
3733 21 58
388 4 6
3546 26 55
3246 46 50
669 29 10
2419 51 37
80 16 1
3254 54 50
787 19 12
2818 2 44
3194 58 49
2025 41 31
2774 22 43
2117 5 33
2441 9 38
1135 47 17
3806 30 59
2466 34 38
2449 17 38
504 56 7
2789 37 43
1211 59 18
2474 42 38
535 23 8
3966 62 61
1773 45 27
970 10 15
3213 13 50
1891 35 29
4050 18 63
3750 38 58
1497 25 23
447 63 6
3698 50 57
3278 14 51
1845 53 28
897 1 14
1639 39 25
836 4 13
3994 26 62
3438 46 53
221 29 3
2739 51 42
3446 54 53
1363 19 21
2498 2 39
3642 58 56
41 41 0
2198 22 34
2693 5 42
3017 9 47
1967 47 30
2206 30 34
2146 34 33
2001 17 31
952 56 14
2999 55 46
2811 59 43
2154 42 33
87 23 1
3782 6 59
2366 62 36
1325 45 20
3466 10 54
2765 13 43
163 35 2
3474 18 54
3942 38 61
700 60 10
1561 25 24
1023 63 15
1867 11 29
3122 50 48
3726 14 58
449 1 7
1447 39 22
3674 26 57
3886 46 60
1821 29 28
3315 51 51
822 54 12
1683 19 26
3970 2 62
617 41 9
2390 22 37
1221 5 19
2715 27 42
2543 47 39
2398 30 37
3618 34 56
1041 17 16
1400 56 21
2551 55 39
2107 59 32
2602 42 40
1943 23 30
3206 6 50
3070 62 47
877 45 13
3146 10 49
928 32 14
2317 13 36
739 35 11
3154 18 49
3366 38 52
124 60 1
3819 43 59
3391 63 52
1163 11 18
2802 50 43
3918 14 61
1537 1 24
999 39 15
26 26 0
1904 48 29
1373 29 21
3635 51 56
2447 15 38
502 54 7
2259 19 35
3650 2 57
3862 22 60
1797 5 28
2267 27 35
2863 47 44
2846 30 44
3298 34 51
593 17 9
1848 56 28
3895 55 60
148 20 2
3707 59 57
1258 42 19
1495 23 23
3398 6 53
429 45 6
3594 10 56
352 32 5
3551 31 55
3107 35 48
2578 18 40
249 57 3
3046 38 47
1596 60 24
3115 43 48
3967 63 61
715 11 11
2226 50 34
270 14 4
1124 36 17
1089 1 17
295 39 4
730 26 11
1328 48 20
115 51 1
3023 15 47
1974 54 30
2579 19 40
3074 2 48
3542 22 55
325 5 5
3611 27 56
3439 47 53
1502 30 23
2100 52 32
145 17 2
2296 56 35
3447 55 53
596 20 9
3267 3 51
4027 59 62
1706 42 26
2839 23 44
2822 6 44
2250 10 35
1824 32 28
3871 31 60
3683 35 57
2258 18 35
313 57 4
2470 38 38
1532 60 23
2667 43 41
1352 8 21
3775 63 58
11 11 0
974 14 15
1572 36 24
3943 39 61
1178 26 18
752 48 11
435 51 6
3343 15 52
1142 54 17
3155 19 49
706 2 11
2328 24 36
901 5 14
3163 27 49
3247 47 50
1950 30 30
3060 52 47
2744 56 42
3255 55 50
1044 20 16
3587 3 56
3579 59 55
362 42 5
2391 23 37
2502 6 39
2698 10 42
1248 32 19
2399 31 37
4003 35 62
1682 18 26
889 57 13
3304 40 51
3004 60 46
2987 43 46
1800 8 28
3847 7 60
2303 63 35
3659 11 57
1422 14 22
484 36 7
3751 39 58
637 61 9
1882 26 29
176 48 2
1548 12 24
1011 51 15
3919 15 61
3475 19 54
130 2 2
2776 24 43
3483 27 54
3823 47 59
94 30 1
3508 52 54
3192 56 49
759 55 11
2004 20 31
2115 3 33
810 42 12
2199 23 34
1926 6 30
3036 28 47
2720 32 42
2207 31 34
2531 35 39
1362 18 21
1465 57 22
3752 40 58
2428 60 37
2539 43 39
200 8 3
3399 7 53
2623 63 40
3979 11 62
865 33 13
1614 14 25
932 36 14
3303 39 51
189 61 2
4012 44 62
3696 48 57
1484 12 23
1331 51 20
3727 15 58
4051 19 63
1858 2 29
3224 24 50
987 27 15
1969 49 30
542 30 8
3956 52 61
2752 0 43
3640 56 56
55 55 0
2452 20 38
2435 3 38
3799 23 59
1094 6 17
2460 28 38
2144 32 33
2783 31 43
2851 35 44
786 18 12
2041 57 31
2152 40 33
85 21 1
3900 60 60
1835 43 28
648 8 10
3207 7 50
3531 11 55
417 33 6
3728 16 58
3428 36 53
442 58 6
2599 39 40
1789 61 27
3436 44 53
3120 48 48
908 12 14
1907 51 29
207 15 3
1189 37 18
1282 2 20
3672 24 57
283 27 4
1521 49 23
308 52 4
2176 0 34
4088 56 63
1655 55 25
2900 20 45
3011 3 47
3095 23 48
518 6 8
3932 28 61
3616 32 56
1055 31 16
2293 53 35
466 18 7
2105 57 32
2600 40 40
661 21 10
3460 4 54
3836 60 59
1387 43 21
3144 8 49
2759 7 43
174 46 2
2827 11 44
2017 33 31
3152 16 49
3876 36 60
122 58 1
2151 39 33
1341 61 20
2860 44 44
1417 9 22
3568 48 55
332 12 5
527 15 8
1765 37 27
24 24 0
1883 27 29
561 49 8
244 52 3
3648 0 57
1463 55 22
3348 20 52
1283 3 20
2521 25 39
198 6 3
3356 28 52
4064 32 63
1631 31 25
2869 53 44
2681 57 41
3048 40 47
1237 21 19
3908 4 61
3260 60 50
683 43 10
3592 8 56
2055 7 32
366 46 5
2379 11 37
1057 33 16
2576 16 40
3812 36 59
570 58 8
3113 41 48
2941 61 45
2796 44 43
1993 9 31
2992 48 46
3852 12 60
1103 15 17
293 37 4
472 24 7
1342 62 20
1179 27 18
113 49 1
1741 13 27
692 52 10
3072 0 48
3284 20 51
1859 3 29
2585 25 40
3292 28 51
