0 1
64 1
128 1
192 1
256 1
320 1
384 1
448 1
512 1
576 1
640 1
704 1
768 1
832 1
896 1
960 1
1024 1
1088 1
1152 1
1216 1
1280 1
1344 1
1408 1
1472 1
1536 1
1600 1
1664 1
1728 1
1792 1
1856 1
1920 1
1984 1
2048 1
2112 1
2176 1
2240 1
2304 1
2368 1
2432 1
2496 1
2560 1
2624 1
2688 1
2752 1
2816 1
2880 1
2944 1
3008 1
3072 1
3136 1
3200 1
3264 1
3328 1
3392 1
3456 1
3520 1
3584 1
3648 1
3712 1
3776 1
3840 1
3904 1
3968 1
4032 1
1 1
65 1
129 1
193 1
257 1
321 1
385 1
449 1
513 1
577 1
641 1
705 1
769 1
833 1
897 1
961 1
1025 1
1089 1
1153 1
1217 1
1281 1
1345 1
1409 1
1473 1
1537 1
1601 1
1665 1
1729 1
1793 1
1857 1
1921 1
1985 1
2049 1
2113 1
2177 1
2241 1
2305 1
2369 1
2433 1
2497 1
2561 1
2625 1
2689 1
2753 1
2817 1
2881 1
2945 1
3009 1
3073 1
3137 1
3201 1
3265 1
3329 1
3393 1
3457 1
3521 1
3585 1
3649 1
3713 1
3777 1
3841 1
3905 1
3969 1
4033 1
2 1
66 1
130 1
194 1
258 1
322 1
386 1
450 1
514 1
578 1
642 1
706 1
770 1
834 1
898 1
962 1
1026 1
1090 1
1154 1
1218 1
1282 1
1346 1
1410 1
1474 1
1538 1
1602 1
1666 1
1730 1
1794 1
1858 1
1922 1
1986 1
2050 1
2114 1
2178 1
2242 1
2306 1
2370 1
2434 1
2498 1
2562 1
2626 1
2690 1
2754 1
2818 1
2882 1
2946 1
3010 1
3074 1
3138 1
3202 1
3266 1
3330 1
3394 1
3458 1
3522 1
3586 1
3650 1
3714 1
3778 1
3842 1
3906 1
3970 1
4034 1
3 1
67 1
131 1
195 1
259 1
323 1
387 1
451 1
515 1
579 1
643 1
707 1
771 1
835 1
899 1
963 1
1027 1
1091 1
1155 1
1219 1
1283 1
1347 1
1411 1
1475 1
1539 1
1603 1
1667 1
1731 1
1795 1
1859 1
1923 1
1987 1
2051 1
2115 1
2179 1
2243 1
2307 1
2371 1
2435 1
2499 1
2563 1
2627 1
2691 1
2755 1
2819 1
2883 1
2947 1
3011 1
3075 1
3139 1
3203 1
3267 1
3331 1
3395 1
3459 1
3523 1
3587 1
3651 1
3715 1
3779 1
3843 1
3907 1
3971 1
4035 1
4 1
68 1
132 1
196 1
260 1
324 1
388 1
452 1
516 1
580 1
644 1
708 1
772 1
836 1
900 1
964 1
1028 1
1092 1
1156 1
1220 1
1284 1
1348 1
1412 1
1476 1
1540 1
1604 1
1668 1
1732 1
1796 1
1860 1
1924 1
1988 1
2052 1
2116 1
2180 1
2244 1
2308 1
2372 1
2436 1
2500 1
2564 1
2628 1
2692 1
2756 1
2820 1
2884 1
2948 1
3012 1
3076 1
3140 1
3204 1
3268 1
3332 1
3396 1
3460 1
3524 1
3588 1
3652 1
3716 1
3780 1
3844 1
3908 1
3972 1
4036 1
5 1
69 1
133 1
197 1
261 1
325 1
389 1
453 1
517 1
581 1
645 1
709 1
773 1
837 1
901 1
965 1
1029 1
1093 1
1157 1
1221 1
1285 1
1349 1
1413 1
1477 1
1541 1
1605 1
1669 1
1733 1
1797 1
1861 1
1925 1
1989 1
2053 1
2117 1
2181 1
2245 1
2309 1
2373 1
2437 1
2501 1
2565 1
2629 1
2693 1
2757 1
2821 1
2885 1
2949 1
3013 1
3077 1
3141 1
3205 1
3269 1
3333 1
3397 1
3461 1
3525 1
3589 1
3653 1
3717 1
3781 1
3845 1
3909 1
3973 1
4037 1
6 1
70 1
134 1
198 1
262 1
326 1
390 1
454 1
518 1
582 1
646 1
710 1
774 1
838 1
902 1
966 1
1030 1
1094 1
1158 1
1222 1
1286 1
1350 1
1414 1
1478 1
1542 1
1606 1
1670 1
1734 1
1798 1
1862 1
1926 1
1990 1
2054 1
2118 1
2182 1
2246 1
2310 1
2374 1
2438 1
2502 1
2566 1
2630 1
2694 1
2758 1
2822 1
2886 1
2950 1
3014 1
3078 1
3142 1
3206 1
3270 1
3334 1
3398 1
3462 1
3526 1
3590 1
3654 1
3718 1
3782 1
3846 1
3910 1
3974 1
4038 1
7 1
71 1
135 1
199 1
263 1
327 1
391 1
455 1
519 1
583 1
647 1
711 1
775 1
839 1
903 1
967 1
1031 1
1095 1
1159 1
1223 1
1287 1
1351 1
1415 1
1479 1
1543 1
1607 1
1671 1
1735 1
1799 1
1863 1
1927 1
1991 1
2055 1
2119 1
2183 1
2247 1
2311 1
2375 1
2439 1
2503 1
2567 1
2631 1
2695 1
2759 1
2823 1
2887 1
2951 1
3015 1
3079 1
3143 1
3207 1
3271 1
3335 1
3399 1
3463 1
3527 1
3591 1
3655 1
3719 1
3783 1
3847 1
3911 1
3975 1
4039 1
8 1
72 1
136 1
200 1
264 1
328 1
392 1
456 1
520 1
584 1
648 1
712 1
776 1
840 1
904 1
968 1
1032 1
1096 1
1160 1
1224 1
1288 1
1352 1
1416 1
1480 1
1544 1
1608 1
1672 1
1736 1
1800 1
1864 1
1928 1
1992 1
2056 1
2120 1
2184 1
2248 1
2312 1
2376 1
2440 1
2504 1
2568 1
2632 1
2696 1
2760 1
2824 1
2888 1
2952 1
3016 1
3080 1
3144 1
3208 1
3272 1
3336 1
3400 1
3464 1
3528 1
3592 1
3656 1
3720 1
3784 1
3848 1
3912 1
3976 1
4040 1
9 1
73 1
137 1
201 1
265 1
329 1
393 1
457 1
521 1
585 1
649 1
713 1
777 1
841 1
905 1
969 1
1033 1
1097 1
1161 1
1225 1
1289 1
1353 1
1417 1
1481 1
1545 1
1609 1
1673 1
1737 1
1801 1
1865 1
1929 1
1993 1
2057 1
2121 1
2185 1
2249 1
2313 1
2377 1
2441 1
2505 1
2569 1
2633 1
2697 1
2761 1
2825 1
2889 1
2953 1
3017 1
3081 1
3145 1
3209 1
3273 1
3337 1
3401 1
3465 1
3529 1
3593 1
3657 1
3721 1
3785 1
3849 1
3913 1
3977 1
4041 1
10 1
74 1
138 1
202 1
266 1
330 1
394 1
458 1
522 1
586 1
650 1
714 1
778 1
842 1
906 1
970 1
1034 1
1098 1
1162 1
1226 1
1290 1
1354 1
1418 1
1482 1
1546 1
1610 1
1674 1
1738 1
1802 1
1866 1
1930 1
1994 1
2058 1
2122 1
2186 1
2250 1
2314 1
2378 1
2442 1
2506 1
2570 1
2634 1
2698 1
2762 1
2826 1
2890 1
2954 1
3018 1
3082 1
3146 1
3210 1
3274 1
3338 1
3402 1
3466 1
3530 1
3594 1
3658 1
3722 1
3786 1
3850 1
3914 1
3978 1
4042 1
11 1
75 1
139 1
203 1
267 1
331 1
395 1
459 1
523 1
587 1
651 1
715 1
779 1
843 1
907 1
971 1
1035 1
1099 1
1163 1
1227 1
1291 1
1355 1
1419 1
1483 1
1547 1
1611 1
1675 1
1739 1
1803 1
1867 1
1931 1
1995 1
2059 1
2123 1
2187 1
2251 1
2315 1
2379 1
2443 1
2507 1
2571 1
2635 1
2699 1
2763 1
2827 1
2891 1
2955 1
3019 1
3083 1
3147 1
3211 1
3275 1
3339 1
3403 1
3467 1
3531 1
3595 1
3659 1
3723 1
3787 1
3851 1
3915 1
3979 1
4043 1
12 0.9999999999999993
76 0.9999999999999993
140 0.9999999999999993
204 0.9999999999999993
268 0.9999999999999993
332 0.9999999999999993
396 0.9999999999999993
460 0.9999999999999993
524 0.9999999999999993
588 0.9999999999999993
652 0.9999999999999993
716 0.9999999999999993
780 0.9999999999999993
844 0.9999999999999993
908 0.9999999999999993
972 0.9999999999999993
1036 0.9999999999999993
1100 0.9999999999999993
1164 0.9999999999999993
1228 0.9999999999999993
1292 0.9999999999999993
1356 0.9999999999999993
1420 0.9999999999999993
1484 0.9999999999999993
1548 0.9999999999999993
1612 0.9999999999999993
1676 0.9999999999999993
1740 0.9999999999999993
1804 0.9999999999999993
1868 0.9999999999999993
1932 0.9999999999999993
1996 0.9999999999999993
2060 0.9999999999999993
2124 0.9999999999999993
2188 0.9999999999999993
2252 0.9999999999999993
2316 0.9999999999999993
2380 0.9999999999999993
2444 0.9999999999999993
2508 0.9999999999999993
2572 0.9999999999999993
2636 0.9999999999999993
2700 0.9999999999999993
2764 0.9999999999999993
2828 0.9999999999999993
2892 0.9999999999999993
2956 0.9999999999999993
3020 0.9999999999999993
3084 0.9999999999999993
3148 0.9999999999999993
3212 0.9999999999999993
3276 0.9999999999999993
3340 0.9999999999999993
3404 0.9999999999999993
3468 0.9999999999999993
3532 0.9999999999999993
3596 0.9999999999999993
3660 0.9999999999999993
3724 0.9999999999999993
3788 0.9999999999999993
3852 0.9999999999999993
3916 0.9999999999999993
3980 0.9999999999999993
4044 0.9999999999999993
13 0.9999999999999808
77 0.9999999999999808
141 0.9999999999999808
205 0.9999999999999808
269 0.9999999999999808
333 0.9999999999999808
397 0.9999999999999808
461 0.9999999999999808
525 0.9999999999999808
589 0.9999999999999808
653 0.9999999999999808
717 0.9999999999999808
781 0.9999999999999808
845 0.9999999999999808
909 0.9999999999999808
973 0.9999999999999808
1037 0.9999999999999808
1101 0.9999999999999808
1165 0.9999999999999808
1229 0.9999999999999808
1293 0.9999999999999808
1357 0.9999999999999808
1421 0.9999999999999808
1485 0.9999999999999808
1549 0.9999999999999808
1613 0.9999999999999808
1677 0.9999999999999808
1741 0.9999999999999808
1805 0.9999999999999808
1869 0.9999999999999808
1933 0.9999999999999808
1997 0.9999999999999808
2061 0.9999999999999808
2125 0.9999999999999808
2189 0.9999999999999808
2253 0.9999999999999808
2317 0.9999999999999808
2381 0.9999999999999808
2445 0.9999999999999808
2509 0.9999999999999808
2573 0.9999999999999808
2637 0.9999999999999808
2701 0.9999999999999808
2765 0.9999999999999808
2829 0.9999999999999808
2893 0.9999999999999808
2957 0.9999999999999808
3021 0.9999999999999808
3085 0.9999999999999808
3149 0.9999999999999808
3213 0.9999999999999808
3277 0.9999999999999808
3341 0.9999999999999808
3405 0.9999999999999808
3469 0.9999999999999808
3533 0.9999999999999808
3597 0.9999999999999808
3661 0.9999999999999808
3725 0.9999999999999808
3789 0.9999999999999808
3853 0.9999999999999808
3917 0.9999999999999808
3981 0.9999999999999808
4045 0.9999999999999808
14 0.9999999999998818
78 0.9999999999998818
142 0.9999999999998818
206 0.9999999999998818
270 0.9999999999998818
334 0.9999999999998818
398 0.9999999999998818
462 0.9999999999998818
526 0.9999999999998818
590 0.9999999999998818
654 0.9999999999998818
718 0.9999999999998818
782 0.9999999999998818
846 0.9999999999998818
910 0.9999999999998818
974 0.9999999999998818
1038 0.9999999999998818
1102 0.9999999999998818
1166 0.9999999999998818
1230 0.9999999999998818
1294 0.9999999999998818
1358 0.9999999999998818
1422 0.9999999999998818
1486 0.9999999999998818
1550 0.9999999999998818
1614 0.9999999999998818
1678 0.9999999999998818
1742 0.9999999999998818
1806 0.9999999999998818
1870 0.9999999999998818
1934 0.9999999999998818
1998 0.9999999999998818
2062 0.9999999999998818
2126 0.9999999999998818
2190 0.9999999999998818
2254 0.9999999999998818
2318 0.9999999999998818
2382 0.9999999999998818
2446 0.9999999999998818
2510 0.9999999999998818
2574 0.9999999999998818
2638 0.9999999999998818
2702 0.9999999999998818
2766 0.9999999999998818
2830 0.9999999999998818
2894 0.9999999999998818
2958 0.9999999999998818
3022 0.9999999999998818
3086 0.9999999999998818
3150 0.9999999999998818
3214 0.9999999999998818
3278 0.9999999999998818
3342 0.9999999999998818
3406 0.9999999999998818
3470 0.9999999999998818
3534 0.9999999999998818
3598 0.9999999999998818
3662 0.9999999999998818
3726 0.9999999999998818
3790 0.9999999999998818
3854 0.9999999999998818
3918 0.9999999999998818
3982 0.9999999999998818
4046 0.9999999999998818
15 0.9999999999972276
79 0.9999999999972276
143 0.9999999999972276
207 0.9999999999972276
271 0.9999999999972276
335 0.9999999999972276
399 0.9999999999972276
463 0.9999999999972276
527 0.9999999999972276
591 0.9999999999972276
655 0.9999999999972276
719 0.9999999999972276
783 0.9999999999972276
847 0.9999999999972276
911 0.9999999999972276
975 0.9999999999972276
1039 0.9999999999972276
1103 0.9999999999972276
1167 0.9999999999972276
1231 0.9999999999972276
1295 0.9999999999972276
1359 0.9999999999972276
1423 0.9999999999972276
1487 0.9999999999972276
1551 0.9999999999972276
1615 0.9999999999972276
1679 0.9999999999972276
1743 0.9999999999972276
1807 0.9999999999972276
1871 0.9999999999972276
1935 0.9999999999972276
1999 0.9999999999972276
2063 0.9999999999972276
2127 0.9999999999972276
2191 0.9999999999972276
2255 0.9999999999972276
2319 0.9999999999972276
2383 0.9999999999972276
2447 0.9999999999972276
2511 0.9999999999972276
2575 0.9999999999972276
2639 0.9999999999972276
2703 0.9999999999972276
2767 0.9999999999972276
2831 0.9999999999972276
2895 0.9999999999972276
2959 0.9999999999972276
3023 0.9999999999972276
3087 0.9999999999972276
3151 0.9999999999972276
3215 0.9999999999972276
3279 0.9999999999972276
3343 0.9999999999972276
3407 0.9999999999972276
3471 0.9999999999972276
3535 0.9999999999972276
3599 0.9999999999972276
3663 0.9999999999972276
3727 0.9999999999972276
3791 0.9999999999972276
3855 0.9999999999972276
3919 0.9999999999972276
3983 0.9999999999972276
4047 0.9999999999972276
16 0.9999999999839441
80 0.9999999999839441
144 0.9999999999839441
208 0.9999999999839441
272 0.9999999999839441
336 0.9999999999839441
400 0.9999999999839441
464 0.9999999999839441
528 0.9999999999839441
592 0.9999999999839441
656 0.9999999999839441
720 0.9999999999839441
784 0.9999999999839441
848 0.9999999999839441
912 0.9999999999839441
976 0.9999999999839441
1040 0.9999999999839441
1104 0.9999999999839441
1168 0.9999999999839441
1232 0.9999999999839441
1296 0.9999999999839441
1360 0.9999999999839441
1424 0.9999999999839441
1488 0.9999999999839441
1552 0.9999999999839441
1616 0.9999999999839441
1680 0.9999999999839441
1744 0.9999999999839441
1808 0.9999999999839441
1872 0.9999999999839441
1936 0.9999999999839441
2000 0.9999999999839441
2064 0.9999999999839441
2128 0.9999999999839441
2192 0.9999999999839441
2256 0.9999999999839441
2320 0.9999999999839441
2384 0.9999999999839441
2448 0.9999999999839441
2512 0.9999999999839441
2576 0.9999999999839441
2640 0.9999999999839441
2704 0.9999999999839441
2768 0.9999999999839441
2832 0.9999999999839441
2896 0.9999999999839441
2960 0.9999999999839441
3024 0.9999999999839441
3088 0.9999999999839441
3152 0.9999999999839441
3216 0.9999999999839441
3280 0.9999999999839441
3344 0.9999999999839441
3408 0.9999999999839441
3472 0.9999999999839441
3536 0.9999999999839441
3600 0.9999999999839441
3664 0.9999999999839441
3728 0.9999999999839441
3792 0.9999999999839441
3856 0.9999999999839441
3920 0.9999999999839441
3984 0.9999999999839441
4048 0.9999999999839441
17 0.9999999996998591
81 0.9999999996998591
145 0.9999999996998591
209 0.9999999996998591
273 0.9999999996998591
337 0.9999999996998591
401 0.9999999996998591
465 0.9999999996998591
529 0.9999999996998591
593 0.9999999996998591
657 0.9999999996998591
721 0.9999999996998591
785 0.9999999996998591
849 0.9999999996998591
913 0.9999999996998591
977 0.9999999996998591
1041 0.9999999996998591
1105 0.9999999996998591
1169 0.9999999996998591
1233 0.9999999996998591
1297 0.9999999996998591
1361 0.9999999996998591
1425 0.9999999996998591
1489 0.9999999996998591
1553 0.9999999996998591
1617 0.9999999996998591
1681 0.9999999996998591
1745 0.9999999996998591
1809 0.9999999996998591
1873 0.9999999996998591
1937 0.9999999996998591
2001 0.9999999996998591
2065 0.9999999996998591
2129 0.9999999996998591
2193 0.9999999996998591
2257 0.9999999996998591
2321 0.9999999996998591
2385 0.9999999996998591
2449 0.9999999996998591
2513 0.9999999996998591
2577 0.9999999996998591
2641 0.9999999996998591
2705 0.9999999996998591
2769 0.9999999996998591
2833 0.9999999996998591
2897 0.9999999996998591
2961 0.9999999996998591
3025 0.9999999996998591
3089 0.9999999996998591
3153 0.9999999996998591
3217 0.9999999996998591
3281 0.9999999996998591
3345 0.9999999996998591
3409 0.9999999996998591
3473 0.9999999996998591
3537 0.9999999996998591
3601 0.9999999996998591
3665 0.9999999996998591
3729 0.9999999996998591
3793 0.9999999996998591
3857 0.9999999996998591
3921 0.9999999996998591
3985 0.9999999996998591
4049 0.9999999996998591
18 0.9999999983733864
82 0.9999999983733864
146 0.9999999983733864
210 0.9999999983733864
274 0.9999999983733864
338 0.9999999983733864
402 0.9999999983733864
466 0.9999999983733864
530 0.9999999983733864
594 0.9999999983733864
658 0.9999999983733864
722 0.9999999983733864
786 0.9999999983733864
850 0.9999999983733864
914 0.9999999983733864
978 0.9999999983733864
1042 0.9999999983733864
1106 0.9999999983733864
1170 0.9999999983733864
1234 0.9999999983733864
1298 0.9999999983733864
1362 0.9999999983733864
1426 0.9999999983733864
1490 0.9999999983733864
1554 0.9999999983733864
1618 0.9999999983733864
1682 0.9999999983733864
1746 0.9999999983733864
1810 0.9999999983733864
1874 0.9999999983733864
1938 0.9999999983733864
2002 0.9999999983733864
2066 0.9999999983733864
2130 0.9999999983733864
2194 0.9999999983733864
2258 0.9999999983733864
2322 0.9999999983733864
2386 0.9999999983733864
2450 0.9999999983733864
2514 0.9999999983733864
2578 0.9999999983733864
2642 0.9999999983733864
2706 0.9999999983733864
2770 0.9999999983733864
2834 0.9999999983733864
2898 0.9999999983733864
2962 0.9999999983733864
3026 0.9999999983733864
3090 0.9999999983733864
3154 0.9999999983733864
3218 0.9999999983733864
3282 0.9999999983733864
3346 0.9999999983733864
3410 0.9999999983733864
3474 0.9999999983733864
3538 0.9999999983733864
3602 0.9999999983733864
3666 0.9999999983733864
3730 0.9999999983733864
3794 0.9999999983733864
3858 0.9999999983733864
3922 0.9999999983733864
3986 0.9999999983733864
4050 0.9999999983733864
19 0.9999999759507927
83 0.9999999759507927
147 0.9999999759507927
211 0.9999999759507927
275 0.9999999759507927
339 0.9999999759507927
403 0.9999999759507927
467 0.9999999759507927
531 0.9999999759507927
595 0.9999999759507927
659 0.9999999759507927
723 0.9999999759507927
787 0.9999999759507927
851 0.9999999759507927
915 0.9999999759507927
979 0.9999999759507927
1043 0.9999999759507927
1107 0.9999999759507927
1171 0.9999999759507927
1235 0.9999999759507927
1299 0.9999999759507927
1363 0.9999999759507927
1427 0.9999999759507927
1491 0.9999999759507927
1555 0.9999999759507927
1619 0.9999999759507927
1683 0.9999999759507927
1747 0.9999999759507927
1811 0.9999999759507927
1875 0.9999999759507927
1939 0.9999999759507927
2003 0.9999999759507927
2067 0.9999999759507927
2131 0.9999999759507927
2195 0.9999999759507927
2259 0.9999999759507927
2323 0.9999999759507927
2387 0.9999999759507927
2451 0.9999999759507927
2515 0.9999999759507927
2579 0.9999999759507927
2643 0.9999999759507927
2707 0.9999999759507927
2771 0.9999999759507927
2835 0.9999999759507927
2899 0.9999999759507927
2963 0.9999999759507927
3027 0.9999999759507927
3091 0.9999999759507927
3155 0.9999999759507927
3219 0.9999999759507927
3283 0.9999999759507927
3347 0.9999999759507927
3411 0.9999999759507927
3475 0.9999999759507927
3539 0.9999999759507927
3603 0.9999999759507927
3667 0.9999999759507927
3731 0.9999999759507927
3795 0.9999999759507927
3859 0.9999999759507927
3923 0.9999999759507927
3987 0.9999999759507927
4051 0.9999999759507927
20 0.9999998797187651
84 0.9999998797187651
148 0.9999998797187651
212 0.9999998797187651
276 0.9999998797187651
340 0.9999998797187651
404 0.9999998797187651
468 0.9999998797187651
532 0.9999998797187651
596 0.9999998797187651
660 0.9999998797187651
724 0.9999998797187651
788 0.9999998797187651
852 0.9999998797187651
916 0.9999998797187651
980 0.9999998797187651
1044 0.9999998797187651
1108 0.9999998797187651
1172 0.9999998797187651
1236 0.9999998797187651
1300 0.9999998797187651
1364 0.9999998797187651
1428 0.9999998797187651
1492 0.9999998797187651
1556 0.9999998797187651
1620 0.9999998797187651
1684 0.9999998797187651
1748 0.9999998797187651
1812 0.9999998797187651
1876 0.9999998797187651
1940 0.9999998797187651
2004 0.9999998797187651
2068 0.9999998797187651
2132 0.9999998797187651
2196 0.9999998797187651
2260 0.9999998797187651
2324 0.9999998797187651
2388 0.9999998797187651
2452 0.9999998797187651
2516 0.9999998797187651
2580 0.9999998797187651
2644 0.9999998797187651
2708 0.9999998797187651
2772 0.9999998797187651
2836 0.9999998797187651
2900 0.9999998797187651
2964 0.9999998797187651
3028 0.9999998797187651
3092 0.9999998797187651
3156 0.9999998797187651
3220 0.9999998797187651
3284 0.9999998797187651
3348 0.9999998797187651
3412 0.9999998797187651
3476 0.9999998797187651
3540 0.9999998797187651
3604 0.9999998797187651
3668 0.9999998797187651
3732 0.9999998797187651
3796 0.9999998797187651
3860 0.9999998797187651
3924 0.9999998797187651
3988 0.9999998797187651
4052 0.9999998797187651
21 0.9999986147227812
85 0.9999986147227812
149 0.9999986147227812
213 0.9999986147227812
277 0.9999986147227812
341 0.9999986147227812
405 0.9999986147227812
469 0.9999986147227812
533 0.9999986147227812
597 0.9999986147227812
661 0.9999986147227812
725 0.9999986147227812
789 0.9999986147227812
853 0.9999986147227812
917 0.9999986147227812
981 0.9999986147227812
1045 0.9999986147227812
1109 0.9999986147227812
1173 0.9999986147227812
1237 0.9999986147227812
1301 0.9999986147227812
1365 0.9999986147227812
1429 0.9999986147227812
1493 0.9999986147227812
1557 0.9999986147227812
1621 0.9999986147227812
1685 0.9999986147227812
1749 0.9999986147227812
1813 0.9999986147227812
1877 0.9999986147227812
1941 0.9999986147227812
2005 0.9999986147227812
2069 0.9999986147227812
2133 0.9999986147227812
2197 0.9999986147227812
2261 0.9999986147227812
2325 0.9999986147227812
2389 0.9999986147227812
2453 0.9999986147227812
2517 0.9999986147227812
2581 0.9999986147227812
2645 0.9999986147227812
2709 0.9999986147227812
2773 0.9999986147227812
2837 0.9999986147227812
2901 0.9999986147227812
2965 0.9999986147227812
3029 0.9999986147227812
3093 0.9999986147227812
3157 0.9999986147227812
3221 0.9999986147227812
3285 0.9999986147227812
3349 0.9999986147227812
3413 0.9999986147227812
3477 0.9999986147227812
3541 0.9999986147227812
3605 0.9999986147227812
3669 0.9999986147227812
3733 0.9999986147227812
3797 0.9999986147227812
3861 0.9999986147227812
3925 0.9999986147227812
3989 0.9999986147227812
4053 0.9999986147227812
22 0.9999937264678428
86 0.9999937264678428
150 0.9999937264678428
214 0.9999937264678428
278 0.9999937264678428
342 0.9999937264678428
406 0.9999937264678428
470 0.9999937264678428
534 0.9999937264678428
598 0.9999937264678428
662 0.9999937264678428
726 0.9999937264678428
790 0.9999937264678428
854 0.9999937264678428
918 0.9999937264678428
982 0.9999937264678428
1046 0.9999937264678428
1110 0.9999937264678428
1174 0.9999937264678428
1238 0.9999937264678428
1302 0.9999937264678428
1366 0.9999937264678428
1430 0.9999937264678428
1494 0.9999937264678428
1558 0.9999937264678428
1622 0.9999937264678428
1686 0.9999937264678428
1750 0.9999937264678428
1814 0.9999937264678428
1878 0.9999937264678428
1942 0.9999937264678428
2006 0.9999937264678428
2070 0.9999937264678428
2134 0.9999937264678428
2198 0.9999937264678428
2262 0.9999937264678428
2326 0.9999937264678428
2390 0.9999937264678428
2454 0.9999937264678428
2518 0.9999937264678428
2582 0.9999937264678428
2646 0.9999937264678428
2710 0.9999937264678428
2774 0.9999937264678428
2838 0.9999937264678428
2902 0.9999937264678428
2966 0.9999937264678428
3030 0.9999937264678428
3094 0.9999937264678428
3158 0.9999937264678428
3222 0.9999937264678428
3286 0.9999937264678428
3350 0.9999937264678428
3414 0.9999937264678428
3478 0.9999937264678428
3542 0.9999937264678428
3606 0.9999937264678428
3670 0.9999937264678428
3734 0.9999937264678428
3798 0.9999937264678428
3862 0.9999937264678428
3926 0.9999937264678428
3990 0.9999937264678428
4054 0.9999937264678428
23 0.9999451142833545
87 0.9999451142833545
151 0.9999451142833545
215 0.9999451142833545
279 0.9999451142833545
343 0.9999451142833545
407 0.9999451142833545
471 0.9999451142833545
535 0.9999451142833545
599 0.9999451142833545
663 0.9999451142833545
727 0.9999451142833545
791 0.9999451142833545
855 0.9999451142833545
919 0.9999451142833545
983 0.9999451142833545
1047 0.9999451142833545
1111 0.9999451142833545
1175 0.9999451142833545
1239 0.9999451142833545
1303 0.9999451142833545
1367 0.9999451142833545
1431 0.9999451142833545
1495 0.9999451142833545
1559 0.9999451142833545
1623 0.9999451142833545
1687 0.9999451142833545
1751 0.9999451142833545
1815 0.9999451142833545
1879 0.9999451142833545
1943 0.9999451142833545
2007 0.9999451142833545
2071 0.9999451142833545
2135 0.9999451142833545
2199 0.9999451142833545
2263 0.9999451142833545
2327 0.9999451142833545
2391 0.9999451142833545
2455 0.9999451142833545
2519 0.9999451142833545
2583 0.9999451142833545
2647 0.9999451142833545
2711 0.9999451142833545
2775 0.9999451142833545
2839 0.9999451142833545
2903 0.9999451142833545
2967 0.9999451142833545
3031 0.9999451142833545
3095 0.9999451142833545
3159 0.9999451142833545
3223 0.9999451142833545
3287 0.9999451142833545
3351 0.9999451142833545
3415 0.9999451142833545
3479 0.9999451142833545
3543 0.9999451142833545
3607 0.9999451142833545
3671 0.9999451142833545
3735 0.9999451142833545
3799 0.9999451142833545
3863 0.9999451142833545
3927 0.9999451142833545
3991 0.9999451142833545
4055 0.9999451142833545
24 0.9997810197591217
88 0.9997810197591217
152 0.9997810197591217
216 0.9997810197591217
280 0.9997810197591217
344 0.9997810197591217
408 0.9997810197591217
472 0.9997810197591217
536 0.9997810197591217
600 0.9997810197591217
664 0.9997810197591217
728 0.9997810197591217
792 0.9997810197591217
856 0.9997810197591217
920 0.9997810197591217
984 0.9997810197591217
1048 0.9997810197591217
1112 0.9997810197591217
1176 0.9997810197591217
1240 0.9997810197591217
1304 0.9997810197591217
1368 0.9997810197591217
1432 0.9997810197591217
1496 0.9997810197591217
1560 0.9997810197591217
1624 0.9997810197591217
1688 0.9997810197591217
1752 0.9997810197591217
1816 0.9997810197591217
1880 0.9997810197591217
1944 0.9997810197591217
2008 0.9997810197591217
2072 0.9997810197591217
2136 0.9997810197591217
2200 0.9997810197591217
2264 0.9997810197591217
2328 0.9997810197591217
2392 0.9997810197591217
2456 0.9997810197591217
2520 0.9997810197591217
2584 0.9997810197591217
2648 0.9997810197591217
2712 0.9997810197591217
2776 0.9997810197591217
2840 0.9997810197591217
2904 0.9997810197591217
2968 0.9997810197591217
3032 0.9997810197591217
3096 0.9997810197591217
3160 0.9997810197591217
3224 0.9997810197591217
3288 0.9997810197591217
3352 0.9997810197591217
3416 0.9997810197591217
3480 0.9997810197591217
3544 0.9997810197591217
3608 0.9997810197591217
3672 0.9997810197591217
3736 0.9997810197591217
3800 0.9997810197591217
3864 0.9997810197591217
3928 0.9997810197591217
3992 0.9997810197591217
4056 0.9997810197591217
25 0.9986042416613166
89 0.9986042416613166
153 0.9986042416613166
217 0.9986042416613166
281 0.9986042416613166
345 0.9986042416613166
409 0.9986042416613166
473 0.9986042416613166
537 0.9986042416613166
601 0.9986042416613166
665 0.9986042416613166
729 0.9986042416613166
793 0.9986042416613166
857 0.9986042416613166
921 0.9986042416613166
985 0.9986042416613166
1049 0.9986042416613166
1113 0.9986042416613166
1177 0.9986042416613166
1241 0.9986042416613166
1305 0.9986042416613166
1369 0.9986042416613166
1433 0.9986042416613166
1497 0.9986042416613166
1561 0.9986042416613166
1625 0.9986042416613166
1689 0.9986042416613166
1753 0.9986042416613166
1817 0.9986042416613166
1881 0.9986042416613166
1945 0.9986042416613166
2009 0.9986042416613166
2073 0.9986042416613166
2137 0.9986042416613166
2201 0.9986042416613166
2265 0.9986042416613166
2329 0.9986042416613166
2393 0.9986042416613166
2457 0.9986042416613166
2521 0.9986042416613166
2585 0.9986042416613166
2649 0.9986042416613166
2713 0.9986042416613166
2777 0.9986042416613166
2841 0.9986042416613166
2905 0.9986042416613166
2969 0.9986042416613166
3033 0.9986042416613166
3097 0.9986042416613166
3161 0.9986042416613166
3225 0.9986042416613166
3289 0.9986042416613166
3353 0.9986042416613166
3417 0.9986042416613166
3481 0.9986042416613166
3545 0.9986042416613166
3609 0.9986042416613166
3673 0.9986042416613166
3737 0.9986042416613166
3801 0.9986042416613166
3865 0.9986042416613166
3929 0.9986042416613166
3993 0.9986042416613166
4057 0.9986042416613166
26 0.9953019024439509
90 0.9953019024439509
154 0.9953019024439509
218 0.9953019024439509
282 0.9953019024439509
346 0.9953019024439509
410 0.9953019024439509
474 0.9953019024439509
538 0.9953019024439509
602 0.9953019024439509
666 0.9953019024439509
730 0.9953019024439509
794 0.9953019024439509
858 0.9953019024439509
922 0.9953019024439509
986 0.9953019024439509
1050 0.9953019024439509
1114 0.9953019024439509
1178 0.9953019024439509
1242 0.9953019024439509
1306 0.9953019024439509
1370 0.9953019024439509
1434 0.9953019024439509
1498 0.9953019024439509
1562 0.9953019024439509
1626 0.9953019024439509
1690 0.9953019024439509
1754 0.9953019024439509
1818 0.9953019024439509
1882 0.9953019024439509
1946 0.9953019024439509
2010 0.9953019024439509
2074 0.9953019024439509
2138 0.9953019024439509
2202 0.9953019024439509
2266 0.9953019024439509
2330 0.9953019024439509
2394 0.9953019024439509
2458 0.9953019024439509
2522 0.9953019024439509
2586 0.9953019024439509
2650 0.9953019024439509
2714 0.9953019024439509
2778 0.9953019024439509
2842 0.9953019024439509
2906 0.9953019024439509
2970 0.9953019024439509
3034 0.9953019024439509
3098 0.9953019024439509
3162 0.9953019024439509
3226 0.9953019024439509
3290 0.9953019024439509
3354 0.9953019024439509
3418 0.9953019024439509
3482 0.9953019024439509
3546 0.9953019024439509
3610 0.9953019024439509
3674 0.9953019024439509
3738 0.9953019024439509
3802 0.9953019024439509
3866 0.9953019024439509
3930 0.9953019024439509
3994 0.9953019024439509
4058 0.9953019024439509
27 0.9797131123120799
91 0.9797131123120799
155 0.9797131123120799
219 0.9797131123120799
283 0.9797131123120799
347 0.9797131123120799
411 0.9797131123120799
475 0.9797131123120799
539 0.9797131123120799
603 0.9797131123120799
667 0.9797131123120799
731 0.9797131123120799
795 0.9797131123120799
859 0.9797131123120799
923 0.9797131123120799
987 0.9797131123120799
1051 0.9797131123120799
1115 0.9797131123120799
1179 0.9797131123120799
1243 0.9797131123120799
1307 0.9797131123120799
1371 0.9797131123120799
1435 0.9797131123120799
1499 0.9797131123120799
1563 0.9797131123120799
1627 0.9797131123120799
1691 0.9797131123120799
1755 0.9797131123120799
1819 0.9797131123120799
1883 0.9797131123120799
1947 0.9797131123120799
2011 0.9797131123120799
2075 0.9797131123120799
2139 0.9797131123120799
2203 0.9797131123120799
2267 0.9797131123120799
2331 0.9797131123120799
2395 0.9797131123120799
2459 0.9797131123120799
2523 0.9797131123120799
2587 0.9797131123120799
2651 0.9797131123120799
2715 0.9797131123120799
2779 0.9797131123120799
2843 0.9797131123120799
2907 0.9797131123120799
2971 0.9797131123120799
3035 0.9797131123120799
3099 0.9797131123120799
3163 0.9797131123120799
3227 0.9797131123120799
3291 0.9797131123120799
3355 0.9797131123120799
3419 0.9797131123120799
3483 0.9797131123120799
3547 0.9797131123120799
3611 0.9797131123120799
3675 0.9797131123120799
3739 0.9797131123120799
3803 0.9797131123120799
3867 0.9797131123120799
3931 0.9797131123120799
3995 0.9797131123120799
4059 0.9797131123120799
28 0.9467224941210611
92 0.9467224941210611
156 0.9467224941210611
220 0.9467224941210611
284 0.9467224941210611
348 0.9467224941210611
412 0.9467224941210611
476 0.9467224941210611
540 0.9467224941210611
604 0.9467224941210611
668 0.9467224941210611
732 0.9467224941210611
796 0.9467224941210611
860 0.9467224941210611
924 0.9467224941210611
988 0.9467224941210611
1052 0.9467224941210611
1116 0.9467224941210611
1180 0.9467224941210611
1244 0.9467224941210611
1308 0.9467224941210611
1372 0.9467224941210611
1436 0.9467224941210611
1500 0.9467224941210611
1564 0.9467224941210611
1628 0.9467224941210611
1692 0.9467224941210611
1756 0.9467224941210611
1820 0.9467224941210611
1884 0.9467224941210611
1948 0.9467224941210611
2012 0.9467224941210611
2076 0.9467224941210611
2140 0.9467224941210611
2204 0.9467224941210611
2268 0.9467224941210611
2332 0.9467224941210611
2396 0.9467224941210611
2460 0.9467224941210611
2524 0.9467224941210611
2588 0.9467224941210611
2652 0.9467224941210611
2716 0.9467224941210611
2780 0.9467224941210611
2844 0.9467224941210611
2908 0.9467224941210611
2972 0.9467224941210611
3036 0.9467224941210611
3100 0.9467224941210611
3164 0.9467224941210611
3228 0.9467224941210611
3292 0.9467224941210611
3356 0.9467224941210611
3420 0.9467224941210611
3484 0.9467224941210611
3548 0.9467224941210611
3612 0.9467224941210611
3676 0.9467224941210611
3740 0.9467224941210611
3804 0.9467224941210611
3868 0.9467224941210611
3932 0.9467224941210611
3996 0.9467224941210611
4060 0.9467224941210611
29 0.8616726211560135
93 0.8616726211560135
157 0.8616726211560135
221 0.8616726211560135
285 0.8616726211560135
349 0.8616726211560135
413 0.8616726211560135
477 0.8616726211560135
541 0.8616726211560135
605 0.8616726211560135
669 0.8616726211560135
733 0.8616726211560135
797 0.8616726211560135
861 0.8616726211560135
925 0.8616726211560135
989 0.8616726211560135
1053 0.8616726211560135
1117 0.8616726211560135
1181 0.8616726211560135
1245 0.8616726211560135
1309 0.8616726211560135
1373 0.8616726211560135
1437 0.8616726211560135
1501 0.8616726211560135
1565 0.8616726211560135
1629 0.8616726211560135
1693 0.8616726211560135
1757 0.8616726211560135
1821 0.8616726211560135
1885 0.8616726211560135
1949 0.8616726211560135
2013 0.8616726211560135
2077 0.8616726211560135
2141 0.8616726211560135
2205 0.8616726211560135
2269 0.8616726211560135
2333 0.8616726211560135
2397 0.8616726211560135
2461 0.8616726211560135
2525 0.8616726211560135
2589 0.8616726211560135
2653 0.8616726211560135
2717 0.8616726211560135
2781 0.8616726211560135
2845 0.8616726211560135
2909 0.8616726211560135
2973 0.8616726211560135
3037 0.8616726211560135
3101 0.8616726211560135
3165 0.8616726211560135
3229 0.8616726211560135
3293 0.8616726211560135
3357 0.8616726211560135
3421 0.8616726211560135
3485 0.8616726211560135
3549 0.8616726211560135
3613 0.8616726211560135
3677 0.8616726211560135
3741 0.8616726211560135
3805 0.8616726211560135
3869 0.8616726211560135
3933 0.8616726211560135
3997 0.8616726211560135
4061 0.8616726211560135
30 0.7496963608605326
94 0.7496963608605326
158 0.7496963608605326
222 0.7496963608605326
286 0.7496963608605326
350 0.7496963608605326
414 0.7496963608605326
478 0.7496963608605326
542 0.7496963608605326
606 0.7496963608605326
670 0.7496963608605326
734 0.7496963608605326
798 0.7496963608605326
862 0.7496963608605326
926 0.7496963608605326
990 0.7496963608605326
1054 0.7496963608605326
1118 0.7496963608605326
1182 0.7496963608605326
1246 0.7496963608605326
1310 0.7496963608605326
1374 0.7496963608605326
1438 0.7496963608605326
1502 0.7496963608605326
1566 0.7496963608605326
1630 0.7496963608605326
1694 0.7496963608605326
1758 0.7496963608605326
1822 0.7496963608605326
1886 0.7496963608605326
1950 0.7496963608605326
2014 0.7496963608605326
2078 0.7496963608605326
2142 0.7496963608605326
2206 0.7496963608605326
2270 0.7496963608605326
2334 0.7496963608605326
2398 0.7496963608605326
2462 0.7496963608605326
2526 0.7496963608605326
2590 0.7496963608605326
2654 0.7496963608605326
2718 0.7496963608605326
2782 0.7496963608605326
2846 0.7496963608605326
2910 0.7496963608605326
2974 0.7496963608605326
3038 0.7496963608605326
3102 0.7496963608605326
3166 0.7496963608605326
3230 0.7496963608605326
3294 0.7496963608605326
3358 0.7496963608605326
3422 0.7496963608605326
3486 0.7496963608605326
3550 0.7496963608605326
3614 0.7496963608605326
3678 0.7496963608605326
3742 0.7496963608605326
3806 0.7496963608605326
3870 0.7496963608605326
3934 0.7496963608605326
3998 0.7496963608605326
4062 0.7496963608605326
31 0.627286766994433
95 0.627286766994433
159 0.627286766994433
223 0.627286766994433
287 0.627286766994433
351 0.627286766994433
415 0.627286766994433
479 0.627286766994433
543 0.627286766994433
607 0.627286766994433
671 0.627286766994433
735 0.627286766994433
799 0.627286766994433
863 0.627286766994433
927 0.627286766994433
991 0.627286766994433
1055 0.627286766994433
1119 0.627286766994433
1183 0.627286766994433
1247 0.627286766994433
1311 0.627286766994433
1375 0.627286766994433
1439 0.627286766994433
1503 0.627286766994433
1567 0.627286766994433
1631 0.627286766994433
1695 0.627286766994433
1759 0.627286766994433
1823 0.627286766994433
1887 0.627286766994433
1951 0.627286766994433
2015 0.627286766994433
2079 0.627286766994433
2143 0.627286766994433
2207 0.627286766994433
2271 0.627286766994433
2335 0.627286766994433
2399 0.627286766994433
2463 0.627286766994433
2527 0.627286766994433
2591 0.627286766994433
2655 0.627286766994433
2719 0.627286766994433
2783 0.627286766994433
2847 0.627286766994433
2911 0.627286766994433
2975 0.627286766994433
3039 0.627286766994433
3103 0.627286766994433
3167 0.627286766994433
3231 0.627286766994433
3295 0.627286766994433
3359 0.627286766994433
3423 0.627286766994433
3487 0.627286766994433
3551 0.627286766994433
3615 0.627286766994433
3679 0.627286766994433
3743 0.627286766994433
3807 0.627286766994433
3871 0.627286766994433
3935 0.627286766994433
3999 0.627286766994433
4063 0.627286766994433
32 0.5246830102780374
96 0.5246830102780374
160 0.5246830102780374
224 0.5246830102780374
288 0.5246830102780374
352 0.5246830102780374
416 0.5246830102780374
480 0.5246830102780374
544 0.5246830102780374
608 0.5246830102780374
672 0.5246830102780374
736 0.5246830102780374
800 0.5246830102780374
864 0.5246830102780374
928 0.5246830102780374
992 0.5246830102780374
1056 0.5246830102780374
1120 0.5246830102780374
1184 0.5246830102780374
1248 0.5246830102780374
1312 0.5246830102780374
1376 0.5246830102780374
1440 0.5246830102780374
1504 0.5246830102780374
1568 0.5246830102780374
1632 0.5246830102780374
1696 0.5246830102780374
1760 0.5246830102780374
1824 0.5246830102780374
1888 0.5246830102780374
1952 0.5246830102780374
2016 0.5246830102780374
2080 0.5246830102780374
2144 0.5246830102780374
2208 0.5246830102780374
2272 0.5246830102780374
2336 0.5246830102780374
2400 0.5246830102780374
2464 0.5246830102780374
2528 0.5246830102780374
2592 0.5246830102780374
2656 0.5246830102780374
2720 0.5246830102780374
2784 0.5246830102780374
2848 0.5246830102780374
2912 0.5246830102780374
2976 0.5246830102780374
3040 0.5246830102780374
3104 0.5246830102780374
3168 0.5246830102780374
3232 0.5246830102780374
3296 0.5246830102780374
3360 0.5246830102780374
3424 0.5246830102780374
3488 0.5246830102780374
3552 0.5246830102780374
3616 0.5246830102780374
3680 0.5246830102780374
3744 0.5246830102780374
3808 0.5246830102780374
3872 0.5246830102780374
3936 0.5246830102780374
4000 0.5246830102780374
4064 0.5246830102780374
33 0.4490763042925107
97 0.4490763042925107
161 0.4490763042925107
225 0.4490763042925107
289 0.4490763042925107
353 0.4490763042925107
417 0.4490763042925107
481 0.4490763042925107
545 0.4490763042925107
609 0.4490763042925107
673 0.4490763042925107
737 0.4490763042925107
801 0.4490763042925107
865 0.4490763042925107
929 0.4490763042925107
993 0.4490763042925107
1057 0.4490763042925107
1121 0.4490763042925107
1185 0.4490763042925107
1249 0.4490763042925107
1313 0.4490763042925107
1377 0.4490763042925107
1441 0.4490763042925107
1505 0.4490763042925107
1569 0.4490763042925107
1633 0.4490763042925107
1697 0.4490763042925107
1761 0.4490763042925107
1825 0.4490763042925107
1889 0.4490763042925107
1953 0.4490763042925107
2017 0.4490763042925107
2081 0.4490763042925107
2145 0.4490763042925107
2209 0.4490763042925107
2273 0.4490763042925107
2337 0.4490763042925107
2401 0.4490763042925107
2465 0.4490763042925107
2529 0.4490763042925107
2593 0.4490763042925107
2657 0.4490763042925107
2721 0.4490763042925107
2785 0.4490763042925107
2849 0.4490763042925107
2913 0.4490763042925107
2977 0.4490763042925107
3041 0.4490763042925107
3105 0.4490763042925107
3169 0.4490763042925107
3233 0.4490763042925107
3297 0.4490763042925107
3361 0.4490763042925107
3425 0.4490763042925107
3489 0.4490763042925107
3553 0.4490763042925107
3617 0.4490763042925107
3681 0.4490763042925107
3745 0.4490763042925107
3809 0.4490763042925107
3873 0.4490763042925107
3937 0.4490763042925107
4001 0.4490763042925107
4065 0.4490763042925107
34 0.4073489447213635
98 0.4073489447213635
162 0.4073489447213635
226 0.4073489447213635
290 0.4073489447213635
354 0.4073489447213635
418 0.4073489447213635
482 0.4073489447213635
546 0.4073489447213635
610 0.4073489447213635
674 0.4073489447213635
738 0.4073489447213635
802 0.4073489447213635
866 0.4073489447213635
930 0.4073489447213635
994 0.4073489447213635
1058 0.4073489447213635
1122 0.4073489447213635
1186 0.4073489447213635
1250 0.4073489447213635
1314 0.4073489447213635
1378 0.4073489447213635
1442 0.4073489447213635
1506 0.4073489447213635
1570 0.4073489447213635
1634 0.4073489447213635
1698 0.4073489447213635
1762 0.4073489447213635
1826 0.4073489447213635
1890 0.4073489447213635
1954 0.4073489447213635
2018 0.4073489447213635
2082 0.4073489447213635
2146 0.4073489447213635
2210 0.4073489447213635
2274 0.4073489447213635
2338 0.4073489447213635
2402 0.4073489447213635
2466 0.4073489447213635
2530 0.4073489447213635
2594 0.4073489447213635
2658 0.4073489447213635
2722 0.4073489447213635
2786 0.4073489447213635
2850 0.4073489447213635
2914 0.4073489447213635
2978 0.4073489447213635
3042 0.4073489447213635
3106 0.4073489447213635
3170 0.4073489447213635
3234 0.4073489447213635
3298 0.4073489447213635
3362 0.4073489447213635
3426 0.4073489447213635
3490 0.4073489447213635
3554 0.4073489447213635
3618 0.4073489447213635
3682 0.4073489447213635
3746 0.4073489447213635
3810 0.4073489447213635
3874 0.4073489447213635
3938 0.4073489447213635
4002 0.4073489447213635
4066 0.4073489447213635
35 0.3966741753499606
99 0.3966741753499606
163 0.3966741753499606
227 0.3966741753499606
291 0.3966741753499606
355 0.3966741753499606
419 0.3966741753499606
483 0.3966741753499606
547 0.3966741753499606
611 0.3966741753499606
675 0.3966741753499606
739 0.3966741753499606
803 0.3966741753499606
867 0.3966741753499606
931 0.3966741753499606
995 0.3966741753499606
1059 0.3966741753499606
1123 0.3966741753499606
1187 0.3966741753499606
1251 0.3966741753499606
1315 0.3966741753499606
1379 0.3966741753499606
1443 0.3966741753499606
1507 0.3966741753499606
1571 0.3966741753499606
1635 0.3966741753499606
1699 0.3966741753499606
1763 0.3966741753499606
1827 0.3966741753499606
1891 0.3966741753499606
1955 0.3966741753499606
2019 0.3966741753499606
2083 0.3966741753499606
2147 0.3966741753499606
2211 0.3966741753499606
2275 0.3966741753499606
2339 0.3966741753499606
2403 0.3966741753499606
2467 0.3966741753499606
2531 0.3966741753499606
2595 0.3966741753499606
2659 0.3966741753499606
2723 0.3966741753499606
2787 0.3966741753499606
2851 0.3966741753499606
2915 0.3966741753499606
2979 0.3966741753499606
3043 0.3966741753499606
3107 0.3966741753499606
3171 0.3966741753499606
3235 0.3966741753499606
3299 0.3966741753499606
3363 0.3966741753499606
3427 0.3966741753499606
3491 0.3966741753499606
3555 0.3966741753499606
3619 0.3966741753499606
3683 0.3966741753499606
3747 0.3966741753499606
3811 0.3966741753499606
3875 0.3966741753499606
3939 0.3966741753499606
4003 0.3966741753499606
4067 0.3966741753499606
36 0.3705177376209132
100 0.3705177376209132
164 0.3705177376209132
228 0.3705177376209132
292 0.3705177376209132
356 0.3705177376209132
420 0.3705177376209132
484 0.3705177376209132
548 0.3705177376209132
612 0.3705177376209132
676 0.3705177376209132
740 0.3705177376209132
804 0.3705177376209132
868 0.3705177376209132
932 0.3705177376209132
996 0.3705177376209132
1060 0.3705177376209132
1124 0.3705177376209132
1188 0.3705177376209132
1252 0.3705177376209132
1316 0.3705177376209132
1380 0.3705177376209132
1444 0.3705177376209132
1508 0.3705177376209132
1572 0.3705177376209132
1636 0.3705177376209132
1700 0.3705177376209132
1764 0.3705177376209132
1828 0.3705177376209132
1892 0.3705177376209132
1956 0.3705177376209132
2020 0.3705177376209132
2084 0.3705177376209132
2148 0.3705177376209132
2212 0.3705177376209132
2276 0.3705177376209132
2340 0.3705177376209132
2404 0.3705177376209132
2468 0.3705177376209132
2532 0.3705177376209132
2596 0.3705177376209132
2660 0.3705177376209132
2724 0.3705177376209132
2788 0.3705177376209132
2852 0.3705177376209132
2916 0.3705177376209132
2980 0.3705177376209132
3044 0.3705177376209132
3108 0.3705177376209132
3172 0.3705177376209132
3236 0.3705177376209132
3300 0.3705177376209132
3364 0.3705177376209132
3428 0.3705177376209132
3492 0.3705177376209132
3556 0.3705177376209132
3620 0.3705177376209132
3684 0.3705177376209132
3748 0.3705177376209132
3812 0.3705177376209132
3876 0.3705177376209132
3940 0.3705177376209132
4004 0.3705177376209132
4068 0.3705177376209132
37 0.2694557307929328
101 0.2694557307929328
165 0.2694557307929328
229 0.2694557307929328
293 0.2694557307929328
357 0.2694557307929328
421 0.2694557307929328
485 0.2694557307929328
549 0.2694557307929328
613 0.2694557307929328
677 0.2694557307929328
741 0.2694557307929328
805 0.2694557307929328
869 0.2694557307929328
933 0.2694557307929328
997 0.2694557307929328
1061 0.2694557307929328
1125 0.2694557307929328
1189 0.2694557307929328
1253 0.2694557307929328
1317 0.2694557307929328
1381 0.2694557307929328
1445 0.2694557307929328
1509 0.2694557307929328
1573 0.2694557307929328
1637 0.2694557307929328
1701 0.2694557307929328
1765 0.2694557307929328
1829 0.2694557307929328
1893 0.2694557307929328
1957 0.2694557307929328
2021 0.2694557307929328
2085 0.2694557307929328
2149 0.2694557307929328
2213 0.2694557307929328
2277 0.2694557307929328
2341 0.2694557307929328
2405 0.2694557307929328
2469 0.2694557307929328
2533 0.2694557307929328
2597 0.2694557307929328
2661 0.2694557307929328
2725 0.2694557307929328
2789 0.2694557307929328
2853 0.2694557307929328
2917 0.2694557307929328
2981 0.2694557307929328
3045 0.2694557307929328
3109 0.2694557307929328
3173 0.2694557307929328
3237 0.2694557307929328
3301 0.2694557307929328
3365 0.2694557307929328
3429 0.2694557307929328
3493 0.2694557307929328
3557 0.2694557307929328
3621 0.2694557307929328
3685 0.2694557307929328
3749 0.2694557307929328
3813 0.2694557307929328
3877 0.2694557307929328
3941 0.2694557307929328
4005 0.2694557307929328
4069 0.2694557307929328
38 0.1665060674851123
102 0.1665060674851123
166 0.1665060674851123
230 0.1665060674851123
294 0.1665060674851123
358 0.1665060674851123
422 0.1665060674851123
486 0.1665060674851123
550 0.1665060674851123
614 0.1665060674851123
678 0.1665060674851123
742 0.1665060674851123
806 0.1665060674851123
870 0.1665060674851123
934 0.1665060674851123
998 0.1665060674851123
1062 0.1665060674851123
1126 0.1665060674851123
1190 0.1665060674851123
1254 0.1665060674851123
1318 0.1665060674851123
1382 0.1665060674851123
1446 0.1665060674851123
1510 0.1665060674851123
1574 0.1665060674851123
1638 0.1665060674851123
1702 0.1665060674851123
1766 0.1665060674851123
1830 0.1665060674851123
1894 0.1665060674851123
1958 0.1665060674851123
2022 0.1665060674851123
2086 0.1665060674851123
2150 0.1665060674851123
2214 0.1665060674851123
2278 0.1665060674851123
2342 0.1665060674851123
2406 0.1665060674851123
2470 0.1665060674851123
2534 0.1665060674851123
2598 0.1665060674851123
2662 0.1665060674851123
2726 0.1665060674851123
2790 0.1665060674851123
2854 0.1665060674851123
2918 0.1665060674851123
2982 0.1665060674851123
3046 0.1665060674851123
3110 0.1665060674851123
3174 0.1665060674851123
3238 0.1665060674851123
3302 0.1665060674851123
3366 0.1665060674851123
3430 0.1665060674851123
3494 0.1665060674851123
3558 0.1665060674851123
3622 0.1665060674851123
3686 0.1665060674851123
3750 0.1665060674851123
3814 0.1665060674851123
3878 0.1665060674851123
3942 0.1665060674851123
4006 0.1665060674851123
4070 0.1665060674851123
39 0.1312526464142773
103 0.1312526464142773
167 0.1312526464142773
231 0.1312526464142773
295 0.1312526464142773
359 0.1312526464142773
423 0.1312526464142773
487 0.1312526464142773
551 0.1312526464142773
615 0.1312526464142773
679 0.1312526464142773
743 0.1312526464142773
807 0.1312526464142773
871 0.1312526464142773
935 0.1312526464142773
999 0.1312526464142773
1063 0.1312526464142773
1127 0.1312526464142773
1191 0.1312526464142773
1255 0.1312526464142773
1319 0.1312526464142773
1383 0.1312526464142773
1447 0.1312526464142773
1511 0.1312526464142773
1575 0.1312526464142773
1639 0.1312526464142773
1703 0.1312526464142773
1767 0.1312526464142773
1831 0.1312526464142773
1895 0.1312526464142773
1959 0.1312526464142773
2023 0.1312526464142773
2087 0.1312526464142773
2151 0.1312526464142773
2215 0.1312526464142773
2279 0.1312526464142773
2343 0.1312526464142773
2407 0.1312526464142773
2471 0.1312526464142773
2535 0.1312526464142773
2599 0.1312526464142773
2663 0.1312526464142773
2727 0.1312526464142773
2791 0.1312526464142773
2855 0.1312526464142773
2919 0.1312526464142773
2983 0.1312526464142773
3047 0.1312526464142773
3111 0.1312526464142773
3175 0.1312526464142773
3239 0.1312526464142773
3303 0.1312526464142773
3367 0.1312526464142773
3431 0.1312526464142773
3495 0.1312526464142773
3559 0.1312526464142773
3623 0.1312526464142773
3687 0.1312526464142773
3751 0.1312526464142773
3815 0.1312526464142773
3879 0.1312526464142773
3943 0.1312526464142773
4007 0.1312526464142773
4071 0.1312526464142773
40 0.1256919511560284
104 0.1256919511560284
168 0.1256919511560284
232 0.1256919511560284
296 0.1256919511560284
360 0.1256919511560284
424 0.1256919511560284
488 0.1256919511560284
552 0.1256919511560284
616 0.1256919511560284
680 0.1256919511560284
744 0.1256919511560284
808 0.1256919511560284
872 0.1256919511560284
936 0.1256919511560284
1000 0.1256919511560284
1064 0.1256919511560284
1128 0.1256919511560284
1192 0.1256919511560284
1256 0.1256919511560284
1320 0.1256919511560284
1384 0.1256919511560284
1448 0.1256919511560284
1512 0.1256919511560284
1576 0.1256919511560284
1640 0.1256919511560284
1704 0.1256919511560284
1768 0.1256919511560284
1832 0.1256919511560284
1896 0.1256919511560284
1960 0.1256919511560284
2024 0.1256919511560284
2088 0.1256919511560284
2152 0.1256919511560284
2216 0.1256919511560284
2280 0.1256919511560284
2344 0.1256919511560284
2408 0.1256919511560284
2472 0.1256919511560284
2536 0.1256919511560284
2600 0.1256919511560284
2664 0.1256919511560284
2728 0.1256919511560284
2792 0.1256919511560284
2856 0.1256919511560284
2920 0.1256919511560284
2984 0.1256919511560284
3048 0.1256919511560284
3112 0.1256919511560284
3176 0.1256919511560284
3240 0.1256919511560284
3304 0.1256919511560284
3368 0.1256919511560284
3432 0.1256919511560284
3496 0.1256919511560284
3560 0.1256919511560284
3624 0.1256919511560284
3688 0.1256919511560284
3752 0.1256919511560284
3816 0.1256919511560284
3880 0.1256919511560284
3944 0.1256919511560284
4008 0.1256919511560284
4072 0.1256919511560284
41 0.1250701427859797
105 0.1250701427859797
169 0.1250701427859797
233 0.1250701427859797
297 0.1250701427859797
361 0.1250701427859797
425 0.1250701427859797
489 0.1250701427859797
553 0.1250701427859797
617 0.1250701427859797
681 0.1250701427859797
745 0.1250701427859797
809 0.1250701427859797
873 0.1250701427859797
937 0.1250701427859797
1001 0.1250701427859797
1065 0.1250701427859797
1129 0.1250701427859797
1193 0.1250701427859797
1257 0.1250701427859797
1321 0.1250701427859797
1385 0.1250701427859797
1449 0.1250701427859797
1513 0.1250701427859797
1577 0.1250701427859797
1641 0.1250701427859797
1705 0.1250701427859797
1769 0.1250701427859797
1833 0.1250701427859797
1897 0.1250701427859797
1961 0.1250701427859797
2025 0.1250701427859797
2089 0.1250701427859797
2153 0.1250701427859797
2217 0.1250701427859797
2281 0.1250701427859797
2345 0.1250701427859797
2409 0.1250701427859797
2473 0.1250701427859797
2537 0.1250701427859797
2601 0.1250701427859797
2665 0.1250701427859797
2729 0.1250701427859797
2793 0.1250701427859797
2857 0.1250701427859797
2921 0.1250701427859797
2985 0.1250701427859797
3049 0.1250701427859797
3113 0.1250701427859797
3177 0.1250701427859797
3241 0.1250701427859797
3305 0.1250701427859797
3369 0.1250701427859797
3433 0.1250701427859797
3497 0.1250701427859797
3561 0.1250701427859797
3625 0.1250701427859797
3689 0.1250701427859797
3753 0.1250701427859797
3817 0.1250701427859797
3881 0.1250701427859797
3945 0.1250701427859797
4009 0.1250701427859797
4073 0.1250701427859797
42 0.1250067995589829
106 0.1250067995589829
170 0.1250067995589829
234 0.1250067995589829
298 0.1250067995589829
362 0.1250067995589829
426 0.1250067995589829
490 0.1250067995589829
554 0.1250067995589829
618 0.1250067995589829
682 0.1250067995589829
746 0.1250067995589829
810 0.1250067995589829
874 0.1250067995589829
938 0.1250067995589829
1002 0.1250067995589829
1066 0.1250067995589829
1130 0.1250067995589829
1194 0.1250067995589829
1258 0.1250067995589829
1322 0.1250067995589829
1386 0.1250067995589829
1450 0.1250067995589829
1514 0.1250067995589829
1578 0.1250067995589829
1642 0.1250067995589829
1706 0.1250067995589829
1770 0.1250067995589829
1834 0.1250067995589829
1898 0.1250067995589829
1962 0.1250067995589829
2026 0.1250067995589829
2090 0.1250067995589829
2154 0.1250067995589829
2218 0.1250067995589829
2282 0.1250067995589829
2346 0.1250067995589829
2410 0.1250067995589829
2474 0.1250067995589829
2538 0.1250067995589829
2602 0.1250067995589829
2666 0.1250067995589829
2730 0.1250067995589829
2794 0.1250067995589829
2858 0.1250067995589829
2922 0.1250067995589829
2986 0.1250067995589829
3050 0.1250067995589829
3114 0.1250067995589829
3178 0.1250067995589829
3242 0.1250067995589829
3306 0.1250067995589829
3370 0.1250067995589829
3434 0.1250067995589829
3498 0.1250067995589829
3562 0.1250067995589829
3626 0.1250067995589829
3690 0.1250067995589829
3754 0.1250067995589829
3818 0.1250067995589829
3882 0.1250067995589829
3946 0.1250067995589829
4010 0.1250067995589829
4074 0.1250067995589829
43 0.1250006042027322
107 0.1250006042027322
171 0.1250006042027322
235 0.1250006042027322
299 0.1250006042027322
363 0.1250006042027322
427 0.1250006042027322
491 0.1250006042027322
555 0.1250006042027322
619 0.1250006042027322
683 0.1250006042027322
747 0.1250006042027322
811 0.1250006042027322
875 0.1250006042027322
939 0.1250006042027322
1003 0.1250006042027322
1067 0.1250006042027322
1131 0.1250006042027322
1195 0.1250006042027322
1259 0.1250006042027322
1323 0.1250006042027322
1387 0.1250006042027322
1451 0.1250006042027322
1515 0.1250006042027322
1579 0.1250006042027322
1643 0.1250006042027322
1707 0.1250006042027322
1771 0.1250006042027322
1835 0.1250006042027322
1899 0.1250006042027322
1963 0.1250006042027322
2027 0.1250006042027322
2091 0.1250006042027322
2155 0.1250006042027322
2219 0.1250006042027322
2283 0.1250006042027322
2347 0.1250006042027322
2411 0.1250006042027322
2475 0.1250006042027322
2539 0.1250006042027322
2603 0.1250006042027322
2667 0.1250006042027322
2731 0.1250006042027322
2795 0.1250006042027322
2859 0.1250006042027322
2923 0.1250006042027322
2987 0.1250006042027322
3051 0.1250006042027322
3115 0.1250006042027322
3179 0.1250006042027322
3243 0.1250006042027322
3307 0.1250006042027322
3371 0.1250006042027322
3435 0.1250006042027322
3499 0.1250006042027322
3563 0.1250006042027322
3627 0.1250006042027322
3691 0.1250006042027322
3755 0.1250006042027322
3819 0.1250006042027322
3883 0.1250006042027322
3947 0.1250006042027322
4011 0.1250006042027322
4075 0.1250006042027322
44 0.1250000524722186
108 0.1250000524722186
172 0.1250000524722186
236 0.1250000524722186
300 0.1250000524722186
364 0.1250000524722186
428 0.1250000524722186
492 0.1250000524722186
556 0.1250000524722186
620 0.1250000524722186
684 0.1250000524722186
748 0.1250000524722186
812 0.1250000524722186
876 0.1250000524722186
940 0.1250000524722186
1004 0.1250000524722186
1068 0.1250000524722186
1132 0.1250000524722186
1196 0.1250000524722186
1260 0.1250000524722186
1324 0.1250000524722186
1388 0.1250000524722186
1452 0.1250000524722186
1516 0.1250000524722186
1580 0.1250000524722186
1644 0.1250000524722186
1708 0.1250000524722186
1772 0.1250000524722186
1836 0.1250000524722186
1900 0.1250000524722186
1964 0.1250000524722186
2028 0.1250000524722186
2092 0.1250000524722186
2156 0.1250000524722186
2220 0.1250000524722186
2284 0.1250000524722186
2348 0.1250000524722186
2412 0.1250000524722186
2476 0.1250000524722186
2540 0.1250000524722186
2604 0.1250000524722186
2668 0.1250000524722186
2732 0.1250000524722186
2796 0.1250000524722186
2860 0.1250000524722186
2924 0.1250000524722186
2988 0.1250000524722186
3052 0.1250000524722186
3116 0.1250000524722186
3180 0.1250000524722186
3244 0.1250000524722186
3308 0.1250000524722186
3372 0.1250000524722186
3436 0.1250000524722186
3500 0.1250000524722186
3564 0.1250000524722186
3628 0.1250000524722186
3692 0.1250000524722186
3756 0.1250000524722186
3820 0.1250000524722186
3884 0.1250000524722186
3948 0.1250000524722186
4012 0.1250000524722186
4076 0.1250000524722186
45 0.1250000040267649
109 0.1250000040267649
173 0.1250000040267649
237 0.1250000040267649
301 0.1250000040267649
365 0.1250000040267649
429 0.1250000040267649
493 0.1250000040267649
557 0.1250000040267649
621 0.1250000040267649
685 0.1250000040267649
749 0.1250000040267649
813 0.1250000040267649
877 0.1250000040267649
941 0.1250000040267649
1005 0.1250000040267649
1069 0.1250000040267649
1133 0.1250000040267649
1197 0.1250000040267649
1261 0.1250000040267649
1325 0.1250000040267649
1389 0.1250000040267649
1453 0.1250000040267649
1517 0.1250000040267649
1581 0.1250000040267649
1645 0.1250000040267649
1709 0.1250000040267649
1773 0.1250000040267649
1837 0.1250000040267649
1901 0.1250000040267649
1965 0.1250000040267649
2029 0.1250000040267649
2093 0.1250000040267649
2157 0.1250000040267649
2221 0.1250000040267649
2285 0.1250000040267649
2349 0.1250000040267649
2413 0.1250000040267649
2477 0.1250000040267649
2541 0.1250000040267649
2605 0.1250000040267649
2669 0.1250000040267649
2733 0.1250000040267649
2797 0.1250000040267649
2861 0.1250000040267649
2925 0.1250000040267649
2989 0.1250000040267649
3053 0.1250000040267649
3117 0.1250000040267649
3181 0.1250000040267649
3245 0.1250000040267649
3309 0.1250000040267649
3373 0.1250000040267649
3437 0.1250000040267649
3501 0.1250000040267649
3565 0.1250000040267649
3629 0.1250000040267649
3693 0.1250000040267649
3757 0.1250000040267649
3821 0.1250000040267649
3885 0.1250000040267649
3949 0.1250000040267649
4013 0.1250000040267649
4077 0.1250000040267649
46 0.1250000003137912
110 0.1250000003137912
174 0.1250000003137912
238 0.1250000003137912
302 0.1250000003137912
366 0.1250000003137912
430 0.1250000003137912
494 0.1250000003137912
558 0.1250000003137912
622 0.1250000003137912
686 0.1250000003137912
750 0.1250000003137912
814 0.1250000003137912
878 0.1250000003137912
942 0.1250000003137912
1006 0.1250000003137912
1070 0.1250000003137912
1134 0.1250000003137912
1198 0.1250000003137912
1262 0.1250000003137912
1326 0.1250000003137912
1390 0.1250000003137912
1454 0.1250000003137912
1518 0.1250000003137912
1582 0.1250000003137912
1646 0.1250000003137912
1710 0.1250000003137912
1774 0.1250000003137912
1838 0.1250000003137912
1902 0.1250000003137912
1966 0.1250000003137912
2030 0.1250000003137912
2094 0.1250000003137912
2158 0.1250000003137912
2222 0.1250000003137912
2286 0.1250000003137912
2350 0.1250000003137912
2414 0.1250000003137912
2478 0.1250000003137912
2542 0.1250000003137912
2606 0.1250000003137912
2670 0.1250000003137912
2734 0.1250000003137912
2798 0.1250000003137912
2862 0.1250000003137912
2926 0.1250000003137912
2990 0.1250000003137912
3054 0.1250000003137912
3118 0.1250000003137912
3182 0.1250000003137912
3246 0.1250000003137912
3310 0.1250000003137912
3374 0.1250000003137912
3438 0.1250000003137912
3502 0.1250000003137912
3566 0.1250000003137912
3630 0.1250000003137912
3694 0.1250000003137912
3758 0.1250000003137912
3822 0.1250000003137912
3886 0.1250000003137912
3950 0.1250000003137912
4014 0.1250000003137912
4078 0.1250000003137912
47 0.1250000000205354
111 0.1250000000205354
175 0.1250000000205354
239 0.1250000000205354
303 0.1250000000205354
367 0.1250000000205354
431 0.1250000000205354
495 0.1250000000205354
559 0.1250000000205354
623 0.1250000000205354
687 0.1250000000205354
751 0.1250000000205354
815 0.1250000000205354
879 0.1250000000205354
943 0.1250000000205354
1007 0.1250000000205354
1071 0.1250000000205354
1135 0.1250000000205354
1199 0.1250000000205354
1263 0.1250000000205354
1327 0.1250000000205354
1391 0.1250000000205354
1455 0.1250000000205354
1519 0.1250000000205354
1583 0.1250000000205354
1647 0.1250000000205354
1711 0.1250000000205354
1775 0.1250000000205354
1839 0.1250000000205354
1903 0.1250000000205354
1967 0.1250000000205354
2031 0.1250000000205354
2095 0.1250000000205354
2159 0.1250000000205354
2223 0.1250000000205354
2287 0.1250000000205354
2351 0.1250000000205354
2415 0.1250000000205354
2479 0.1250000000205354
2543 0.1250000000205354
2607 0.1250000000205354
2671 0.1250000000205354
2735 0.1250000000205354
2799 0.1250000000205354
2863 0.1250000000205354
2927 0.1250000000205354
2991 0.1250000000205354
3055 0.1250000000205354
3119 0.1250000000205354
3183 0.1250000000205354
3247 0.1250000000205354
3311 0.1250000000205354
3375 0.1250000000205354
3439 0.1250000000205354
3503 0.1250000000205354
3567 0.1250000000205354
3631 0.1250000000205354
3695 0.1250000000205354
3759 0.1250000000205354
3823 0.1250000000205354
3887 0.1250000000205354
3951 0.1250000000205354
4015 0.1250000000205354
4079 0.1250000000205354
48 0.1250000000014488
112 0.1250000000014488
176 0.1250000000014488
240 0.1250000000014488
304 0.1250000000014488
368 0.1250000000014488
432 0.1250000000014488
496 0.1250000000014488
560 0.1250000000014488
624 0.1250000000014488
688 0.1250000000014488
752 0.1250000000014488
816 0.1250000000014488
880 0.1250000000014488
944 0.1250000000014488
1008 0.1250000000014488
1072 0.1250000000014488
1136 0.1250000000014488
1200 0.1250000000014488
1264 0.1250000000014488
1328 0.1250000000014488
1392 0.1250000000014488
1456 0.1250000000014488
1520 0.1250000000014488
1584 0.1250000000014488
1648 0.1250000000014488
1712 0.1250000000014488
1776 0.1250000000014488
1840 0.1250000000014488
1904 0.1250000000014488
1968 0.1250000000014488
2032 0.1250000000014488
2096 0.1250000000014488
2160 0.1250000000014488
2224 0.1250000000014488
2288 0.1250000000014488
2352 0.1250000000014488
2416 0.1250000000014488
2480 0.1250000000014488
2544 0.1250000000014488
2608 0.1250000000014488
2672 0.1250000000014488
2736 0.1250000000014488
2800 0.1250000000014488
2864 0.1250000000014488
2928 0.1250000000014488
2992 0.1250000000014488
3056 0.1250000000014488
3120 0.1250000000014488
3184 0.1250000000014488
3248 0.1250000000014488
3312 0.1250000000014488
3376 0.1250000000014488
3440 0.1250000000014488
3504 0.1250000000014488
3568 0.1250000000014488
3632 0.1250000000014488
3696 0.1250000000014488
3760 0.1250000000014488
3824 0.1250000000014488
3888 0.1250000000014488
3952 0.1250000000014488
4016 0.1250000000014488
4080 0.1250000000014488
49 0.1250000000000802
113 0.1250000000000802
177 0.1250000000000802
241 0.1250000000000802
305 0.1250000000000802
369 0.1250000000000802
433 0.1250000000000802
497 0.1250000000000802
561 0.1250000000000802
625 0.1250000000000802
689 0.1250000000000802
753 0.1250000000000802
817 0.1250000000000802
881 0.1250000000000802
945 0.1250000000000802
1009 0.1250000000000802
1073 0.1250000000000802
1137 0.1250000000000802
1201 0.1250000000000802
1265 0.1250000000000802
1329 0.1250000000000802
1393 0.1250000000000802
1457 0.1250000000000802
1521 0.1250000000000802
1585 0.1250000000000802
1649 0.1250000000000802
1713 0.1250000000000802
1777 0.1250000000000802
1841 0.1250000000000802
1905 0.1250000000000802
1969 0.1250000000000802
2033 0.1250000000000802
2097 0.1250000000000802
2161 0.1250000000000802
2225 0.1250000000000802
2289 0.1250000000000802
2353 0.1250000000000802
2417 0.1250000000000802
2481 0.1250000000000802
2545 0.1250000000000802
2609 0.1250000000000802
2673 0.1250000000000802
2737 0.1250000000000802
2801 0.1250000000000802
2865 0.1250000000000802
2929 0.1250000000000802
2993 0.1250000000000802
3057 0.1250000000000802
3121 0.1250000000000802
3185 0.1250000000000802
3249 0.1250000000000802
3313 0.1250000000000802
3377 0.1250000000000802
3441 0.1250000000000802
3505 0.1250000000000802
3569 0.1250000000000802
3633 0.1250000000000802
3697 0.1250000000000802
3761 0.1250000000000802
3825 0.1250000000000802
3889 0.1250000000000802
3953 0.1250000000000802
4017 0.1250000000000802
4081 0.1250000000000802
50 0.1250000000000052
114 0.1250000000000052
178 0.1250000000000052
242 0.1250000000000052
306 0.1250000000000052
370 0.1250000000000052
434 0.1250000000000052
498 0.1250000000000052
562 0.1250000000000052
626 0.1250000000000052
690 0.1250000000000052
754 0.1250000000000052
818 0.1250000000000052
882 0.1250000000000052
946 0.1250000000000052
1010 0.1250000000000052
1074 0.1250000000000052
1138 0.1250000000000052
1202 0.1250000000000052
1266 0.1250000000000052
1330 0.1250000000000052
1394 0.1250000000000052
1458 0.1250000000000052
1522 0.1250000000000052
1586 0.1250000000000052
1650 0.1250000000000052
1714 0.1250000000000052
1778 0.1250000000000052
1842 0.1250000000000052
1906 0.1250000000000052
1970 0.1250000000000052
2034 0.1250000000000052
2098 0.1250000000000052
2162 0.1250000000000052
2226 0.1250000000000052
2290 0.1250000000000052
2354 0.1250000000000052
2418 0.1250000000000052
2482 0.1250000000000052
2546 0.1250000000000052
2610 0.1250000000000052
2674 0.1250000000000052
2738 0.1250000000000052
2802 0.1250000000000052
2866 0.1250000000000052
2930 0.1250000000000052
2994 0.1250000000000052
3058 0.1250000000000052
3122 0.1250000000000052
3186 0.1250000000000052
3250 0.1250000000000052
3314 0.1250000000000052
3378 0.1250000000000052
3442 0.1250000000000052
3506 0.1250000000000052
3570 0.1250000000000052
3634 0.1250000000000052
3698 0.1250000000000052
3762 0.1250000000000052
3826 0.1250000000000052
3890 0.1250000000000052
3954 0.1250000000000052
4018 0.1250000000000052
4082 0.1250000000000052
51 0.1250000000000002
115 0.1250000000000002
179 0.1250000000000002
243 0.1250000000000002
307 0.1250000000000002
371 0.1250000000000002
435 0.1250000000000002
499 0.1250000000000002
563 0.1250000000000002
627 0.1250000000000002
691 0.1250000000000002
755 0.1250000000000002
819 0.1250000000000002
883 0.1250000000000002
947 0.1250000000000002
1011 0.1250000000000002
1075 0.1250000000000002
1139 0.1250000000000002
1203 0.1250000000000002
1267 0.1250000000000002
1331 0.1250000000000002
1395 0.1250000000000002
1459 0.1250000000000002
1523 0.1250000000000002
1587 0.1250000000000002
1651 0.1250000000000002
1715 0.1250000000000002
1779 0.1250000000000002
1843 0.1250000000000002
1907 0.1250000000000002
1971 0.1250000000000002
2035 0.1250000000000002
2099 0.1250000000000002
2163 0.1250000000000002
2227 0.1250000000000002
2291 0.1250000000000002
2355 0.1250000000000002
2419 0.1250000000000002
2483 0.1250000000000002
2547 0.1250000000000002
2611 0.1250000000000002
2675 0.1250000000000002
2739 0.1250000000000002
2803 0.1250000000000002
2867 0.1250000000000002
2931 0.1250000000000002
2995 0.1250000000000002
3059 0.1250000000000002
3123 0.1250000000000002
3187 0.1250000000000002
3251 0.1250000000000002
3315 0.1250000000000002
3379 0.1250000000000002
3443 0.1250000000000002
3507 0.1250000000000002
3571 0.1250000000000002
3635 0.1250000000000002
3699 0.1250000000000002
3763 0.1250000000000002
3827 0.1250000000000002
3891 0.1250000000000002
3955 0.1250000000000002
4019 0.1250000000000002
4083 0.1250000000000002
52 0.125
116 0.125
180 0.125
244 0.125
308 0.125
372 0.125
436 0.125
500 0.125
564 0.125
628 0.125
692 0.125
756 0.125
820 0.125
884 0.125
948 0.125
1012 0.125
1076 0.125
1140 0.125
1204 0.125
1268 0.125
1332 0.125
1396 0.125
1460 0.125
1524 0.125
1588 0.125
1652 0.125
1716 0.125
1780 0.125
1844 0.125
1908 0.125
1972 0.125
2036 0.125
2100 0.125
2164 0.125
2228 0.125
2292 0.125
2356 0.125
2420 0.125
2484 0.125
2548 0.125
2612 0.125
2676 0.125
2740 0.125
2804 0.125
2868 0.125
2932 0.125
2996 0.125
3060 0.125
3124 0.125
3188 0.125
3252 0.125
3316 0.125
3380 0.125
3444 0.125
3508 0.125
3572 0.125
3636 0.125
3700 0.125
3764 0.125
3828 0.125
3892 0.125
3956 0.125
4020 0.125
4084 0.125
53 0.125
117 0.125
181 0.125
245 0.125
309 0.125
373 0.125
437 0.125
501 0.125
565 0.125
629 0.125
693 0.125
757 0.125
821 0.125
885 0.125
949 0.125
1013 0.125
1077 0.125
1141 0.125
1205 0.125
1269 0.125
1333 0.125
1397 0.125
1461 0.125
1525 0.125
1589 0.125
1653 0.125
1717 0.125
1781 0.125
1845 0.125
1909 0.125
1973 0.125
2037 0.125
2101 0.125
2165 0.125
2229 0.125
2293 0.125
2357 0.125
2421 0.125
2485 0.125
2549 0.125
2613 0.125
2677 0.125
2741 0.125
2805 0.125
2869 0.125
2933 0.125
2997 0.125
3061 0.125
3125 0.125
3189 0.125
3253 0.125
3317 0.125
3381 0.125
3445 0.125
3509 0.125
3573 0.125
3637 0.125
3701 0.125
3765 0.125
3829 0.125
3893 0.125
3957 0.125
4021 0.125
4085 0.125
54 0.125
118 0.125
182 0.125
246 0.125
310 0.125
374 0.125
438 0.125
502 0.125
566 0.125
630 0.125
694 0.125
758 0.125
822 0.125
886 0.125
950 0.125
1014 0.125
1078 0.125
1142 0.125
1206 0.125
1270 0.125
1334 0.125
1398 0.125
1462 0.125
1526 0.125
1590 0.125
1654 0.125
1718 0.125
1782 0.125
1846 0.125
1910 0.125
1974 0.125
2038 0.125
2102 0.125
2166 0.125
2230 0.125
2294 0.125
2358 0.125
2422 0.125
2486 0.125
2550 0.125
2614 0.125
2678 0.125
2742 0.125
2806 0.125
2870 0.125
2934 0.125
2998 0.125
3062 0.125
3126 0.125
3190 0.125
3254 0.125
3318 0.125
3382 0.125
3446 0.125
3510 0.125
3574 0.125
3638 0.125
3702 0.125
3766 0.125
3830 0.125
3894 0.125
3958 0.125
4022 0.125
4086 0.125
55 0.125
119 0.125
183 0.125
247 0.125
311 0.125
375 0.125
439 0.125
503 0.125
567 0.125
631 0.125
695 0.125
759 0.125
823 0.125
887 0.125
951 0.125
1015 0.125
1079 0.125
1143 0.125
1207 0.125
1271 0.125
1335 0.125
1399 0.125
1463 0.125
1527 0.125
1591 0.125
1655 0.125
1719 0.125
1783 0.125
1847 0.125
1911 0.125
1975 0.125
2039 0.125
2103 0.125
2167 0.125
2231 0.125
2295 0.125
2359 0.125
2423 0.125
2487 0.125
2551 0.125
2615 0.125
2679 0.125
2743 0.125
2807 0.125
2871 0.125
2935 0.125
2999 0.125
3063 0.125
3127 0.125
3191 0.125
3255 0.125
3319 0.125
3383 0.125
3447 0.125
3511 0.125
3575 0.125
3639 0.125
3703 0.125
3767 0.125
3831 0.125
3895 0.125
3959 0.125
4023 0.125
4087 0.125
56 0.125
120 0.125
184 0.125
248 0.125
312 0.125
376 0.125
440 0.125
504 0.125
568 0.125
632 0.125
696 0.125
760 0.125
824 0.125
888 0.125
952 0.125
1016 0.125
1080 0.125
1144 0.125
1208 0.125
1272 0.125
1336 0.125
1400 0.125
1464 0.125
1528 0.125
1592 0.125
1656 0.125
1720 0.125
1784 0.125
1848 0.125
1912 0.125
1976 0.125
2040 0.125
2104 0.125
2168 0.125
2232 0.125
2296 0.125
2360 0.125
2424 0.125
2488 0.125
2552 0.125
2616 0.125
2680 0.125
2744 0.125
2808 0.125
2872 0.125
2936 0.125
3000 0.125
3064 0.125
3128 0.125
3192 0.125
3256 0.125
3320 0.125
3384 0.125
3448 0.125
3512 0.125
3576 0.125
3640 0.125
3704 0.125
3768 0.125
3832 0.125
3896 0.125
3960 0.125
4024 0.125
4088 0.125
57 0.125
121 0.125
185 0.125
249 0.125
313 0.125
377 0.125
441 0.125
505 0.125
569 0.125
633 0.125
697 0.125
761 0.125
825 0.125
889 0.125
953 0.125
1017 0.125
1081 0.125
1145 0.125
1209 0.125
1273 0.125
1337 0.125
1401 0.125
1465 0.125
1529 0.125
1593 0.125
1657 0.125
1721 0.125
1785 0.125
1849 0.125
1913 0.125
1977 0.125
2041 0.125
2105 0.125
2169 0.125
2233 0.125
2297 0.125
2361 0.125
2425 0.125
2489 0.125
2553 0.125
2617 0.125
2681 0.125
2745 0.125
2809 0.125
2873 0.125
2937 0.125
3001 0.125
3065 0.125
3129 0.125
3193 0.125
3257 0.125
3321 0.125
3385 0.125
3449 0.125
3513 0.125
3577 0.125
3641 0.125
3705 0.125
3769 0.125
3833 0.125
3897 0.125
3961 0.125
4025 0.125
4089 0.125
58 0.125
122 0.125
186 0.125
250 0.125
314 0.125
378 0.125
442 0.125
506 0.125
570 0.125
634 0.125
698 0.125
762 0.125
826 0.125
890 0.125
954 0.125
1018 0.125
1082 0.125
1146 0.125
1210 0.125
1274 0.125
1338 0.125
1402 0.125
1466 0.125
1530 0.125
1594 0.125
1658 0.125
1722 0.125
1786 0.125
1850 0.125
1914 0.125
1978 0.125
2042 0.125
2106 0.125
2170 0.125
2234 0.125
2298 0.125
2362 0.125
2426 0.125
2490 0.125
2554 0.125
2618 0.125
2682 0.125
2746 0.125
2810 0.125
2874 0.125
2938 0.125
3002 0.125
3066 0.125
3130 0.125
3194 0.125
3258 0.125
3322 0.125
3386 0.125
3450 0.125
3514 0.125
3578 0.125
3642 0.125
3706 0.125
3770 0.125
3834 0.125
3898 0.125
3962 0.125
4026 0.125
4090 0.125
59 0.125
123 0.125
187 0.125
251 0.125
315 0.125
379 0.125
443 0.125
507 0.125
571 0.125
635 0.125
699 0.125
763 0.125
827 0.125
891 0.125
955 0.125
1019 0.125
1083 0.125
1147 0.125
1211 0.125
1275 0.125
1339 0.125
1403 0.125
1467 0.125
1531 0.125
1595 0.125
1659 0.125
1723 0.125
1787 0.125
1851 0.125
1915 0.125
1979 0.125
2043 0.125
2107 0.125
2171 0.125
2235 0.125
2299 0.125
2363 0.125
2427 0.125
2491 0.125
2555 0.125
2619 0.125
2683 0.125
2747 0.125
2811 0.125
2875 0.125
2939 0.125
3003 0.125
3067 0.125
3131 0.125
3195 0.125
3259 0.125
3323 0.125
3387 0.125
3451 0.125
3515 0.125
3579 0.125
3643 0.125
3707 0.125
3771 0.125
3835 0.125
3899 0.125
3963 0.125
4027 0.125
4091 0.125
60 0.125
124 0.125
188 0.125
252 0.125
316 0.125
380 0.125
444 0.125
508 0.125
572 0.125
636 0.125
700 0.125
764 0.125
828 0.125
892 0.125
956 0.125
1020 0.125
1084 0.125
1148 0.125
1212 0.125
1276 0.125
1340 0.125
1404 0.125
1468 0.125
1532 0.125
1596 0.125
1660 0.125
1724 0.125
1788 0.125
1852 0.125
1916 0.125
1980 0.125
2044 0.125
2108 0.125
2172 0.125
2236 0.125
2300 0.125
2364 0.125
2428 0.125
2492 0.125
2556 0.125
2620 0.125
2684 0.125
2748 0.125
2812 0.125
2876 0.125
2940 0.125
3004 0.125
3068 0.125
3132 0.125
3196 0.125
3260 0.125
3324 0.125
3388 0.125
3452 0.125
3516 0.125
3580 0.125
3644 0.125
3708 0.125
3772 0.125
3836 0.125
3900 0.125
3964 0.125
4028 0.125
4092 0.125
61 0.125
125 0.125
189 0.125
253 0.125
317 0.125
381 0.125
445 0.125
509 0.125
573 0.125
637 0.125
701 0.125
765 0.125
829 0.125
893 0.125
957 0.125
1021 0.125
1085 0.125
1149 0.125
1213 0.125
1277 0.125
1341 0.125
1405 0.125
1469 0.125
1533 0.125
1597 0.125
1661 0.125
1725 0.125
1789 0.125
1853 0.125
1917 0.125
1981 0.125
2045 0.125
2109 0.125
2173 0.125
2237 0.125
2301 0.125
2365 0.125
2429 0.125
2493 0.125
2557 0.125
2621 0.125
2685 0.125
2749 0.125
2813 0.125
2877 0.125
2941 0.125
3005 0.125
3069 0.125
3133 0.125
3197 0.125
3261 0.125
3325 0.125
3389 0.125
3453 0.125
3517 0.125
3581 0.125
3645 0.125
3709 0.125
3773 0.125
3837 0.125
3901 0.125
3965 0.125
4029 0.125
4093 0.125
62 0.125
126 0.125
190 0.125
254 0.125
318 0.125
382 0.125
446 0.125
510 0.125
574 0.125
638 0.125
702 0.125
766 0.125
830 0.125
894 0.125
958 0.125
1022 0.125
1086 0.125
1150 0.125
1214 0.125
1278 0.125
1342 0.125
1406 0.125
1470 0.125
1534 0.125
1598 0.125
1662 0.125
1726 0.125
1790 0.125
1854 0.125
1918 0.125
1982 0.125
2046 0.125
2110 0.125
2174 0.125
2238 0.125
2302 0.125
2366 0.125
2430 0.125
2494 0.125
2558 0.125
2622 0.125
2686 0.125
2750 0.125
2814 0.125
2878 0.125
2942 0.125
3006 0.125
3070 0.125
3134 0.125
3198 0.125
3262 0.125
3326 0.125
3390 0.125
3454 0.125
3518 0.125
3582 0.125
3646 0.125
3710 0.125
3774 0.125
3838 0.125
3902 0.125
3966 0.125
4030 0.125
4094 0.125
63 0.125
127 0.125
191 0.125
255 0.125
319 0.125
383 0.125
447 0.125
511 0.125
575 0.125
639 0.125
703 0.125
767 0.125
831 0.125
895 0.125
959 0.125
1023 0.125
1087 0.125
1151 0.125
1215 0.125
1279 0.125
1343 0.125
1407 0.125
1471 0.125
1535 0.125
1599 0.125
1663 0.125
1727 0.125
1791 0.125
1855 0.125
1919 0.125
1983 0.125
2047 0.125
2111 0.125
2175 0.125
2239 0.125
2303 0.125
2367 0.125
2431 0.125
2495 0.125
2559 0.125
2623 0.125
2687 0.125
2751 0.125
2815 0.125
2879 0.125
2943 0.125
3007 0.125
3071 0.125
3135 0.125
3199 0.125
3263 0.125
3327 0.125
3391 0.125
3455 0.125
3519 0.125
3583 0.125
3647 0.125
3711 0.125
3775 0.125
3839 0.125
3903 0.125
3967 0.125
4031 0.125
4095 0.125
