0 0
64 0
128 0
192 0
256 0
320 0
384 0
448 0
512 0
576 0
640 0
704 0
768 0
832 0
896 0
960 0
1024 0
1088 0
1152 0
1216 0
1280 0
1344 0
1408 0
1472 0
1536 0
1600 0
1664 0
1728 0
1792 0
1856 0
1920 0
1984 0
2048 0
2112 0
2176 0
2240 0
2304 0
2368 0
2432 0
2496 0
2560 0
2624 0
2688 0
2752 0
2816 0
2880 0
2944 0
3008 0
3072 0
3136 0
3200 0
3264 0
3328 0
3392 0
3456 0
3520 0
3584 0
3648 0
3712 0
3776 0
3840 0
3904 0
3968 0
4032 0
1 0
65 0
129 0
193 0
257 0
321 0
385 0
449 0
513 0
577 0
641 0
705 0
769 0
833 0
897 0
961 0
1025 0
1089 0
1153 0
1217 0
1281 0
1345 0
1409 0
1473 0
1537 0
1601 0
1665 0
1729 0
1793 0
1857 0
1921 0
1985 0
2049 0
2113 0
2177 0
2241 0
2305 0
2369 0
2433 0
2497 0
2561 0
2625 0
2689 0
2753 0
2817 0
2881 0
2945 0
3009 0
3073 0
3137 0
3201 0
3265 0
3329 0
3393 0
3457 0
3521 0
3585 0
3649 0
3713 0
3777 0
3841 0
3905 0
3969 0
4033 0
2 0
66 0
130 0
194 0
258 0
322 0
386 0
450 0
514 0
578 0
642 0
706 0
770 0
834 0
898 0
962 0
1026 0
1090 0
1154 0
1218 0
1282 0
1346 0
1410 0
1474 0
1538 0
1602 0
1666 0
1730 0
1794 0
1858 0
1922 0
1986 0
2050 0
2114 0
2178 0
2242 0
2306 0
2370 0
2434 0
2498 0
2562 0
2626 0
2690 0
2754 0
2818 0
2882 0
2946 0
3010 0
3074 0
3138 0
3202 0
3266 0
3330 0
3394 0
3458 0
3522 0
3586 0
3650 0
3714 0
3778 0
3842 0
3906 0
3970 0
4034 0
3 0
67 0
131 0
195 0
259 0
323 0
387 0
451 0
515 0
579 0
643 0
707 0
771 0
835 0
899 0
963 0
1027 0
1091 0
1155 0
1219 0
1283 0
1347 0
1411 0
1475 0
1539 0
1603 0
1667 0
1731 0
1795 0
1859 0
1923 0
1987 0
2051 0
2115 0
2179 0
2243 0
2307 0
2371 0
2435 0
2499 0
2563 0
2627 0
2691 0
2755 0
2819 0
2883 0
2947 0
3011 0
3075 0
3139 0
3203 0
3267 0
3331 0
3395 0
3459 0
3523 0
3587 0
3651 0
3715 0
3779 0
3843 0
3907 0
3971 0
4035 0
4 0
68 0
132 0
196 0
260 0
324 0
388 0
452 0
516 0
580 0
644 0
708 0
772 0
836 0
900 0
964 0
1028 0
1092 0
1156 0
1220 0
1284 0
1348 0
1412 0
1476 0
1540 0
1604 0
1668 0
1732 0
1796 0
1860 0
1924 0
1988 0
2052 0
2116 0
2180 0
2244 0
2308 0
2372 0
2436 0
2500 0
2564 0
2628 0
2692 0
2756 0
2820 0
2884 0
2948 0
3012 0
3076 0
3140 0
3204 0
3268 0
3332 0
3396 0
3460 0
3524 0
3588 0
3652 0
3716 0
3780 0
3844 0
3908 0
3972 0
4036 0
5 0
69 0
133 0
197 0
261 0
325 0
389 0
453 0
517 0
581 0
645 0
709 0
773 0
837 0
901 0
965 0
1029 0
1093 0
1157 0
1221 0
1285 0
1349 0
1413 0
1477 0
1541 0
1605 0
1669 0
1733 0
1797 0
1861 0
1925 0
1989 0
2053 0
2117 0
2181 0
2245 0
2309 0
2373 0
2437 0
2501 0
2565 0
2629 0
2693 0
2757 0
2821 0
2885 0
2949 0
3013 0
3077 0
3141 0
3205 0
3269 0
3333 0
3397 0
3461 0
3525 0
3589 0
3653 0
3717 0
3781 0
3845 0
3909 0
3973 0
4037 0
6 0
70 0
134 0
198 0
262 0
326 0
390 0
454 0
518 0
582 0
646 0
710 0
774 0
838 0
902 0
966 0
1030 0
1094 0
1158 0
1222 0
1286 0
1350 0
1414 0
1478 0
1542 0
1606 0
1670 0
1734 0
1798 0
1862 0
1926 0
1990 0
2054 0
2118 0
2182 0
2246 0
2310 0
2374 0
2438 0
2502 0
2566 0
2630 0
2694 0
2758 0
2822 0
2886 0
2950 0
3014 0
3078 0
3142 0
3206 0
3270 0
3334 0
3398 0
3462 0
3526 0
3590 0
3654 0
3718 0
3782 0
3846 0
3910 0
3974 0
4038 0
7 0
71 0
135 0
199 0
263 0
327 0
391 0
455 0
519 0
583 0
647 0
711 0
775 0
839 0
903 0
967 0
1031 0
1095 0
1159 0
1223 0
1287 0
1351 0
1415 0
1479 0
1543 0
1607 0
1671 0
1735 0
1799 0
1863 0
1927 0
1991 0
2055 0
2119 0
2183 0
2247 0
2311 0
2375 0
2439 0
2503 0
2567 0
2631 0
2695 0
2759 0
2823 0
2887 0
2951 0
3015 0
3079 0
3143 0
3207 0
3271 0
3335 0
3399 0
3463 0
3527 0
3591 0
3655 0
3719 0
3783 0
3847 0
3911 0
3975 0
4039 0
8 0
72 0
136 0
200 0
264 0
328 0
392 0
456 0
520 0
584 0
648 0
712 0
776 0
840 0
904 0
968 0
1032 0
1096 0
1160 0
1224 0
1288 0
1352 0
1416 0
1480 0
1544 0
1608 0
1672 0
1736 0
1800 0
1864 0
1928 0
1992 0
2056 0
2120 0
2184 0
2248 0
2312 0
2376 0
2440 0
2504 0
2568 0
2632 0
2696 0
2760 0
2824 0
2888 0
2952 0
3016 0
3080 0
3144 0
3208 0
3272 0
3336 0
3400 0
3464 0
3528 0
3592 0
3656 0
3720 0
3784 0
3848 0
3912 0
3976 0
4040 0
9 0
73 0
137 0
201 0
265 0
329 0
393 0
457 0
521 0
585 0
649 0
713 0
777 0
841 0
905 0
969 0
1033 0
1097 0
1161 0
1225 0
1289 0
1353 0
1417 0
1481 0
1545 0
1609 0
1673 0
1737 0
1801 0
1865 0
1929 0
1993 0
2057 0
2121 0
2185 0
2249 0
2313 0
2377 0
2441 0
2505 0
2569 0
2633 0
2697 0
2761 0
2825 0
2889 0
2953 0
3017 0
3081 0
3145 0
3209 0
3273 0
3337 0
3401 0
3465 0
3529 0
3593 0
3657 0
3721 0
3785 0
3849 0
3913 0
3977 0
4041 0
10 0
74 0
138 0
202 0
266 0
330 0
394 0
458 0
522 0
586 0
650 0
714 0
778 0
842 0
906 0
970 0
1034 0
1098 0
1162 0
1226 0
1290 0
1354 0
1418 0
1482 0
1546 0
1610 0
1674 0
1738 0
1802 0
1866 0
1930 0
1994 0
2058 0
2122 0
2186 0
2250 0
2314 0
2378 0
2442 0
2506 0
2570 0
2634 0
2698 0
2762 0
2826 0
2890 0
2954 0
3018 0
3082 0
3146 0
3210 0
3274 0
3338 0
3402 0
3466 0
3530 0
3594 0
3658 0
3722 0
3786 0
3850 0
3914 0
3978 0
4042 0
11 7.645297187793357e-17
75 7.645297187793357e-17
139 7.645297187793357e-17
203 7.645297187793357e-17
267 7.645297187793357e-17
331 7.645297187793357e-17
395 7.645297187793357e-17
459 7.645297187793357e-17
523 7.645297187793357e-17
587 7.645297187793357e-17
651 7.645297187793357e-17
715 7.645297187793357e-17
779 7.645297187793357e-17
843 7.645297187793357e-17
907 7.645297187793357e-17
971 7.645297187793357e-17
1035 7.645297187793357e-17
1099 7.645297187793357e-17
1163 7.645297187793357e-17
1227 7.645297187793357e-17
1291 7.645297187793357e-17
1355 7.645297187793357e-17
1419 7.645297187793357e-17
1483 7.645297187793357e-17
1547 7.645297187793357e-17
1611 7.645297187793357e-17
1675 7.645297187793357e-17
1739 7.645297187793357e-17
1803 7.645297187793357e-17
1867 7.645297187793357e-17
1931 7.645297187793357e-17
1995 7.645297187793357e-17
2059 7.645297187793357e-17
2123 7.645297187793357e-17
2187 7.645297187793357e-17
2251 7.645297187793357e-17
2315 7.645297187793357e-17
2379 7.645297187793357e-17
2443 7.645297187793357e-17
2507 7.645297187793357e-17
2571 7.645297187793357e-17
2635 7.645297187793357e-17
2699 7.645297187793357e-17
2763 7.645297187793357e-17
2827 7.645297187793357e-17
2891 7.645297187793357e-17
2955 7.645297187793357e-17
3019 7.645297187793357e-17
3083 7.645297187793357e-17
3147 7.645297187793357e-17
3211 7.645297187793357e-17
3275 7.645297187793357e-17
3339 7.645297187793357e-17
3403 7.645297187793357e-17
3467 7.645297187793357e-17
3531 7.645297187793357e-17
3595 7.645297187793357e-17
3659 7.645297187793357e-17
3723 7.645297187793357e-17
3787 7.645297187793357e-17
3851 7.645297187793357e-17
3915 7.645297187793357e-17
3979 7.645297187793357e-17
4043 7.645297187793357e-17
12 2.46680017680207e-15
76 2.46680017680207e-15
140 2.46680017680207e-15
204 2.46680017680207e-15
268 2.46680017680207e-15
332 2.46680017680207e-15
396 2.46680017680207e-15
460 2.46680017680207e-15
524 2.46680017680207e-15
588 2.46680017680207e-15
652 2.46680017680207e-15
716 2.46680017680207e-15
780 2.46680017680207e-15
844 2.46680017680207e-15
908 2.46680017680207e-15
972 2.46680017680207e-15
1036 2.46680017680207e-15
1100 2.46680017680207e-15
1164 2.46680017680207e-15
1228 2.46680017680207e-15
1292 2.46680017680207e-15
1356 2.46680017680207e-15
1420 2.46680017680207e-15
1484 2.46680017680207e-15
1548 2.46680017680207e-15
1612 2.46680017680207e-15
1676 2.46680017680207e-15
1740 2.46680017680207e-15
1804 2.46680017680207e-15
1868 2.46680017680207e-15
1932 2.46680017680207e-15
1996 2.46680017680207e-15
2060 2.46680017680207e-15
2124 2.46680017680207e-15
2188 2.46680017680207e-15
2252 2.46680017680207e-15
2316 2.46680017680207e-15
2380 2.46680017680207e-15
2444 2.46680017680207e-15
2508 2.46680017680207e-15
2572 2.46680017680207e-15
2636 2.46680017680207e-15
2700 2.46680017680207e-15
2764 2.46680017680207e-15
2828 2.46680017680207e-15
2892 2.46680017680207e-15
2956 2.46680017680207e-15
3020 2.46680017680207e-15
3084 2.46680017680207e-15
3148 2.46680017680207e-15
3212 2.46680017680207e-15
3276 2.46680017680207e-15
3340 2.46680017680207e-15
3404 2.46680017680207e-15
3468 2.46680017680207e-15
3532 2.46680017680207e-15
3596 2.46680017680207e-15
3660 2.46680017680207e-15
3724 2.46680017680207e-15
3788 2.46680017680207e-15
3852 2.46680017680207e-15
3916 2.46680017680207e-15
3980 2.46680017680207e-15
4044 2.46680017680207e-15
13 1.564955078148029e-14
77 1.564955078148029e-14
141 1.564955078148029e-14
205 1.564955078148029e-14
269 1.564955078148029e-14
333 1.564955078148029e-14
397 1.564955078148029e-14
461 1.564955078148029e-14
525 1.564955078148029e-14
589 1.564955078148029e-14
653 1.564955078148029e-14
717 1.564955078148029e-14
781 1.564955078148029e-14
845 1.564955078148029e-14
909 1.564955078148029e-14
973 1.564955078148029e-14
1037 1.564955078148029e-14
1101 1.564955078148029e-14
1165 1.564955078148029e-14
1229 1.564955078148029e-14
1293 1.564955078148029e-14
1357 1.564955078148029e-14
1421 1.564955078148029e-14
1485 1.564955078148029e-14
1549 1.564955078148029e-14
1613 1.564955078148029e-14
1677 1.564955078148029e-14
1741 1.564955078148029e-14
1805 1.564955078148029e-14
1869 1.564955078148029e-14
1933 1.564955078148029e-14
1997 1.564955078148029e-14
2061 1.564955078148029e-14
2125 1.564955078148029e-14
2189 1.564955078148029e-14
2253 1.564955078148029e-14
2317 1.564955078148029e-14
2381 1.564955078148029e-14
2445 1.564955078148029e-14
2509 1.564955078148029e-14
2573 1.564955078148029e-14
2637 1.564955078148029e-14
2701 1.564955078148029e-14
2765 1.564955078148029e-14
2829 1.564955078148029e-14
2893 1.564955078148029e-14
2957 1.564955078148029e-14
3021 1.564955078148029e-14
3085 1.564955078148029e-14
3149 1.564955078148029e-14
3213 1.564955078148029e-14
3277 1.564955078148029e-14
3341 1.564955078148029e-14
3405 1.564955078148029e-14
3469 1.564955078148029e-14
3533 1.564955078148029e-14
3597 1.564955078148029e-14
3661 1.564955078148029e-14
3725 1.564955078148029e-14
3789 1.564955078148029e-14
3853 1.564955078148029e-14
3917 1.564955078148029e-14
3981 1.564955078148029e-14
4045 1.564955078148029e-14
14 4.003150328629388e-13
78 4.003150328629388e-13
142 4.003150328629388e-13
206 4.003150328629388e-13
270 4.003150328629388e-13
334 4.003150328629388e-13
398 4.003150328629388e-13
462 4.003150328629388e-13
526 4.003150328629388e-13
590 4.003150328629388e-13
654 4.003150328629388e-13
718 4.003150328629388e-13
782 4.003150328629388e-13
846 4.003150328629388e-13
910 4.003150328629388e-13
974 4.003150328629388e-13
1038 4.003150328629388e-13
1102 4.003150328629388e-13
1166 4.003150328629388e-13
1230 4.003150328629388e-13
1294 4.003150328629388e-13
1358 4.003150328629388e-13
1422 4.003150328629388e-13
1486 4.003150328629388e-13
1550 4.003150328629388e-13
1614 4.003150328629388e-13
1678 4.003150328629388e-13
1742 4.003150328629388e-13
1806 4.003150328629388e-13
1870 4.003150328629388e-13
1934 4.003150328629388e-13
1998 4.003150328629388e-13
2062 4.003150328629388e-13
2126 4.003150328629388e-13
2190 4.003150328629388e-13
2254 4.003150328629388e-13
2318 4.003150328629388e-13
2382 4.003150328629388e-13
2446 4.003150328629388e-13
2510 4.003150328629388e-13
2574 4.003150328629388e-13
2638 4.003150328629388e-13
2702 4.003150328629388e-13
2766 4.003150328629388e-13
2830 4.003150328629388e-13
2894 4.003150328629388e-13
2958 4.003150328629388e-13
3022 4.003150328629388e-13
3086 4.003150328629388e-13
3150 4.003150328629388e-13
3214 4.003150328629388e-13
3278 4.003150328629388e-13
3342 4.003150328629388e-13
3406 4.003150328629388e-13
3470 4.003150328629388e-13
3534 4.003150328629388e-13
3598 4.003150328629388e-13
3662 4.003150328629388e-13
3726 4.003150328629388e-13
3790 4.003150328629388e-13
3854 4.003150328629388e-13
3918 4.003150328629388e-13
3982 4.003150328629388e-13
4046 4.003150328629388e-13
15 2.370983578795221e-12
79 2.370983578795221e-12
143 2.370983578795221e-12
207 2.370983578795221e-12
271 2.370983578795221e-12
335 2.370983578795221e-12
399 2.370983578795221e-12
463 2.370983578795221e-12
527 2.370983578795221e-12
591 2.370983578795221e-12
655 2.370983578795221e-12
719 2.370983578795221e-12
783 2.370983578795221e-12
847 2.370983578795221e-12
911 2.370983578795221e-12
975 2.370983578795221e-12
1039 2.370983578795221e-12
1103 2.370983578795221e-12
1167 2.370983578795221e-12
1231 2.370983578795221e-12
1295 2.370983578795221e-12
1359 2.370983578795221e-12
1423 2.370983578795221e-12
1487 2.370983578795221e-12
1551 2.370983578795221e-12
1615 2.370983578795221e-12
1679 2.370983578795221e-12
1743 2.370983578795221e-12
1807 2.370983578795221e-12
1871 2.370983578795221e-12
1935 2.370983578795221e-12
1999 2.370983578795221e-12
2063 2.370983578795221e-12
2127 2.370983578795221e-12
2191 2.370983578795221e-12
2255 2.370983578795221e-12
2319 2.370983578795221e-12
2383 2.370983578795221e-12
2447 2.370983578795221e-12
2511 2.370983578795221e-12
2575 2.370983578795221e-12
2639 2.370983578795221e-12
2703 2.370983578795221e-12
2767 2.370983578795221e-12
2831 2.370983578795221e-12
2895 2.370983578795221e-12
2959 2.370983578795221e-12
3023 2.370983578795221e-12
3087 2.370983578795221e-12
3151 2.370983578795221e-12
3215 2.370983578795221e-12
3279 2.370983578795221e-12
3343 2.370983578795221e-12
3407 2.370983578795221e-12
3471 2.370983578795221e-12
3535 2.370983578795221e-12
3599 2.370983578795221e-12
3663 2.370983578795221e-12
3727 2.370983578795221e-12
3791 2.370983578795221e-12
3855 2.370983578795221e-12
3919 2.370983578795221e-12
3983 2.370983578795221e-12
4047 2.370983578795221e-12
16 4.842188089073327e-11
80 4.842188089073327e-11
144 4.842188089073327e-11
208 4.842188089073327e-11
272 4.842188089073327e-11
336 4.842188089073327e-11
400 4.842188089073327e-11
464 4.842188089073327e-11
528 4.842188089073327e-11
592 4.842188089073327e-11
656 4.842188089073327e-11
720 4.842188089073327e-11
784 4.842188089073327e-11
848 4.842188089073327e-11
912 4.842188089073327e-11
976 4.842188089073327e-11
1040 4.842188089073327e-11
1104 4.842188089073327e-11
1168 4.842188089073327e-11
1232 4.842188089073327e-11
1296 4.842188089073327e-11
1360 4.842188089073327e-11
1424 4.842188089073327e-11
1488 4.842188089073327e-11
1552 4.842188089073327e-11
1616 4.842188089073327e-11
1680 4.842188089073327e-11
1744 4.842188089073327e-11
1808 4.842188089073327e-11
1872 4.842188089073327e-11
1936 4.842188089073327e-11
2000 4.842188089073327e-11
2064 4.842188089073327e-11
2128 4.842188089073327e-11
2192 4.842188089073327e-11
2256 4.842188089073327e-11
2320 4.842188089073327e-11
2384 4.842188089073327e-11
2448 4.842188089073327e-11
2512 4.842188089073327e-11
2576 4.842188089073327e-11
2640 4.842188089073327e-11
2704 4.842188089073327e-11
2768 4.842188089073327e-11
2832 4.842188089073327e-11
2896 4.842188089073327e-11
2960 4.842188089073327e-11
3024 4.842188089073327e-11
3088 4.842188089073327e-11
3152 4.842188089073327e-11
3216 4.842188089073327e-11
3280 4.842188089073327e-11
3344 4.842188089073327e-11
3408 4.842188089073327e-11
3472 4.842188089073327e-11
3536 4.842188089073327e-11
3600 4.842188089073327e-11
3664 4.842188089073327e-11
3728 4.842188089073327e-11
3792 4.842188089073327e-11
3856 4.842188089073327e-11
3920 4.842188089073327e-11
3984 4.842188089073327e-11
4048 4.842188089073327e-11
17 2.696860359981869e-10
81 2.696860359981869e-10
145 2.696860359981869e-10
209 2.696860359981869e-10
273 2.696860359981869e-10
337 2.696860359981869e-10
401 2.696860359981869e-10
465 2.696860359981869e-10
529 2.696860359981869e-10
593 2.696860359981869e-10
657 2.696860359981869e-10
721 2.696860359981869e-10
785 2.696860359981869e-10
849 2.696860359981869e-10
913 2.696860359981869e-10
977 2.696860359981869e-10
1041 2.696860359981869e-10
1105 2.696860359981869e-10
1169 2.696860359981869e-10
1233 2.696860359981869e-10
1297 2.696860359981869e-10
1361 2.696860359981869e-10
1425 2.696860359981869e-10
1489 2.696860359981869e-10
1553 2.696860359981869e-10
1617 2.696860359981869e-10
1681 2.696860359981869e-10
1745 2.696860359981869e-10
1809 2.696860359981869e-10
1873 2.696860359981869e-10
1937 2.696860359981869e-10
2001 2.696860359981869e-10
2065 2.696860359981869e-10
2129 2.696860359981869e-10
2193 2.696860359981869e-10
2257 2.696860359981869e-10
2321 2.696860359981869e-10
2385 2.696860359981869e-10
2449 2.696860359981869e-10
2513 2.696860359981869e-10
2577 2.696860359981869e-10
2641 2.696860359981869e-10
2705 2.696860359981869e-10
2769 2.696860359981869e-10
2833 2.696860359981869e-10
2897 2.696860359981869e-10
2961 2.696860359981869e-10
3025 2.696860359981869e-10
3089 2.696860359981869e-10
3153 2.696860359981869e-10
3217 2.696860359981869e-10
3281 2.696860359981869e-10
3345 2.696860359981869e-10
3409 2.696860359981869e-10
3473 2.696860359981869e-10
3537 2.696860359981869e-10
3601 2.696860359981869e-10
3665 2.696860359981869e-10
3729 2.696860359981869e-10
3793 2.696860359981869e-10
3857 2.696860359981869e-10
3921 2.696860359981869e-10
3985 2.696860359981869e-10
4049 2.696860359981869e-10
18 4.379981601798976e-09
82 4.379981601798976e-09
146 4.379981601798976e-09
210 4.379981601798976e-09
274 4.379981601798976e-09
338 4.379981601798976e-09
402 4.379981601798976e-09
466 4.379981601798976e-09
530 4.379981601798976e-09
594 4.379981601798976e-09
658 4.379981601798976e-09
722 4.379981601798976e-09
786 4.379981601798976e-09
850 4.379981601798976e-09
914 4.379981601798976e-09
978 4.379981601798976e-09
1042 4.379981601798976e-09
1106 4.379981601798976e-09
1170 4.379981601798976e-09
1234 4.379981601798976e-09
1298 4.379981601798976e-09
1362 4.379981601798976e-09
1426 4.379981601798976e-09
1490 4.379981601798976e-09
1554 4.379981601798976e-09
1618 4.379981601798976e-09
1682 4.379981601798976e-09
1746 4.379981601798976e-09
1810 4.379981601798976e-09
1874 4.379981601798976e-09
1938 4.379981601798976e-09
2002 4.379981601798976e-09
2066 4.379981601798976e-09
2130 4.379981601798976e-09
2194 4.379981601798976e-09
2258 4.379981601798976e-09
2322 4.379981601798976e-09
2386 4.379981601798976e-09
2450 4.379981601798976e-09
2514 4.379981601798976e-09
2578 4.379981601798976e-09
2642 4.379981601798976e-09
2706 4.379981601798976e-09
2770 4.379981601798976e-09
2834 4.379981601798976e-09
2898 4.379981601798976e-09
2962 4.379981601798976e-09
3026 4.379981601798976e-09
3090 4.379981601798976e-09
3154 4.379981601798976e-09
3218 4.379981601798976e-09
3282 4.379981601798976e-09
3346 4.379981601798976e-09
3410 4.379981601798976e-09
3474 4.379981601798976e-09
3538 4.379981601798976e-09
3602 4.379981601798976e-09
3666 4.379981601798976e-09
3730 4.379981601798976e-09
3794 4.379981601798976e-09
3858 4.379981601798976e-09
3922 4.379981601798976e-09
3986 4.379981601798976e-09
4050 4.379981601798976e-09
19 2.265832474263764e-08
83 2.265832474263764e-08
147 2.265832474263764e-08
211 2.265832474263764e-08
275 2.265832474263764e-08
339 2.265832474263764e-08
403 2.265832474263764e-08
467 2.265832474263764e-08
531 2.265832474263764e-08
595 2.265832474263764e-08
659 2.265832474263764e-08
723 2.265832474263764e-08
787 2.265832474263764e-08
851 2.265832474263764e-08
915 2.265832474263764e-08
979 2.265832474263764e-08
1043 2.265832474263764e-08
1107 2.265832474263764e-08
1171 2.265832474263764e-08
1235 2.265832474263764e-08
1299 2.265832474263764e-08
1363 2.265832474263764e-08
1427 2.265832474263764e-08
1491 2.265832474263764e-08
1555 2.265832474263764e-08
1619 2.265832474263764e-08
1683 2.265832474263764e-08
1747 2.265832474263764e-08
1811 2.265832474263764e-08
1875 2.265832474263764e-08
1939 2.265832474263764e-08
2003 2.265832474263764e-08
2067 2.265832474263764e-08
2131 2.265832474263764e-08
2195 2.265832474263764e-08
2259 2.265832474263764e-08
2323 2.265832474263764e-08
2387 2.265832474263764e-08
2451 2.265832474263764e-08
2515 2.265832474263764e-08
2579 2.265832474263764e-08
2643 2.265832474263764e-08
2707 2.265832474263764e-08
2771 2.265832474263764e-08
2835 2.265832474263764e-08
2899 2.265832474263764e-08
2963 2.265832474263764e-08
3027 2.265832474263764e-08
3091 2.265832474263764e-08
3155 2.265832474263764e-08
3219 2.265832474263764e-08
3283 2.265832474263764e-08
3347 2.265832474263764e-08
3411 2.265832474263764e-08
3475 2.265832474263764e-08
3539 2.265832474263764e-08
3603 2.265832474263764e-08
3667 2.265832474263764e-08
3731 2.265832474263764e-08
3795 2.265832474263764e-08
3859 2.265832474263764e-08
3923 2.265832474263764e-08
3987 2.265832474263764e-08
4051 2.265832474263764e-08
20 2.891298339473277e-07
84 2.891298339473277e-07
148 2.891298339473277e-07
212 2.891298339473277e-07
276 2.891298339473277e-07
340 2.891298339473277e-07
404 2.891298339473277e-07
468 2.891298339473277e-07
532 2.891298339473277e-07
596 2.891298339473277e-07
660 2.891298339473277e-07
724 2.891298339473277e-07
788 2.891298339473277e-07
852 2.891298339473277e-07
916 2.891298339473277e-07
980 2.891298339473277e-07
1044 2.891298339473277e-07
1108 2.891298339473277e-07
1172 2.891298339473277e-07
1236 2.891298339473277e-07
1300 2.891298339473277e-07
1364 2.891298339473277e-07
1428 2.891298339473277e-07
1492 2.891298339473277e-07
1556 2.891298339473277e-07
1620 2.891298339473277e-07
1684 2.891298339473277e-07
1748 2.891298339473277e-07
1812 2.891298339473277e-07
1876 2.891298339473277e-07
1940 2.891298339473277e-07
2004 2.891298339473277e-07
2068 2.891298339473277e-07
2132 2.891298339473277e-07
2196 2.891298339473277e-07
2260 2.891298339473277e-07
2324 2.891298339473277e-07
2388 2.891298339473277e-07
2452 2.891298339473277e-07
2516 2.891298339473277e-07
2580 2.891298339473277e-07
2644 2.891298339473277e-07
2708 2.891298339473277e-07
2772 2.891298339473277e-07
2836 2.891298339473277e-07
2900 2.891298339473277e-07
2964 2.891298339473277e-07
3028 2.891298339473277e-07
3092 2.891298339473277e-07
3156 2.891298339473277e-07
3220 2.891298339473277e-07
3284 2.891298339473277e-07
3348 2.891298339473277e-07
3412 2.891298339473277e-07
3476 2.891298339473277e-07
3540 2.891298339473277e-07
3604 2.891298339473277e-07
3668 2.891298339473277e-07
3732 2.891298339473277e-07
3796 2.891298339473277e-07
3860 2.891298339473277e-07
3924 2.891298339473277e-07
3988 2.891298339473277e-07
4052 2.891298339473277e-07
21 1.366576327675931e-06
85 1.366576327675931e-06
149 1.366576327675931e-06
213 1.366576327675931e-06
277 1.366576327675931e-06
341 1.366576327675931e-06
405 1.366576327675931e-06
469 1.366576327675931e-06
533 1.366576327675931e-06
597 1.366576327675931e-06
661 1.366576327675931e-06
725 1.366576327675931e-06
789 1.366576327675931e-06
853 1.366576327675931e-06
917 1.366576327675931e-06
981 1.366576327675931e-06
1045 1.366576327675931e-06
1109 1.366576327675931e-06
1173 1.366576327675931e-06
1237 1.366576327675931e-06
1301 1.366576327675931e-06
1365 1.366576327675931e-06
1429 1.366576327675931e-06
1493 1.366576327675931e-06
1557 1.366576327675931e-06
1621 1.366576327675931e-06
1685 1.366576327675931e-06
1749 1.366576327675931e-06
1813 1.366576327675931e-06
1877 1.366576327675931e-06
1941 1.366576327675931e-06
2005 1.366576327675931e-06
2069 1.366576327675931e-06
2133 1.366576327675931e-06
2197 1.366576327675931e-06
2261 1.366576327675931e-06
2325 1.366576327675931e-06
2389 1.366576327675931e-06
2453 1.366576327675931e-06
2517 1.366576327675931e-06
2581 1.366576327675931e-06
2645 1.366576327675931e-06
2709 1.366576327675931e-06
2773 1.366576327675931e-06
2837 1.366576327675931e-06
2901 1.366576327675931e-06
2965 1.366576327675931e-06
3029 1.366576327675931e-06
3093 1.366576327675931e-06
3157 1.366576327675931e-06
3221 1.366576327675931e-06
3285 1.366576327675931e-06
3349 1.366576327675931e-06
3413 1.366576327675931e-06
3477 1.366576327675931e-06
3541 1.366576327675931e-06
3605 1.366576327675931e-06
3669 1.366576327675931e-06
3733 1.366576327675931e-06
3797 1.366576327675931e-06
3861 1.366576327675931e-06
3925 1.366576327675931e-06
3989 1.366576327675931e-06
4053 1.366576327675931e-06
22 1.342789756287281e-05
86 1.342789756287281e-05
150 1.342789756287281e-05
214 1.342789756287281e-05
278 1.342789756287281e-05
342 1.342789756287281e-05
406 1.342789756287281e-05
470 1.342789756287281e-05
534 1.342789756287281e-05
598 1.342789756287281e-05
662 1.342789756287281e-05
726 1.342789756287281e-05
790 1.342789756287281e-05
854 1.342789756287281e-05
918 1.342789756287281e-05
982 1.342789756287281e-05
1046 1.342789756287281e-05
1110 1.342789756287281e-05
1174 1.342789756287281e-05
1238 1.342789756287281e-05
1302 1.342789756287281e-05
1366 1.342789756287281e-05
1430 1.342789756287281e-05
1494 1.342789756287281e-05
1558 1.342789756287281e-05
1622 1.342789756287281e-05
1686 1.342789756287281e-05
1750 1.342789756287281e-05
1814 1.342789756287281e-05
1878 1.342789756287281e-05
1942 1.342789756287281e-05
2006 1.342789756287281e-05
2070 1.342789756287281e-05
2134 1.342789756287281e-05
2198 1.342789756287281e-05
2262 1.342789756287281e-05
2326 1.342789756287281e-05
2390 1.342789756287281e-05
2454 1.342789756287281e-05
2518 1.342789756287281e-05
2582 1.342789756287281e-05
2646 1.342789756287281e-05
2710 1.342789756287281e-05
2774 1.342789756287281e-05
2838 1.342789756287281e-05
2902 1.342789756287281e-05
2966 1.342789756287281e-05
3030 1.342789756287281e-05
3094 1.342789756287281e-05
3158 1.342789756287281e-05
3222 1.342789756287281e-05
3286 1.342789756287281e-05
3350 1.342789756287281e-05
3414 1.342789756287281e-05
3478 1.342789756287281e-05
3542 1.342789756287281e-05
3606 1.342789756287281e-05
3670 1.342789756287281e-05
3734 1.342789756287281e-05
3798 1.342789756287281e-05
3862 1.342789756287281e-05
3926 1.342789756287281e-05
3990 1.342789756287281e-05
4054 1.342789756287281e-05
23 5.6666285120402e-05
87 5.6666285120402e-05
151 5.6666285120402e-05
215 5.6666285120402e-05
279 5.6666285120402e-05
343 5.6666285120402e-05
407 5.6666285120402e-05
471 5.6666285120402e-05
535 5.6666285120402e-05
599 5.6666285120402e-05
663 5.6666285120402e-05
727 5.6666285120402e-05
791 5.6666285120402e-05
855 5.6666285120402e-05
919 5.6666285120402e-05
983 5.6666285120402e-05
1047 5.6666285120402e-05
1111 5.6666285120402e-05
1175 5.6666285120402e-05
1239 5.6666285120402e-05
1303 5.6666285120402e-05
1367 5.6666285120402e-05
1431 5.6666285120402e-05
1495 5.6666285120402e-05
1559 5.6666285120402e-05
1623 5.6666285120402e-05
1687 5.6666285120402e-05
1751 5.6666285120402e-05
1815 5.6666285120402e-05
1879 5.6666285120402e-05
1943 5.6666285120402e-05
2007 5.6666285120402e-05
2071 5.6666285120402e-05
2135 5.6666285120402e-05
2199 5.6666285120402e-05
2263 5.6666285120402e-05
2327 5.6666285120402e-05
2391 5.6666285120402e-05
2455 5.6666285120402e-05
2519 5.6666285120402e-05
2583 5.6666285120402e-05
2647 5.6666285120402e-05
2711 5.6666285120402e-05
2775 5.6666285120402e-05
2839 5.6666285120402e-05
2903 5.6666285120402e-05
2967 5.6666285120402e-05
3031 5.6666285120402e-05
3095 5.6666285120402e-05
3159 5.6666285120402e-05
3223 5.6666285120402e-05
3287 5.6666285120402e-05
3351 5.6666285120402e-05
3415 5.6666285120402e-05
3479 5.6666285120402e-05
3543 5.6666285120402e-05
3607 5.6666285120402e-05
3671 5.6666285120402e-05
3735 5.6666285120402e-05
3799 5.6666285120402e-05
3863 5.6666285120402e-05
3927 5.6666285120402e-05
3991 5.6666285120402e-05
4055 5.6666285120402e-05
24 0.0004148134446997332
88 0.0004148134446997332
152 0.0004148134446997332
216 0.0004148134446997332
280 0.0004148134446997332
344 0.0004148134446997332
408 0.0004148134446997332
472 0.0004148134446997332
536 0.0004148134446997332
600 0.0004148134446997332
664 0.0004148134446997332
728 0.0004148134446997332
792 0.0004148134446997332
856 0.0004148134446997332
920 0.0004148134446997332
984 0.0004148134446997332
1048 0.0004148134446997332
1112 0.0004148134446997332
1176 0.0004148134446997332
1240 0.0004148134446997332
1304 0.0004148134446997332
1368 0.0004148134446997332
1432 0.0004148134446997332
1496 0.0004148134446997332
1560 0.0004148134446997332
1624 0.0004148134446997332
1688 0.0004148134446997332
1752 0.0004148134446997332
1816 0.0004148134446997332
1880 0.0004148134446997332
1944 0.0004148134446997332
2008 0.0004148134446997332
2072 0.0004148134446997332
2136 0.0004148134446997332
2200 0.0004148134446997332
2264 0.0004148134446997332
2328 0.0004148134446997332
2392 0.0004148134446997332
2456 0.0004148134446997332
2520 0.0004148134446997332
2584 0.0004148134446997332
2648 0.0004148134446997332
2712 0.0004148134446997332
2776 0.0004148134446997332
2840 0.0004148134446997332
2904 0.0004148134446997332
2968 0.0004148134446997332
3032 0.0004148134446997332
3096 0.0004148134446997332
3160 0.0004148134446997332
3224 0.0004148134446997332
3288 0.0004148134446997332
3352 0.0004148134446997332
3416 0.0004148134446997332
3480 0.0004148134446997332
3544 0.0004148134446997332
3608 0.0004148134446997332
3672 0.0004148134446997332
3736 0.0004148134446997332
3800 0.0004148134446997332
3864 0.0004148134446997332
3928 0.0004148134446997332
3992 0.0004148134446997332
4056 0.0004148134446997332
25 0.001508520793123121
89 0.001508520793123121
153 0.001508520793123121
217 0.001508520793123121
281 0.001508520793123121
345 0.001508520793123121
409 0.001508520793123121
473 0.001508520793123121
537 0.001508520793123121
601 0.001508520793123121
665 0.001508520793123121
729 0.001508520793123121
793 0.001508520793123121
857 0.001508520793123121
921 0.001508520793123121
985 0.001508520793123121
1049 0.001508520793123121
1113 0.001508520793123121
1177 0.001508520793123121
1241 0.001508520793123121
1305 0.001508520793123121
1369 0.001508520793123121
1433 0.001508520793123121
1497 0.001508520793123121
1561 0.001508520793123121
1625 0.001508520793123121
1689 0.001508520793123121
1753 0.001508520793123121
1817 0.001508520793123121
1881 0.001508520793123121
1945 0.001508520793123121
2009 0.001508520793123121
2073 0.001508520793123121
2137 0.001508520793123121
2201 0.001508520793123121
2265 0.001508520793123121
2329 0.001508520793123121
2393 0.001508520793123121
2457 0.001508520793123121
2521 0.001508520793123121
2585 0.001508520793123121
2649 0.001508520793123121
2713 0.001508520793123121
2777 0.001508520793123121
2841 0.001508520793123121
2905 0.001508520793123121
2969 0.001508520793123121
3033 0.001508520793123121
3097 0.001508520793123121
3161 0.001508520793123121
3225 0.001508520793123121
3289 0.001508520793123121
3353 0.001508520793123121
3417 0.001508520793123121
3481 0.001508520793123121
3545 0.001508520793123121
3609 0.001508520793123121
3673 0.001508520793123121
3737 0.001508520793123121
3801 0.001508520793123121
3865 0.001508520793123121
3929 0.001508520793123121
3993 0.001508520793123121
4057 0.001508520793123121
26 0.007760874855664276
90 0.007760874855664276
154 0.007760874855664276
218 0.007760874855664276
282 0.007760874855664276
346 0.007760874855664276
410 0.007760874855664276
474 0.007760874855664276
538 0.007760874855664276
602 0.007760874855664276
666 0.007760874855664276
730 0.007760874855664276
794 0.007760874855664276
858 0.007760874855664276
922 0.007760874855664276
986 0.007760874855664276
1050 0.007760874855664276
1114 0.007760874855664276
1178 0.007760874855664276
1242 0.007760874855664276
1306 0.007760874855664276
1370 0.007760874855664276
1434 0.007760874855664276
1498 0.007760874855664276
1562 0.007760874855664276
1626 0.007760874855664276
1690 0.007760874855664276
1754 0.007760874855664276
1818 0.007760874855664276
1882 0.007760874855664276
1946 0.007760874855664276
2010 0.007760874855664276
2074 0.007760874855664276
2138 0.007760874855664276
2202 0.007760874855664276
2266 0.007760874855664276
2330 0.007760874855664276
2394 0.007760874855664276
2458 0.007760874855664276
2522 0.007760874855664276
2586 0.007760874855664276
2650 0.007760874855664276
2714 0.007760874855664276
2778 0.007760874855664276
2842 0.007760874855664276
2906 0.007760874855664276
2970 0.007760874855664276
3034 0.007760874855664276
3098 0.007760874855664276
3162 0.007760874855664276
3226 0.007760874855664276
3290 0.007760874855664276
3354 0.007760874855664276
3418 0.007760874855664276
3482 0.007760874855664276
3546 0.007760874855664276
3610 0.007760874855664276
3674 0.007760874855664276
3738 0.007760874855664276
3802 0.007760874855664276
3866 0.007760874855664276
3930 0.007760874855664276
3994 0.007760874855664276
4058 0.007760874855664276
27 0.02270857168388267
91 0.02270857168388267
155 0.02270857168388267
219 0.02270857168388267
283 0.02270857168388267
347 0.02270857168388267
411 0.02270857168388267
475 0.02270857168388267
539 0.02270857168388267
603 0.02270857168388267
667 0.02270857168388267
731 0.02270857168388267
795 0.02270857168388267
859 0.02270857168388267
923 0.02270857168388267
987 0.02270857168388267
1051 0.02270857168388267
1115 0.02270857168388267
1179 0.02270857168388267
1243 0.02270857168388267
1307 0.02270857168388267
1371 0.02270857168388267
1435 0.02270857168388267
1499 0.02270857168388267
1563 0.02270857168388267
1627 0.02270857168388267
1691 0.02270857168388267
1755 0.02270857168388267
1819 0.02270857168388267
1883 0.02270857168388267
1947 0.02270857168388267
2011 0.02270857168388267
2075 0.02270857168388267
2139 0.02270857168388267
2203 0.02270857168388267
2267 0.02270857168388267
2331 0.02270857168388267
2395 0.02270857168388267
2459 0.02270857168388267
2523 0.02270857168388267
2587 0.02270857168388267
2651 0.02270857168388267
2715 0.02270857168388267
2779 0.02270857168388267
2843 0.02270857168388267
2907 0.02270857168388267
2971 0.02270857168388267
3035 0.02270857168388267
3099 0.02270857168388267
3163 0.02270857168388267
3227 0.02270857168388267
3291 0.02270857168388267
3355 0.02270857168388267
3419 0.02270857168388267
3483 0.02270857168388267
3547 0.02270857168388267
3611 0.02270857168388267
3675 0.02270857168388267
3739 0.02270857168388267
3803 0.02270857168388267
3867 0.02270857168388267
3931 0.02270857168388267
3995 0.02270857168388267
4059 0.02270857168388267
28 0.07309091154571939
92 0.07309091154571939
156 0.07309091154571939
220 0.07309091154571939
284 0.07309091154571939
348 0.07309091154571939
412 0.07309091154571939
476 0.07309091154571939
540 0.07309091154571939
604 0.07309091154571939
668 0.07309091154571939
732 0.07309091154571939
796 0.07309091154571939
860 0.07309091154571939
924 0.07309091154571939
988 0.07309091154571939
1052 0.07309091154571939
1116 0.07309091154571939
1180 0.07309091154571939
1244 0.07309091154571939
1308 0.07309091154571939
1372 0.07309091154571939
1436 0.07309091154571939
1500 0.07309091154571939
1564 0.07309091154571939
1628 0.07309091154571939
1692 0.07309091154571939
1756 0.07309091154571939
1820 0.07309091154571939
1884 0.07309091154571939
1948 0.07309091154571939
2012 0.07309091154571939
2076 0.07309091154571939
2140 0.07309091154571939
2204 0.07309091154571939
2268 0.07309091154571939
2332 0.07309091154571939
2396 0.07309091154571939
2460 0.07309091154571939
2524 0.07309091154571939
2588 0.07309091154571939
2652 0.07309091154571939
2716 0.07309091154571939
2780 0.07309091154571939
2844 0.07309091154571939
2908 0.07309091154571939
2972 0.07309091154571939
3036 0.07309091154571939
3100 0.07309091154571939
3164 0.07309091154571939
3228 0.07309091154571939
3292 0.07309091154571939
3356 0.07309091154571939
3420 0.07309091154571939
3484 0.07309091154571939
3548 0.07309091154571939
3612 0.07309091154571939
3676 0.07309091154571939
3740 0.07309091154571939
3804 0.07309091154571939
3868 0.07309091154571939
3932 0.07309091154571939
3996 0.07309091154571939
4060 0.07309091154571939
29 0.1486051246958398
93 0.1486051246958398
157 0.1486051246958398
221 0.1486051246958398
285 0.1486051246958398
349 0.1486051246958398
413 0.1486051246958398
477 0.1486051246958398
541 0.1486051246958398
605 0.1486051246958398
669 0.1486051246958398
733 0.1486051246958398
797 0.1486051246958398
861 0.1486051246958398
925 0.1486051246958398
989 0.1486051246958398
1053 0.1486051246958398
1117 0.1486051246958398
1181 0.1486051246958398
1245 0.1486051246958398
1309 0.1486051246958398
1373 0.1486051246958398
1437 0.1486051246958398
1501 0.1486051246958398
1565 0.1486051246958398
1629 0.1486051246958398
1693 0.1486051246958398
1757 0.1486051246958398
1821 0.1486051246958398
1885 0.1486051246958398
1949 0.1486051246958398
2013 0.1486051246958398
2077 0.1486051246958398
2141 0.1486051246958398
2205 0.1486051246958398
2269 0.1486051246958398
2333 0.1486051246958398
2397 0.1486051246958398
2461 0.1486051246958398
2525 0.1486051246958398
2589 0.1486051246958398
2653 0.1486051246958398
2717 0.1486051246958398
2781 0.1486051246958398
2845 0.1486051246958398
2909 0.1486051246958398
2973 0.1486051246958398
3037 0.1486051246958398
3101 0.1486051246958398
3165 0.1486051246958398
3229 0.1486051246958398
3293 0.1486051246958398
3357 0.1486051246958398
3421 0.1486051246958398
3485 0.1486051246958398
3549 0.1486051246958398
3613 0.1486051246958398
3677 0.1486051246958398
3741 0.1486051246958398
3805 0.1486051246958398
3869 0.1486051246958398
3933 0.1486051246958398
3997 0.1486051246958398
4061 0.1486051246958398
30 0.2553445234535267
94 0.2553445234535267
158 0.2553445234535267
222 0.2553445234535267
286 0.2553445234535267
350 0.2553445234535267
414 0.2553445234535267
478 0.2553445234535267
542 0.2553445234535267
606 0.2553445234535267
670 0.2553445234535267
734 0.2553445234535267
798 0.2553445234535267
862 0.2553445234535267
926 0.2553445234535267
990 0.2553445234535267
1054 0.2553445234535267
1118 0.2553445234535267
1182 0.2553445234535267
1246 0.2553445234535267
1310 0.2553445234535267
1374 0.2553445234535267
1438 0.2553445234535267
1502 0.2553445234535267
1566 0.2553445234535267
1630 0.2553445234535267
1694 0.2553445234535267
1758 0.2553445234535267
1822 0.2553445234535267
1886 0.2553445234535267
1950 0.2553445234535267
2014 0.2553445234535267
2078 0.2553445234535267
2142 0.2553445234535267
2206 0.2553445234535267
2270 0.2553445234535267
2334 0.2553445234535267
2398 0.2553445234535267
2462 0.2553445234535267
2526 0.2553445234535267
2590 0.2553445234535267
2654 0.2553445234535267
2718 0.2553445234535267
2782 0.2553445234535267
2846 0.2553445234535267
2910 0.2553445234535267
2974 0.2553445234535267
3038 0.2553445234535267
3102 0.2553445234535267
3166 0.2553445234535267
3230 0.2553445234535267
3294 0.2553445234535267
3358 0.2553445234535267
3422 0.2553445234535267
3486 0.2553445234535267
3550 0.2553445234535267
3614 0.2553445234535267
3678 0.2553445234535267
3742 0.2553445234535267
3806 0.2553445234535267
3870 0.2553445234535267
3934 0.2553445234535267
3998 0.2553445234535267
4062 0.2553445234535267
31 0.3336097469340703
95 0.3336097469340703
159 0.3336097469340703
223 0.3336097469340703
287 0.3336097469340703
351 0.3336097469340703
415 0.3336097469340703
479 0.3336097469340703
543 0.3336097469340703
607 0.3336097469340703
671 0.3336097469340703
735 0.3336097469340703
799 0.3336097469340703
863 0.3336097469340703
927 0.3336097469340703
991 0.3336097469340703
1055 0.3336097469340703
1119 0.3336097469340703
1183 0.3336097469340703
1247 0.3336097469340703
1311 0.3336097469340703
1375 0.3336097469340703
1439 0.3336097469340703
1503 0.3336097469340703
1567 0.3336097469340703
1631 0.3336097469340703
1695 0.3336097469340703
1759 0.3336097469340703
1823 0.3336097469340703
1887 0.3336097469340703
1951 0.3336097469340703
2015 0.3336097469340703
2079 0.3336097469340703
2143 0.3336097469340703
2207 0.3336097469340703
2271 0.3336097469340703
2335 0.3336097469340703
2399 0.3336097469340703
2463 0.3336097469340703
2527 0.3336097469340703
2591 0.3336097469340703
2655 0.3336097469340703
2719 0.3336097469340703
2783 0.3336097469340703
2847 0.3336097469340703
2911 0.3336097469340703
2975 0.3336097469340703
3039 0.3336097469340703
3103 0.3336097469340703
3167 0.3336097469340703
3231 0.3336097469340703
3295 0.3336097469340703
3359 0.3336097469340703
3423 0.3336097469340703
3487 0.3336097469340703
3551 0.3336097469340703
3615 0.3336097469340703
3679 0.3336097469340703
3743 0.3336097469340703
3807 0.3336097469340703
3871 0.3336097469340703
3935 0.3336097469340703
3999 0.3336097469340703
4063 0.3336097469340703
32 0.3667415456578154
96 0.3667415456578154
160 0.3667415456578154
224 0.3667415456578154
288 0.3667415456578154
352 0.3667415456578154
416 0.3667415456578154
480 0.3667415456578154
544 0.3667415456578154
608 0.3667415456578154
672 0.3667415456578154
736 0.3667415456578154
800 0.3667415456578154
864 0.3667415456578154
928 0.3667415456578154
992 0.3667415456578154
1056 0.3667415456578154
1120 0.3667415456578154
1184 0.3667415456578154
1248 0.3667415456578154
1312 0.3667415456578154
1376 0.3667415456578154
1440 0.3667415456578154
1504 0.3667415456578154
1568 0.3667415456578154
1632 0.3667415456578154
1696 0.3667415456578154
1760 0.3667415456578154
1824 0.3667415456578154
1888 0.3667415456578154
1952 0.3667415456578154
2016 0.3667415456578154
2080 0.3667415456578154
2144 0.3667415456578154
2208 0.3667415456578154
2272 0.3667415456578154
2336 0.3667415456578154
2400 0.3667415456578154
2464 0.3667415456578154
2528 0.3667415456578154
2592 0.3667415456578154
2656 0.3667415456578154
2720 0.3667415456578154
2784 0.3667415456578154
2848 0.3667415456578154
2912 0.3667415456578154
2976 0.3667415456578154
3040 0.3667415456578154
3104 0.3667415456578154
3168 0.3667415456578154
3232 0.3667415456578154
3296 0.3667415456578154
3360 0.3667415456578154
3424 0.3667415456578154
3488 0.3667415456578154
3552 0.3667415456578154
3616 0.3667415456578154
3680 0.3667415456578154
3744 0.3667415456578154
3808 0.3667415456578154
3872 0.3667415456578154
3936 0.3667415456578154
4000 0.3667415456578154
4064 0.3667415456578154
33 0.3737444176187737
97 0.3737444176187737
161 0.3737444176187737
225 0.3737444176187737
289 0.3737444176187737
353 0.3737444176187737
417 0.3737444176187737
481 0.3737444176187737
545 0.3737444176187737
609 0.3737444176187737
673 0.3737444176187737
737 0.3737444176187737
801 0.3737444176187737
865 0.3737444176187737
929 0.3737444176187737
993 0.3737444176187737
1057 0.3737444176187737
1121 0.3737444176187737
1185 0.3737444176187737
1249 0.3737444176187737
1313 0.3737444176187737
1377 0.3737444176187737
1441 0.3737444176187737
1505 0.3737444176187737
1569 0.3737444176187737
1633 0.3737444176187737
1697 0.3737444176187737
1761 0.3737444176187737
1825 0.3737444176187737
1889 0.3737444176187737
1953 0.3737444176187737
2017 0.3737444176187737
2081 0.3737444176187737
2145 0.3737444176187737
2209 0.3737444176187737
2273 0.3737444176187737
2337 0.3737444176187737
2401 0.3737444176187737
2465 0.3737444176187737
2529 0.3737444176187737
2593 0.3737444176187737
2657 0.3737444176187737
2721 0.3737444176187737
2785 0.3737444176187737
2849 0.3737444176187737
2913 0.3737444176187737
2977 0.3737444176187737
3041 0.3737444176187737
3105 0.3737444176187737
3169 0.3737444176187737
3233 0.3737444176187737
3297 0.3737444176187737
3361 0.3737444176187737
3425 0.3737444176187737
3489 0.3737444176187737
3553 0.3737444176187737
3617 0.3737444176187737
3681 0.3737444176187737
3745 0.3737444176187737
3809 0.3737444176187737
3873 0.3737444176187737
3937 0.3737444176187737
4001 0.3737444176187737
4065 0.3737444176187737
34 0.383358141187889
98 0.383358141187889
162 0.383358141187889
226 0.383358141187889
290 0.383358141187889
354 0.383358141187889
418 0.383358141187889
482 0.383358141187889
546 0.383358141187889
610 0.383358141187889
674 0.383358141187889
738 0.383358141187889
802 0.383358141187889
866 0.383358141187889
930 0.383358141187889
994 0.383358141187889
1058 0.383358141187889
1122 0.383358141187889
1186 0.383358141187889
1250 0.383358141187889
1314 0.383358141187889
1378 0.383358141187889
1442 0.383358141187889
1506 0.383358141187889
1570 0.383358141187889
1634 0.383358141187889
1698 0.383358141187889
1762 0.383358141187889
1826 0.383358141187889
1890 0.383358141187889
1954 0.383358141187889
2018 0.383358141187889
2082 0.383358141187889
2146 0.383358141187889
2210 0.383358141187889
2274 0.383358141187889
2338 0.383358141187889
2402 0.383358141187889
2466 0.383358141187889
2530 0.383358141187889
2594 0.383358141187889
2658 0.383358141187889
2722 0.383358141187889
2786 0.383358141187889
2850 0.383358141187889
2914 0.383358141187889
2978 0.383358141187889
3042 0.383358141187889
3106 0.383358141187889
3170 0.383358141187889
3234 0.383358141187889
3298 0.383358141187889
3362 0.383358141187889
3426 0.383358141187889
3490 0.383358141187889
3554 0.383358141187889
3618 0.383358141187889
3682 0.383358141187889
3746 0.383358141187889
3810 0.383358141187889
3874 0.383358141187889
3938 0.383358141187889
4002 0.383358141187889
4066 0.383358141187889
35 0.4091597783574865
99 0.4091597783574865
163 0.4091597783574865
227 0.4091597783574865
291 0.4091597783574865
355 0.4091597783574865
419 0.4091597783574865
483 0.4091597783574865
547 0.4091597783574865
611 0.4091597783574865
675 0.4091597783574865
739 0.4091597783574865
803 0.4091597783574865
867 0.4091597783574865
931 0.4091597783574865
995 0.4091597783574865
1059 0.4091597783574865
1123 0.4091597783574865
1187 0.4091597783574865
1251 0.4091597783574865
1315 0.4091597783574865
1379 0.4091597783574865
1443 0.4091597783574865
1507 0.4091597783574865
1571 0.4091597783574865
1635 0.4091597783574865
1699 0.4091597783574865
1763 0.4091597783574865
1827 0.4091597783574865
1891 0.4091597783574865
1955 0.4091597783574865
2019 0.4091597783574865
2083 0.4091597783574865
2147 0.4091597783574865
2211 0.4091597783574865
2275 0.4091597783574865
2339 0.4091597783574865
2403 0.4091597783574865
2467 0.4091597783574865
2531 0.4091597783574865
2595 0.4091597783574865
2659 0.4091597783574865
2723 0.4091597783574865
2787 0.4091597783574865
2851 0.4091597783574865
2915 0.4091597783574865
2979 0.4091597783574865
3043 0.4091597783574865
3107 0.4091597783574865
3171 0.4091597783574865
3235 0.4091597783574865
3299 0.4091597783574865
3363 0.4091597783574865
3427 0.4091597783574865
3491 0.4091597783574865
3555 0.4091597783574865
3619 0.4091597783574865
3683 0.4091597783574865
3747 0.4091597783574865
3811 0.4091597783574865
3875 0.4091597783574865
3939 0.4091597783574865
4003 0.4091597783574865
4067 0.4091597783574865
36 0.3812162299285893
100 0.3812162299285893
164 0.3812162299285893
228 0.3812162299285893
292 0.3812162299285893
356 0.3812162299285893
420 0.3812162299285893
484 0.3812162299285893
548 0.3812162299285893
612 0.3812162299285893
676 0.3812162299285893
740 0.3812162299285893
804 0.3812162299285893
868 0.3812162299285893
932 0.3812162299285893
996 0.3812162299285893
1060 0.3812162299285893
1124 0.3812162299285893
1188 0.3812162299285893
1252 0.3812162299285893
1316 0.3812162299285893
1380 0.3812162299285893
1444 0.3812162299285893
1508 0.3812162299285893
1572 0.3812162299285893
1636 0.3812162299285893
1700 0.3812162299285893
1764 0.3812162299285893
1828 0.3812162299285893
1892 0.3812162299285893
1956 0.3812162299285893
2020 0.3812162299285893
2084 0.3812162299285893
2148 0.3812162299285893
2212 0.3812162299285893
2276 0.3812162299285893
2340 0.3812162299285893
2404 0.3812162299285893
2468 0.3812162299285893
2532 0.3812162299285893
2596 0.3812162299285893
2660 0.3812162299285893
2724 0.3812162299285893
2788 0.3812162299285893
2852 0.3812162299285893
2916 0.3812162299285893
2980 0.3812162299285893
3044 0.3812162299285893
3108 0.3812162299285893
3172 0.3812162299285893
3236 0.3812162299285893
3300 0.3812162299285893
3364 0.3812162299285893
3428 0.3812162299285893
3492 0.3812162299285893
3556 0.3812162299285893
3620 0.3812162299285893
3684 0.3812162299285893
3748 0.3812162299285893
3812 0.3812162299285893
3876 0.3812162299285893
3940 0.3812162299285893
4004 0.3812162299285893
4068 0.3812162299285893
37 0.2107512148689713
101 0.2107512148689713
165 0.2107512148689713
229 0.2107512148689713
293 0.2107512148689713
357 0.2107512148689713
421 0.2107512148689713
485 0.2107512148689713
549 0.2107512148689713
613 0.2107512148689713
677 0.2107512148689713
741 0.2107512148689713
805 0.2107512148689713
869 0.2107512148689713
933 0.2107512148689713
997 0.2107512148689713
1061 0.2107512148689713
1125 0.2107512148689713
1189 0.2107512148689713
1253 0.2107512148689713
1317 0.2107512148689713
1381 0.2107512148689713
1445 0.2107512148689713
1509 0.2107512148689713
1573 0.2107512148689713
1637 0.2107512148689713
1701 0.2107512148689713
1765 0.2107512148689713
1829 0.2107512148689713
1893 0.2107512148689713
1957 0.2107512148689713
2021 0.2107512148689713
2085 0.2107512148689713
2149 0.2107512148689713
2213 0.2107512148689713
2277 0.2107512148689713
2341 0.2107512148689713
2405 0.2107512148689713
2469 0.2107512148689713
2533 0.2107512148689713
2597 0.2107512148689713
2661 0.2107512148689713
2725 0.2107512148689713
2789 0.2107512148689713
2853 0.2107512148689713
2917 0.2107512148689713
2981 0.2107512148689713
3045 0.2107512148689713
3109 0.2107512148689713
3173 0.2107512148689713
3237 0.2107512148689713
3301 0.2107512148689713
3365 0.2107512148689713
3429 0.2107512148689713
3493 0.2107512148689713
3557 0.2107512148689713
3621 0.2107512148689713
3685 0.2107512148689713
3749 0.2107512148689713
3813 0.2107512148689713
3877 0.2107512148689713
3941 0.2107512148689713
4005 0.2107512148689713
4069 0.2107512148689713
38 0.05071901606498336
102 0.05071901606498336
166 0.05071901606498336
230 0.05071901606498336
294 0.05071901606498336
358 0.05071901606498336
422 0.05071901606498336
486 0.05071901606498336
550 0.05071901606498336
614 0.05071901606498336
678 0.05071901606498336
742 0.05071901606498336
806 0.05071901606498336
870 0.05071901606498336
934 0.05071901606498336
998 0.05071901606498336
1062 0.05071901606498336
1126 0.05071901606498336
1190 0.05071901606498336
1254 0.05071901606498336
1318 0.05071901606498336
1382 0.05071901606498336
1446 0.05071901606498336
1510 0.05071901606498336
1574 0.05071901606498336
1638 0.05071901606498336
1702 0.05071901606498336
1766 0.05071901606498336
1830 0.05071901606498336
1894 0.05071901606498336
1958 0.05071901606498336
2022 0.05071901606498336
2086 0.05071901606498336
2150 0.05071901606498336
2214 0.05071901606498336
2278 0.05071901606498336
2342 0.05071901606498336
2406 0.05071901606498336
2470 0.05071901606498336
2534 0.05071901606498336
2598 0.05071901606498336
2662 0.05071901606498336
2726 0.05071901606498336
2790 0.05071901606498336
2854 0.05071901606498336
2918 0.05071901606498336
2982 0.05071901606498336
3046 0.05071901606498336
3110 0.05071901606498336
3174 0.05071901606498336
3238 0.05071901606498336
3302 0.05071901606498336
3366 0.05071901606498336
3430 0.05071901606498336
3494 0.05071901606498336
3558 0.05071901606498336
3622 0.05071901606498336
3686 0.05071901606498336
3750 0.05071901606498336
3814 0.05071901606498336
3878 0.05071901606498336
3942 0.05071901606498336
4006 0.05071901606498336
4070 0.05071901606498336
39 0.006330539474094661
103 0.006330539474094661
167 0.006330539474094661
231 0.006330539474094661
295 0.006330539474094661
359 0.006330539474094661
423 0.006330539474094661
487 0.006330539474094661
551 0.006330539474094661
615 0.006330539474094661
679 0.006330539474094661
743 0.006330539474094661
807 0.006330539474094661
871 0.006330539474094661
935 0.006330539474094661
999 0.006330539474094661
1063 0.006330539474094661
1127 0.006330539474094661
1191 0.006330539474094661
1255 0.006330539474094661
1319 0.006330539474094661
1383 0.006330539474094661
1447 0.006330539474094661
1511 0.006330539474094661
1575 0.006330539474094661
1639 0.006330539474094661
1703 0.006330539474094661
1767 0.006330539474094661
1831 0.006330539474094661
1895 0.006330539474094661
1959 0.006330539474094661
2023 0.006330539474094661
2087 0.006330539474094661
2151 0.006330539474094661
2215 0.006330539474094661
2279 0.006330539474094661
2343 0.006330539474094661
2407 0.006330539474094661
2471 0.006330539474094661
2535 0.006330539474094661
2599 0.006330539474094661
2663 0.006330539474094661
2727 0.006330539474094661
2791 0.006330539474094661
2855 0.006330539474094661
2919 0.006330539474094661
2983 0.006330539474094661
3047 0.006330539474094661
3111 0.006330539474094661
3175 0.006330539474094661
3239 0.006330539474094661
3303 0.006330539474094661
3367 0.006330539474094661
3431 0.006330539474094661
3495 0.006330539474094661
3559 0.006330539474094661
3623 0.006330539474094661
3687 0.006330539474094661
3751 0.006330539474094661
3815 0.006330539474094661
3879 0.006330539474094661
3943 0.006330539474094661
4007 0.006330539474094661
4071 0.006330539474094661
40 0.0006774699153913714
104 0.0006774699153913714
168 0.0006774699153913714
232 0.0006774699153913714
296 0.0006774699153913714
360 0.0006774699153913714
424 0.0006774699153913714
488 0.0006774699153913714
552 0.0006774699153913714
616 0.0006774699153913714
680 0.0006774699153913714
744 0.0006774699153913714
808 0.0006774699153913714
872 0.0006774699153913714
936 0.0006774699153913714
1000 0.0006774699153913714
1064 0.0006774699153913714
1128 0.0006774699153913714
1192 0.0006774699153913714
1256 0.0006774699153913714
1320 0.0006774699153913714
1384 0.0006774699153913714
1448 0.0006774699153913714
1512 0.0006774699153913714
1576 0.0006774699153913714
1640 0.0006774699153913714
1704 0.0006774699153913714
1768 0.0006774699153913714
1832 0.0006774699153913714
1896 0.0006774699153913714
1960 0.0006774699153913714
2024 0.0006774699153913714
2088 0.0006774699153913714
2152 0.0006774699153913714
2216 0.0006774699153913714
2280 0.0006774699153913714
2344 0.0006774699153913714
2408 0.0006774699153913714
2472 0.0006774699153913714
2536 0.0006774699153913714
2600 0.0006774699153913714
2664 0.0006774699153913714
2728 0.0006774699153913714
2792 0.0006774699153913714
2856 0.0006774699153913714
2920 0.0006774699153913714
2984 0.0006774699153913714
3048 0.0006774699153913714
3112 0.0006774699153913714
3176 0.0006774699153913714
3240 0.0006774699153913714
3304 0.0006774699153913714
3368 0.0006774699153913714
3432 0.0006774699153913714
3496 0.0006774699153913714
3560 0.0006774699153913714
3624 0.0006774699153913714
3688 0.0006774699153913714
3752 0.0006774699153913714
3816 0.0006774699153913714
3880 0.0006774699153913714
3944 0.0006774699153913714
4008 0.0006774699153913714
4072 0.0006774699153913714
41 6.933992611322221e-05
105 6.933992611322221e-05
169 6.933992611322221e-05
233 6.933992611322221e-05
297 6.933992611322221e-05
361 6.933992611322221e-05
425 6.933992611322221e-05
489 6.933992611322221e-05
553 6.933992611322221e-05
617 6.933992611322221e-05
681 6.933992611322221e-05
745 6.933992611322221e-05
809 6.933992611322221e-05
873 6.933992611322221e-05
937 6.933992611322221e-05
1001 6.933992611322221e-05
1065 6.933992611322221e-05
1129 6.933992611322221e-05
1193 6.933992611322221e-05
1257 6.933992611322221e-05
1321 6.933992611322221e-05
1385 6.933992611322221e-05
1449 6.933992611322221e-05
1513 6.933992611322221e-05
1577 6.933992611322221e-05
1641 6.933992611322221e-05
1705 6.933992611322221e-05
1769 6.933992611322221e-05
1833 6.933992611322221e-05
1897 6.933992611322221e-05
1961 6.933992611322221e-05
2025 6.933992611322221e-05
2089 6.933992611322221e-05
2153 6.933992611322221e-05
2217 6.933992611322221e-05
2281 6.933992611322221e-05
2345 6.933992611322221e-05
2409 6.933992611322221e-05
2473 6.933992611322221e-05
2537 6.933992611322221e-05
2601 6.933992611322221e-05
2665 6.933992611322221e-05
2729 6.933992611322221e-05
2793 6.933992611322221e-05
2857 6.933992611322221e-05
2921 6.933992611322221e-05
2985 6.933992611322221e-05
3049 6.933992611322221e-05
3113 6.933992611322221e-05
3177 6.933992611322221e-05
3241 6.933992611322221e-05
3305 6.933992611322221e-05
3369 6.933992611322221e-05
3433 6.933992611322221e-05
3497 6.933992611322221e-05
3561 6.933992611322221e-05
3625 6.933992611322221e-05
3689 6.933992611322221e-05
3753 6.933992611322221e-05
3817 6.933992611322221e-05
3881 6.933992611322221e-05
3945 6.933992611322221e-05
4009 6.933992611322221e-05
4073 6.933992611322221e-05
42 6.656005557490208e-06
106 6.656005557490208e-06
170 6.656005557490208e-06
234 6.656005557490208e-06
298 6.656005557490208e-06
362 6.656005557490208e-06
426 6.656005557490208e-06
490 6.656005557490208e-06
554 6.656005557490208e-06
618 6.656005557490208e-06
682 6.656005557490208e-06
746 6.656005557490208e-06
810 6.656005557490208e-06
874 6.656005557490208e-06
938 6.656005557490208e-06
1002 6.656005557490208e-06
1066 6.656005557490208e-06
1130 6.656005557490208e-06
1194 6.656005557490208e-06
1258 6.656005557490208e-06
1322 6.656005557490208e-06
1386 6.656005557490208e-06
1450 6.656005557490208e-06
1514 6.656005557490208e-06
1578 6.656005557490208e-06
1642 6.656005557490208e-06
1706 6.656005557490208e-06
1770 6.656005557490208e-06
1834 6.656005557490208e-06
1898 6.656005557490208e-06
1962 6.656005557490208e-06
2026 6.656005557490208e-06
2090 6.656005557490208e-06
2154 6.656005557490208e-06
2218 6.656005557490208e-06
2282 6.656005557490208e-06
2346 6.656005557490208e-06
2410 6.656005557490208e-06
2474 6.656005557490208e-06
2538 6.656005557490208e-06
2602 6.656005557490208e-06
2666 6.656005557490208e-06
2730 6.656005557490208e-06
2794 6.656005557490208e-06
2858 6.656005557490208e-06
2922 6.656005557490208e-06
2986 6.656005557490208e-06
3050 6.656005557490208e-06
3114 6.656005557490208e-06
3178 6.656005557490208e-06
3242 6.656005557490208e-06
3306 6.656005557490208e-06
3370 6.656005557490208e-06
3434 6.656005557490208e-06
3498 6.656005557490208e-06
3562 6.656005557490208e-06
3626 6.656005557490208e-06
3690 6.656005557490208e-06
3754 6.656005557490208e-06
3818 6.656005557490208e-06
3882 6.656005557490208e-06
3946 6.656005557490208e-06
4010 6.656005557490208e-06
4074 6.656005557490208e-06
43 6.172618564367311e-07
107 6.172618564367311e-07
171 6.172618564367311e-07
235 6.172618564367311e-07
299 6.172618564367311e-07
363 6.172618564367311e-07
427 6.172618564367311e-07
491 6.172618564367311e-07
555 6.172618564367311e-07
619 6.172618564367311e-07
683 6.172618564367311e-07
747 6.172618564367311e-07
811 6.172618564367311e-07
875 6.172618564367311e-07
939 6.172618564367311e-07
1003 6.172618564367311e-07
1067 6.172618564367311e-07
1131 6.172618564367311e-07
1195 6.172618564367311e-07
1259 6.172618564367311e-07
1323 6.172618564367311e-07
1387 6.172618564367311e-07
1451 6.172618564367311e-07
1515 6.172618564367311e-07
1579 6.172618564367311e-07
1643 6.172618564367311e-07
1707 6.172618564367311e-07
1771 6.172618564367311e-07
1835 6.172618564367311e-07
1899 6.172618564367311e-07
1963 6.172618564367311e-07
2027 6.172618564367311e-07
2091 6.172618564367311e-07
2155 6.172618564367311e-07
2219 6.172618564367311e-07
2283 6.172618564367311e-07
2347 6.172618564367311e-07
2411 6.172618564367311e-07
2475 6.172618564367311e-07
2539 6.172618564367311e-07
2603 6.172618564367311e-07
2667 6.172618564367311e-07
2731 6.172618564367311e-07
2795 6.172618564367311e-07
2859 6.172618564367311e-07
2923 6.172618564367311e-07
2987 6.172618564367311e-07
3051 6.172618564367311e-07
3115 6.172618564367311e-07
3179 6.172618564367311e-07
3243 6.172618564367311e-07
3307 6.172618564367311e-07
3371 6.172618564367311e-07
3435 6.172618564367311e-07
3499 6.172618564367311e-07
3563 6.172618564367311e-07
3627 6.172618564367311e-07
3691 6.172618564367311e-07
3755 6.172618564367311e-07
3819 6.172618564367311e-07
3883 6.172618564367311e-07
3947 6.172618564367311e-07
4011 6.172618564367311e-07
4075 6.172618564367311e-07
44 5.178149944212206e-08
108 5.178149944212206e-08
172 5.178149944212206e-08
236 5.178149944212206e-08
300 5.178149944212206e-08
364 5.178149944212206e-08
428 5.178149944212206e-08
492 5.178149944212206e-08
556 5.178149944212206e-08
620 5.178149944212206e-08
684 5.178149944212206e-08
748 5.178149944212206e-08
812 5.178149944212206e-08
876 5.178149944212206e-08
940 5.178149944212206e-08
1004 5.178149944212206e-08
1068 5.178149944212206e-08
1132 5.178149944212206e-08
1196 5.178149944212206e-08
1260 5.178149944212206e-08
1324 5.178149944212206e-08
1388 5.178149944212206e-08
1452 5.178149944212206e-08
1516 5.178149944212206e-08
1580 5.178149944212206e-08
1644 5.178149944212206e-08
1708 5.178149944212206e-08
1772 5.178149944212206e-08
1836 5.178149944212206e-08
1900 5.178149944212206e-08
1964 5.178149944212206e-08
2028 5.178149944212206e-08
2092 5.178149944212206e-08
2156 5.178149944212206e-08
2220 5.178149944212206e-08
2284 5.178149944212206e-08
2348 5.178149944212206e-08
2412 5.178149944212206e-08
2476 5.178149944212206e-08
2540 5.178149944212206e-08
2604 5.178149944212206e-08
2668 5.178149944212206e-08
2732 5.178149944212206e-08
2796 5.178149944212206e-08
2860 5.178149944212206e-08
2924 5.178149944212206e-08
2988 5.178149944212206e-08
3052 5.178149944212206e-08
3116 5.178149944212206e-08
3180 5.178149944212206e-08
3244 5.178149944212206e-08
3308 5.178149944212206e-08
3372 5.178149944212206e-08
3436 5.178149944212206e-08
3500 5.178149944212206e-08
3564 5.178149944212206e-08
3628 5.178149944212206e-08
3692 5.178149944212206e-08
3756 5.178149944212206e-08
3820 5.178149944212206e-08
3884 5.178149944212206e-08
3948 5.178149944212206e-08
4012 5.178149944212206e-08
4076 5.178149944212206e-08
45 4.302267812103074e-09
109 4.302267812103074e-09
173 4.302267812103074e-09
237 4.302267812103074e-09
301 4.302267812103074e-09
365 4.302267812103074e-09
429 4.302267812103074e-09
493 4.302267812103074e-09
557 4.302267812103074e-09
621 4.302267812103074e-09
685 4.302267812103074e-09
749 4.302267812103074e-09
813 4.302267812103074e-09
877 4.302267812103074e-09
941 4.302267812103074e-09
1005 4.302267812103074e-09
1069 4.302267812103074e-09
1133 4.302267812103074e-09
1197 4.302267812103074e-09
1261 4.302267812103074e-09
1325 4.302267812103074e-09
1389 4.302267812103074e-09
1453 4.302267812103074e-09
1517 4.302267812103074e-09
1581 4.302267812103074e-09
1645 4.302267812103074e-09
1709 4.302267812103074e-09
1773 4.302267812103074e-09
1837 4.302267812103074e-09
1901 4.302267812103074e-09
1965 4.302267812103074e-09
2029 4.302267812103074e-09
2093 4.302267812103074e-09
2157 4.302267812103074e-09
2221 4.302267812103074e-09
2285 4.302267812103074e-09
2349 4.302267812103074e-09
2413 4.302267812103074e-09
2477 4.302267812103074e-09
2541 4.302267812103074e-09
2605 4.302267812103074e-09
2669 4.302267812103074e-09
2733 4.302267812103074e-09
2797 4.302267812103074e-09
2861 4.302267812103074e-09
2925 4.302267812103074e-09
2989 4.302267812103074e-09
3053 4.302267812103074e-09
3117 4.302267812103074e-09
3181 4.302267812103074e-09
3245 4.302267812103074e-09
3309 4.302267812103074e-09
3373 4.302267812103074e-09
3437 4.302267812103074e-09
3501 4.302267812103074e-09
3565 4.302267812103074e-09
3629 4.302267812103074e-09
3693 4.302267812103074e-09
3757 4.302267812103074e-09
3821 4.302267812103074e-09
3885 4.302267812103074e-09
3949 4.302267812103074e-09
4013 4.302267812103074e-09
4077 4.302267812103074e-09
46 3.101734647823976e-10
110 3.101734647823976e-10
174 3.101734647823976e-10
238 3.101734647823976e-10
302 3.101734647823976e-10
366 3.101734647823976e-10
430 3.101734647823976e-10
494 3.101734647823976e-10
558 3.101734647823976e-10
622 3.101734647823976e-10
686 3.101734647823976e-10
750 3.101734647823976e-10
814 3.101734647823976e-10
878 3.101734647823976e-10
942 3.101734647823976e-10
1006 3.101734647823976e-10
1070 3.101734647823976e-10
1134 3.101734647823976e-10
1198 3.101734647823976e-10
1262 3.101734647823976e-10
1326 3.101734647823976e-10
1390 3.101734647823976e-10
1454 3.101734647823976e-10
1518 3.101734647823976e-10
1582 3.101734647823976e-10
1646 3.101734647823976e-10
1710 3.101734647823976e-10
1774 3.101734647823976e-10
1838 3.101734647823976e-10
1902 3.101734647823976e-10
1966 3.101734647823976e-10
2030 3.101734647823976e-10
2094 3.101734647823976e-10
2158 3.101734647823976e-10
2222 3.101734647823976e-10
2286 3.101734647823976e-10
2350 3.101734647823976e-10
2414 3.101734647823976e-10
2478 3.101734647823976e-10
2542 3.101734647823976e-10
2606 3.101734647823976e-10
2670 3.101734647823976e-10
2734 3.101734647823976e-10
2798 3.101734647823976e-10
2862 3.101734647823976e-10
2926 3.101734647823976e-10
2990 3.101734647823976e-10
3054 3.101734647823976e-10
3118 3.101734647823976e-10
3182 3.101734647823976e-10
3246 3.101734647823976e-10
3310 3.101734647823976e-10
3374 3.101734647823976e-10
3438 3.101734647823976e-10
3502 3.101734647823976e-10
3566 3.101734647823976e-10
3630 3.101734647823976e-10
3694 3.101734647823976e-10
3758 3.101734647823976e-10
3822 3.101734647823976e-10
3886 3.101734647823976e-10
3950 3.101734647823976e-10
4014 3.101734647823976e-10
4078 3.101734647823976e-10
47 2.321140761230656e-11
111 2.321140761230656e-11
175 2.321140761230656e-11
239 2.321140761230656e-11
303 2.321140761230656e-11
367 2.321140761230656e-11
431 2.321140761230656e-11
495 2.321140761230656e-11
559 2.321140761230656e-11
623 2.321140761230656e-11
687 2.321140761230656e-11
751 2.321140761230656e-11
815 2.321140761230656e-11
879 2.321140761230656e-11
943 2.321140761230656e-11
1007 2.321140761230656e-11
1071 2.321140761230656e-11
1135 2.321140761230656e-11
1199 2.321140761230656e-11
1263 2.321140761230656e-11
1327 2.321140761230656e-11
1391 2.321140761230656e-11
1455 2.321140761230656e-11
1519 2.321140761230656e-11
1583 2.321140761230656e-11
1647 2.321140761230656e-11
1711 2.321140761230656e-11
1775 2.321140761230656e-11
1839 2.321140761230656e-11
1903 2.321140761230656e-11
1967 2.321140761230656e-11
2031 2.321140761230656e-11
2095 2.321140761230656e-11
2159 2.321140761230656e-11
2223 2.321140761230656e-11
2287 2.321140761230656e-11
2351 2.321140761230656e-11
2415 2.321140761230656e-11
2479 2.321140761230656e-11
2543 2.321140761230656e-11
2607 2.321140761230656e-11
2671 2.321140761230656e-11
2735 2.321140761230656e-11
2799 2.321140761230656e-11
2863 2.321140761230656e-11
2927 2.321140761230656e-11
2991 2.321140761230656e-11
3055 2.321140761230656e-11
3119 2.321140761230656e-11
3183 2.321140761230656e-11
3247 2.321140761230656e-11
3311 2.321140761230656e-11
3375 2.321140761230656e-11
3439 2.321140761230656e-11
3503 2.321140761230656e-11
3567 2.321140761230656e-11
3631 2.321140761230656e-11
3695 2.321140761230656e-11
3759 2.321140761230656e-11
3823 2.321140761230656e-11
3887 2.321140761230656e-11
3951 2.321140761230656e-11
4015 2.321140761230656e-11
4079 2.321140761230656e-11
48 1.423399627807525e-12
112 1.423399627807525e-12
176 1.423399627807525e-12
240 1.423399627807525e-12
304 1.423399627807525e-12
368 1.423399627807525e-12
432 1.423399627807525e-12
496 1.423399627807525e-12
560 1.423399627807525e-12
624 1.423399627807525e-12
688 1.423399627807525e-12
752 1.423399627807525e-12
816 1.423399627807525e-12
880 1.423399627807525e-12
944 1.423399627807525e-12
1008 1.423399627807525e-12
1072 1.423399627807525e-12
1136 1.423399627807525e-12
1200 1.423399627807525e-12
1264 1.423399627807525e-12
1328 1.423399627807525e-12
1392 1.423399627807525e-12
1456 1.423399627807525e-12
1520 1.423399627807525e-12
1584 1.423399627807525e-12
1648 1.423399627807525e-12
1712 1.423399627807525e-12
1776 1.423399627807525e-12
1840 1.423399627807525e-12
1904 1.423399627807525e-12
1968 1.423399627807525e-12
2032 1.423399627807525e-12
2096 1.423399627807525e-12
2160 1.423399627807525e-12
2224 1.423399627807525e-12
2288 1.423399627807525e-12
2352 1.423399627807525e-12
2416 1.423399627807525e-12
2480 1.423399627807525e-12
2544 1.423399627807525e-12
2608 1.423399627807525e-12
2672 1.423399627807525e-12
2736 1.423399627807525e-12
2800 1.423399627807525e-12
2864 1.423399627807525e-12
2928 1.423399627807525e-12
2992 1.423399627807525e-12
3056 1.423399627807525e-12
3120 1.423399627807525e-12
3184 1.423399627807525e-12
3248 1.423399627807525e-12
3312 1.423399627807525e-12
3376 1.423399627807525e-12
3440 1.423399627807525e-12
3504 1.423399627807525e-12
3568 1.423399627807525e-12
3632 1.423399627807525e-12
3696 1.423399627807525e-12
3760 1.423399627807525e-12
3824 1.423399627807525e-12
3888 1.423399627807525e-12
3952 1.423399627807525e-12
4016 1.423399627807525e-12
4080 1.423399627807525e-12
49 9.689719608456422e-14
113 9.689719608456422e-14
177 9.689719608456422e-14
241 9.689719608456422e-14
305 9.689719608456422e-14
369 9.689719608456422e-14
433 9.689719608456422e-14
497 9.689719608456422e-14
561 9.689719608456422e-14
625 9.689719608456422e-14
689 9.689719608456422e-14
753 9.689719608456422e-14
817 9.689719608456422e-14
881 9.689719608456422e-14
945 9.689719608456422e-14
1009 9.689719608456422e-14
1073 9.689719608456422e-14
1137 9.689719608456422e-14
1201 9.689719608456422e-14
1265 9.689719608456422e-14
1329 9.689719608456422e-14
1393 9.689719608456422e-14
1457 9.689719608456422e-14
1521 9.689719608456422e-14
1585 9.689719608456422e-14
1649 9.689719608456422e-14
1713 9.689719608456422e-14
1777 9.689719608456422e-14
1841 9.689719608456422e-14
1905 9.689719608456422e-14
1969 9.689719608456422e-14
2033 9.689719608456422e-14
2097 9.689719608456422e-14
2161 9.689719608456422e-14
2225 9.689719608456422e-14
2289 9.689719608456422e-14
2353 9.689719608456422e-14
2417 9.689719608456422e-14
2481 9.689719608456422e-14
2545 9.689719608456422e-14
2609 9.689719608456422e-14
2673 9.689719608456422e-14
2737 9.689719608456422e-14
2801 9.689719608456422e-14
2865 9.689719608456422e-14
2929 9.689719608456422e-14
2993 9.689719608456422e-14
3057 9.689719608456422e-14
3121 9.689719608456422e-14
3185 9.689719608456422e-14
3249 9.689719608456422e-14
3313 9.689719608456422e-14
3377 9.689719608456422e-14
3441 9.689719608456422e-14
3505 9.689719608456422e-14
3569 9.689719608456422e-14
3633 9.689719608456422e-14
3697 9.689719608456422e-14
3761 9.689719608456422e-14
3825 9.689719608456422e-14
3889 9.689719608456422e-14
3953 9.689719608456422e-14
4017 9.689719608456422e-14
4081 9.689719608456422e-14
50 5.020087818995847e-15
114 5.020087818995847e-15
178 5.020087818995847e-15
242 5.020087818995847e-15
306 5.020087818995847e-15
370 5.020087818995847e-15
434 5.020087818995847e-15
498 5.020087818995847e-15
562 5.020087818995847e-15
626 5.020087818995847e-15
690 5.020087818995847e-15
754 5.020087818995847e-15
818 5.020087818995847e-15
882 5.020087818995847e-15
946 5.020087818995847e-15
1010 5.020087818995847e-15
1074 5.020087818995847e-15
1138 5.020087818995847e-15
1202 5.020087818995847e-15
1266 5.020087818995847e-15
1330 5.020087818995847e-15
1394 5.020087818995847e-15
1458 5.020087818995847e-15
1522 5.020087818995847e-15
1586 5.020087818995847e-15
1650 5.020087818995847e-15
1714 5.020087818995847e-15
1778 5.020087818995847e-15
1842 5.020087818995847e-15
1906 5.020087818995847e-15
1970 5.020087818995847e-15
2034 5.020087818995847e-15
2098 5.020087818995847e-15
2162 5.020087818995847e-15
2226 5.020087818995847e-15
2290 5.020087818995847e-15
2354 5.020087818995847e-15
2418 5.020087818995847e-15
2482 5.020087818995847e-15
2546 5.020087818995847e-15
2610 5.020087818995847e-15
2674 5.020087818995847e-15
2738 5.020087818995847e-15
2802 5.020087818995847e-15
2866 5.020087818995847e-15
2930 5.020087818995847e-15
2994 5.020087818995847e-15
3058 5.020087818995847e-15
3122 5.020087818995847e-15
3186 5.020087818995847e-15
3250 5.020087818995847e-15
3314 5.020087818995847e-15
3378 5.020087818995847e-15
3442 5.020087818995847e-15
3506 5.020087818995847e-15
3570 5.020087818995847e-15
3634 5.020087818995847e-15
3698 5.020087818995847e-15
3762 5.020087818995847e-15
3826 5.020087818995847e-15
3890 5.020087818995847e-15
3954 5.020087818995847e-15
4018 5.020087818995847e-15
4082 5.020087818995847e-15
51 3.144175309850321e-16
115 3.144175309850321e-16
179 3.144175309850321e-16
243 3.144175309850321e-16
307 3.144175309850321e-16
371 3.144175309850321e-16
435 3.144175309850321e-16
499 3.144175309850321e-16
563 3.144175309850321e-16
627 3.144175309850321e-16
691 3.144175309850321e-16
755 3.144175309850321e-16
819 3.144175309850321e-16
883 3.144175309850321e-16
947 3.144175309850321e-16
1011 3.144175309850321e-16
1075 3.144175309850321e-16
1139 3.144175309850321e-16
1203 3.144175309850321e-16
1267 3.144175309850321e-16
1331 3.144175309850321e-16
1395 3.144175309850321e-16
1459 3.144175309850321e-16
1523 3.144175309850321e-16
1587 3.144175309850321e-16
1651 3.144175309850321e-16
1715 3.144175309850321e-16
1779 3.144175309850321e-16
1843 3.144175309850321e-16
1907 3.144175309850321e-16
1971 3.144175309850321e-16
2035 3.144175309850321e-16
2099 3.144175309850321e-16
2163 3.144175309850321e-16
2227 3.144175309850321e-16
2291 3.144175309850321e-16
2355 3.144175309850321e-16
2419 3.144175309850321e-16
2483 3.144175309850321e-16
2547 3.144175309850321e-16
2611 3.144175309850321e-16
2675 3.144175309850321e-16
2739 3.144175309850321e-16
2803 3.144175309850321e-16
2867 3.144175309850321e-16
2931 3.144175309850321e-16
2995 3.144175309850321e-16
3059 3.144175309850321e-16
3123 3.144175309850321e-16
3187 3.144175309850321e-16
3251 3.144175309850321e-16
3315 3.144175309850321e-16
3379 3.144175309850321e-16
3443 3.144175309850321e-16
3507 3.144175309850321e-16
3571 3.144175309850321e-16
3635 3.144175309850321e-16
3699 3.144175309850321e-16
3763 3.144175309850321e-16
3827 3.144175309850321e-16
3891 3.144175309850321e-16
3955 3.144175309850321e-16
4019 3.144175309850321e-16
4083 3.144175309850321e-16
52 1.087506777374504e-17
116 1.087506777374504e-17
180 1.087506777374504e-17
244 1.087506777374504e-17
308 1.087506777374504e-17
372 1.087506777374504e-17
436 1.087506777374504e-17
500 1.087506777374504e-17
564 1.087506777374504e-17
628 1.087506777374504e-17
692 1.087506777374504e-17
756 1.087506777374504e-17
820 1.087506777374504e-17
884 1.087506777374504e-17
948 1.087506777374504e-17
1012 1.087506777374504e-17
1076 1.087506777374504e-17
1140 1.087506777374504e-17
1204 1.087506777374504e-17
1268 1.087506777374504e-17
1332 1.087506777374504e-17
1396 1.087506777374504e-17
1460 1.087506777374504e-17
1524 1.087506777374504e-17
1588 1.087506777374504e-17
1652 1.087506777374504e-17
1716 1.087506777374504e-17
1780 1.087506777374504e-17
1844 1.087506777374504e-17
1908 1.087506777374504e-17
1972 1.087506777374504e-17
2036 1.087506777374504e-17
2100 1.087506777374504e-17
2164 1.087506777374504e-17
2228 1.087506777374504e-17
2292 1.087506777374504e-17
2356 1.087506777374504e-17
2420 1.087506777374504e-17
2484 1.087506777374504e-17
2548 1.087506777374504e-17
2612 1.087506777374504e-17
2676 1.087506777374504e-17
2740 1.087506777374504e-17
2804 1.087506777374504e-17
2868 1.087506777374504e-17
2932 1.087506777374504e-17
2996 1.087506777374504e-17
3060 1.087506777374504e-17
3124 1.087506777374504e-17
3188 1.087506777374504e-17
3252 1.087506777374504e-17
3316 1.087506777374504e-17
3380 1.087506777374504e-17
3444 1.087506777374504e-17
3508 1.087506777374504e-17
3572 1.087506777374504e-17
3636 1.087506777374504e-17
3700 1.087506777374504e-17
3764 1.087506777374504e-17
3828 1.087506777374504e-17
3892 1.087506777374504e-17
3956 1.087506777374504e-17
4020 1.087506777374504e-17
4084 1.087506777374504e-17
53 1.131204480319813e-35
117 1.131204480319813e-35
181 1.131204480319813e-35
245 1.131204480319813e-35
309 1.131204480319813e-35
373 1.131204480319813e-35
437 1.131204480319813e-35
501 1.131204480319813e-35
565 1.131204480319813e-35
629 1.131204480319813e-35
693 1.131204480319813e-35
757 1.131204480319813e-35
821 1.131204480319813e-35
885 1.131204480319813e-35
949 1.131204480319813e-35
1013 1.131204480319813e-35
1077 1.131204480319813e-35
1141 1.131204480319813e-35
1205 1.131204480319813e-35
1269 1.131204480319813e-35
1333 1.131204480319813e-35
1397 1.131204480319813e-35
1461 1.131204480319813e-35
1525 1.131204480319813e-35
1589 1.131204480319813e-35
1653 1.131204480319813e-35
1717 1.131204480319813e-35
1781 1.131204480319813e-35
1845 1.131204480319813e-35
1909 1.131204480319813e-35
1973 1.131204480319813e-35
2037 1.131204480319813e-35
2101 1.131204480319813e-35
2165 1.131204480319813e-35
2229 1.131204480319813e-35
2293 1.131204480319813e-35
2357 1.131204480319813e-35
2421 1.131204480319813e-35
2485 1.131204480319813e-35
2549 1.131204480319813e-35
2613 1.131204480319813e-35
2677 1.131204480319813e-35
2741 1.131204480319813e-35
2805 1.131204480319813e-35
2869 1.131204480319813e-35
2933 1.131204480319813e-35
2997 1.131204480319813e-35
3061 1.131204480319813e-35
3125 1.131204480319813e-35
3189 1.131204480319813e-35
3253 1.131204480319813e-35
3317 1.131204480319813e-35
3381 1.131204480319813e-35
3445 1.131204480319813e-35
3509 1.131204480319813e-35
3573 1.131204480319813e-35
3637 1.131204480319813e-35
3701 1.131204480319813e-35
3765 1.131204480319813e-35
3829 1.131204480319813e-35
3893 1.131204480319813e-35
3957 1.131204480319813e-35
4021 1.131204480319813e-35
4085 1.131204480319813e-35
54 1.595276826336358e-73
118 1.595276826336358e-73
182 1.595276826336358e-73
246 1.595276826336358e-73
310 1.595276826336358e-73
374 1.595276826336358e-73
438 1.595276826336358e-73
502 1.595276826336358e-73
566 1.595276826336358e-73
630 1.595276826336358e-73
694 1.595276826336358e-73
758 1.595276826336358e-73
822 1.595276826336358e-73
886 1.595276826336358e-73
950 1.595276826336358e-73
1014 1.595276826336358e-73
1078 1.595276826336358e-73
1142 1.595276826336358e-73
1206 1.595276826336358e-73
1270 1.595276826336358e-73
1334 1.595276826336358e-73
1398 1.595276826336358e-73
1462 1.595276826336358e-73
1526 1.595276826336358e-73
1590 1.595276826336358e-73
1654 1.595276826336358e-73
1718 1.595276826336358e-73
1782 1.595276826336358e-73
1846 1.595276826336358e-73
1910 1.595276826336358e-73
1974 1.595276826336358e-73
2038 1.595276826336358e-73
2102 1.595276826336358e-73
2166 1.595276826336358e-73
2230 1.595276826336358e-73
2294 1.595276826336358e-73
2358 1.595276826336358e-73
2422 1.595276826336358e-73
2486 1.595276826336358e-73
2550 1.595276826336358e-73
2614 1.595276826336358e-73
2678 1.595276826336358e-73
2742 1.595276826336358e-73
2806 1.595276826336358e-73
2870 1.595276826336358e-73
2934 1.595276826336358e-73
2998 1.595276826336358e-73
3062 1.595276826336358e-73
3126 1.595276826336358e-73
3190 1.595276826336358e-73
3254 1.595276826336358e-73
3318 1.595276826336358e-73
3382 1.595276826336358e-73
3446 1.595276826336358e-73
3510 1.595276826336358e-73
3574 1.595276826336358e-73
3638 1.595276826336358e-73
3702 1.595276826336358e-73
3766 1.595276826336358e-73
3830 1.595276826336358e-73
3894 1.595276826336358e-73
3958 1.595276826336358e-73
4022 1.595276826336358e-73
4086 1.595276826336358e-73
55 7.432558893312142e-281
119 7.432558893312142e-281
183 7.432558893312142e-281
247 7.432558893312142e-281
311 7.432558893312142e-281
375 7.432558893312142e-281
439 7.432558893312142e-281
503 7.432558893312142e-281
567 7.432558893312142e-281
631 7.432558893312142e-281
695 7.432558893312142e-281
759 7.432558893312142e-281
823 7.432558893312142e-281
887 7.432558893312142e-281
951 7.432558893312142e-281
1015 7.432558893312142e-281
1079 7.432558893312142e-281
1143 7.432558893312142e-281
1207 7.432558893312142e-281
1271 7.432558893312142e-281
1335 7.432558893312142e-281
1399 7.432558893312142e-281
1463 7.432558893312142e-281
1527 7.432558893312142e-281
1591 7.432558893312142e-281
1655 7.432558893312142e-281
1719 7.432558893312142e-281
1783 7.432558893312142e-281
1847 7.432558893312142e-281
1911 7.432558893312142e-281
1975 7.432558893312142e-281
2039 7.432558893312142e-281
2103 7.432558893312142e-281
2167 7.432558893312142e-281
2231 7.432558893312142e-281
2295 7.432558893312142e-281
2359 7.432558893312142e-281
2423 7.432558893312142e-281
2487 7.432558893312142e-281
2551 7.432558893312142e-281
2615 7.432558893312142e-281
2679 7.432558893312142e-281
2743 7.432558893312142e-281
2807 7.432558893312142e-281
2871 7.432558893312142e-281
2935 7.432558893312142e-281
2999 7.432558893312142e-281
3063 7.432558893312142e-281
3127 7.432558893312142e-281
3191 7.432558893312142e-281
3255 7.432558893312142e-281
3319 7.432558893312142e-281
3383 7.432558893312142e-281
3447 7.432558893312142e-281
3511 7.432558893312142e-281
3575 7.432558893312142e-281
3639 7.432558893312142e-281
3703 7.432558893312142e-281
3767 7.432558893312142e-281
3831 7.432558893312142e-281
3895 7.432558893312142e-281
3959 7.432558893312142e-281
4023 7.432558893312142e-281
4087 7.432558893312142e-281
56 0
120 0
184 0
248 0
312 0
376 0
440 0
504 0
568 0
632 0
696 0
760 0
824 0
888 0
952 0
1016 0
1080 0
1144 0
1208 0
1272 0
1336 0
1400 0
1464 0
1528 0
1592 0
1656 0
1720 0
1784 0
1848 0
1912 0
1976 0
2040 0
2104 0
2168 0
2232 0
2296 0
2360 0
2424 0
2488 0
2552 0
2616 0
2680 0
2744 0
2808 0
2872 0
2936 0
3000 0
3064 0
3128 0
3192 0
3256 0
3320 0
3384 0
3448 0
3512 0
3576 0
3640 0
3704 0
3768 0
3832 0
3896 0
3960 0
4024 0
4088 0
57 0
121 0
185 0
249 0
313 0
377 0
441 0
505 0
569 0
633 0
697 0
761 0
825 0
889 0
953 0
1017 0
1081 0
1145 0
1209 0
1273 0
1337 0
1401 0
1465 0
1529 0
1593 0
1657 0
1721 0
1785 0
1849 0
1913 0
1977 0
2041 0
2105 0
2169 0
2233 0
2297 0
2361 0
2425 0
2489 0
2553 0
2617 0
2681 0
2745 0
2809 0
2873 0
2937 0
3001 0
3065 0
3129 0
3193 0
3257 0
3321 0
3385 0
3449 0
3513 0
3577 0
3641 0
3705 0
3769 0
3833 0
3897 0
3961 0
4025 0
4089 0
58 0
122 0
186 0
250 0
314 0
378 0
442 0
506 0
570 0
634 0
698 0
762 0
826 0
890 0
954 0
1018 0
1082 0
1146 0
1210 0
1274 0
1338 0
1402 0
1466 0
1530 0
1594 0
1658 0
1722 0
1786 0
1850 0
1914 0
1978 0
2042 0
2106 0
2170 0
2234 0
2298 0
2362 0
2426 0
2490 0
2554 0
2618 0
2682 0
2746 0
2810 0
2874 0
2938 0
3002 0
3066 0
3130 0
3194 0
3258 0
3322 0
3386 0
3450 0
3514 0
3578 0
3642 0
3706 0
3770 0
3834 0
3898 0
3962 0
4026 0
4090 0
59 0
123 0
187 0
251 0
315 0
379 0
443 0
507 0
571 0
635 0
699 0
763 0
827 0
891 0
955 0
1019 0
1083 0
1147 0
1211 0
1275 0
1339 0
1403 0
1467 0
1531 0
1595 0
1659 0
1723 0
1787 0
1851 0
1915 0
1979 0
2043 0
2107 0
2171 0
2235 0
2299 0
2363 0
2427 0
2491 0
2555 0
2619 0
2683 0
2747 0
2811 0
2875 0
2939 0
3003 0
3067 0
3131 0
3195 0
3259 0
3323 0
3387 0
3451 0
3515 0
3579 0
3643 0
3707 0
3771 0
3835 0
3899 0
3963 0
4027 0
4091 0
60 0
124 0
188 0
252 0
316 0
380 0
444 0
508 0
572 0
636 0
700 0
764 0
828 0
892 0
956 0
1020 0
1084 0
1148 0
1212 0
1276 0
1340 0
1404 0
1468 0
1532 0
1596 0
1660 0
1724 0
1788 0
1852 0
1916 0
1980 0
2044 0
2108 0
2172 0
2236 0
2300 0
2364 0
2428 0
2492 0
2556 0
2620 0
2684 0
2748 0
2812 0
2876 0
2940 0
3004 0
3068 0
3132 0
3196 0
3260 0
3324 0
3388 0
3452 0
3516 0
3580 0
3644 0
3708 0
3772 0
3836 0
3900 0
3964 0
4028 0
4092 0
61 0
125 0
189 0
253 0
317 0
381 0
445 0
509 0
573 0
637 0
701 0
765 0
829 0
893 0
957 0
1021 0
1085 0
1149 0
1213 0
1277 0
1341 0
1405 0
1469 0
1533 0
1597 0
1661 0
1725 0
1789 0
1853 0
1917 0
1981 0
2045 0
2109 0
2173 0
2237 0
2301 0
2365 0
2429 0
2493 0
2557 0
2621 0
2685 0
2749 0
2813 0
2877 0
2941 0
3005 0
3069 0
3133 0
3197 0
3261 0
3325 0
3389 0
3453 0
3517 0
3581 0
3645 0
3709 0
3773 0
3837 0
3901 0
3965 0
4029 0
4093 0
62 0
126 0
190 0
254 0
318 0
382 0
446 0
510 0
574 0
638 0
702 0
766 0
830 0
894 0
958 0
1022 0
1086 0
1150 0
1214 0
1278 0
1342 0
1406 0
1470 0
1534 0
1598 0
1662 0
1726 0
1790 0
1854 0
1918 0
1982 0
2046 0
2110 0
2174 0
2238 0
2302 0
2366 0
2430 0
2494 0
2558 0
2622 0
2686 0
2750 0
2814 0
2878 0
2942 0
3006 0
3070 0
3134 0
3198 0
3262 0
3326 0
3390 0
3454 0
3518 0
3582 0
3646 0
3710 0
3774 0
3838 0
3902 0
3966 0
4030 0
4094 0
63 0
127 0
191 0
255 0
319 0
383 0
447 0
511 0
575 0
639 0
703 0
767 0
831 0
895 0
959 0
1023 0
1087 0
1151 0
1215 0
1279 0
1343 0
1407 0
1471 0
1535 0
1599 0
1663 0
1727 0
1791 0
1855 0
1919 0
1983 0
2047 0
2111 0
2175 0
2239 0
2303 0
2367 0
2431 0
2495 0
2559 0
2623 0
2687 0
2751 0
2815 0
2879 0
2943 0
3007 0
3071 0
3135 0
3199 0
3263 0
3327 0
3391 0
3455 0
3519 0
3583 0
3647 0
3711 0
3775 0
3839 0
3903 0
3967 0
4031 0
4095 0
