0 0.5
1 0.5
2 0.5
3 0.5
4 0.5
5 0.5
6 0.5
7 0.5
8 0.5
9 0.5
10 0.5
11 0.5
12 0.5
13 0.5
14 0.5
15 0.5
16 0.5
17 0.5
18 0.5
19 0.5
20 0.5
21 0.5
22 0.5
23 0.5
24 0.5
25 0.5
26 0.5
27 0.5
28 0.5
29 0.5
30 0.5
31 0.5
32 0.5
33 0.5
34 0.5
35 0.5
36 0.5
37 0.5
38 0.5
39 0.5
40 0.5
41 0.5
42 0.5
43 0.5
44 0.5
45 0.5
46 0.5
47 0.5
48 0.5
49 0.5
50 0.5
51 0.5
52 0.5
53 0.5
54 0.5
55 0.5
56 0.5
57 0.5
58 0.5
59 0.5
60 0.5
61 0.5
62 0.5
63 0.5
64 0.5
65 0.5
66 0.5
67 0.5
68 0.5
69 0.5
70 0.5
71 0.5
72 0.5
73 0.5
74 0.5
75 0.5
76 0.5
77 0.5
78 0.5
79 0.5
80 0.5
81 0.5
82 0.5
83 0.5
84 0.5
85 0.5
86 0.5
87 0.5
88 0.5
89 0.5
90 0.5
91 0.5
92 0.5
93 0.5
94 0.5
95 0.5
96 0.5
97 0.5
98 0.5
99 0.5
100 0.5
101 0.5
102 0.5
103 0.5
104 0.5
105 0.5
106 0.5
107 0.5
108 0.5
109 0.5
110 0.5
111 0.5
112 0.5
113 0.5
114 0.5
115 0.5
116 0.5
117 0.5
118 0.5
119 0.5
120 0.5
121 0.5
122 0.5
123 0.5
124 0.5
125 0.5
126 0.5
127 0.5
128 0.5
129 0.5
130 0.5
131 0.5
132 0.5
133 0.5
134 0.5
135 0.5
136 0.5
137 0.5
138 0.5
139 0.5
140 0.5
141 0.5
142 0.5
143 0.5
144 0.5
145 0.5
146 0.5
147 0.5
148 0.5
149 0.5
150 0.5
151 0.5
152 0.5
153 0.5
154 0.5
155 0.5
156 0.5
157 0.5
158 0.5
159 0.5
160 0.5
161 0.5
162 0.5
163 0.5
164 0.5
165 0.5
166 0.5
167 0.5
168 0.5
169 0.5
170 0.5
171 0.5
172 0.5
173 0.5
174 0.5
175 0.5
176 0.5
177 0.5
178 0.5
179 0.5
180 0.5
181 0.5
182 0.5
183 0.5
184 0.5
185 0.5
186 0.5
187 0.5
188 0.5
189 0.5
190 0.5
191 0.5
192 0.5
193 0.5
194 0.5
195 0.5
196 0.5
197 0.5
198 0.5
199 0.5
200 0.5
201 0.5
202 0.5
203 0.5
204 0.5
205 0.5
206 0.5
207 0.5
208 0.5
209 0.5
210 0.5
211 0.5
212 0.5
213 0.5
214 0.5
215 0.5
216 0.5
217 0.5
218 0.5
219 0.5
220 0.5
221 0.5
222 0.5
223 0.5
224 0.5
225 0.5
226 0.5
227 0.5
228 0.5
229 0.5
230 0.5
231 0.5
232 0.5
233 0.5
234 0.5
235 0.5
236 0.5
237 0.5
238 0.5
239 0.5
240 0.5
241 0.5
242 0.5
243 0.5
244 0.5
245 0.5
246 0.5
247 0.5
248 0.5
249 0.5
250 0.5
251 0.5
252 0.5
253 0.5
254 0.5
255 0.5
256 0.5
257 0.5
258 0.5
259 0.5
260 0.5
261 0.5
262 0.5
263 0.5
264 0.5
265 0.5
266 0.5
267 0.5
268 0.5
269 0.5
270 0.5
271 0.5
272 0.5
273 0.5
274 0.5
275 0.5
276 0.5
277 0.5
278 0.5
279 0.5
280 0.5
281 0.5
282 0.5
283 0.5
284 0.5
285 0.5
286 0.5
287 0.5
288 0.5
289 0.5
290 0.5
291 0.5
292 0.5
293 0.5
294 0.5
295 0.5
296 0.5
297 0.5
298 0.5
299 0.5
300 0.5
301 0.5
302 0.5
303 0.5
304 0.5
305 0.5
306 0.5
307 0.5
308 0.5
309 0.5
310 0.5
311 0.5
312 0.5
313 0.5
314 0.5
315 0.5
316 0.5
317 0.5
318 0.5
319 0.5
320 0.5
321 0.5
322 0.5
323 0.5
324 0.5
325 0.5
326 0.5
327 0.5
328 0.5
329 0.5
330 0.5
331 0.5
332 0.5
333 0.5
334 0.5
335 0.5
336 0.5
337 0.5
338 0.5
339 0.5
340 0.5
341 0.5
342 0.5
343 0.5
344 0.5
345 0.5
346 0.5
347 0.5
348 0.5
349 0.5
350 0.5
351 0.5
352 0.5
353 0.5
354 0.5
355 0.5
356 0.5
357 0.5
358 0.5
359 0.5
360 0.5
361 0.5
362 0.5
363 0.5
364 0.5
365 0.5
366 0.5
367 0.5
368 0.5
369 0.5
370 0.5
371 0.5
372 0.5
373 0.5
374 0.5
375 0.5
376 0.5
377 0.5
378 0.5
379 0.5
380 0.5
381 0.5
382 0.5
383 0.5
384 0.5
385 0.5
386 0.5
387 0.5
388 0.5
389 0.5
390 0.5
391 0.5
392 0.5
393 0.5
394 0.5
395 0.5
396 0.5
397 0.5
398 0.5
399 0.5
400 0.5
401 0.5
402 0.5
403 0.5
404 0.5
405 0.5
406 0.5
407 0.5
408 0.5
409 0.5
410 0.5
411 0.5
412 0.5
413 0.5
414 0.5
415 0.5
416 0.5
417 0.5
418 0.5
419 0.5
420 0.5
421 0.5
422 0.5
423 0.5
424 0.5
425 0.5
426 0.5
427 0.5
428 0.5
429 0.5
430 0.5
431 0.5
432 0.5
433 0.5
434 0.5
435 0.5
436 0.5
437 0.5
438 0.5
439 0.5
440 0.5
441 0.5
442 0.5
443 0.5
444 0.5
445 0.5
446 0.5
447 0.5
448 0.5
449 0.5
450 0.5
451 0.5
452 0.5
453 0.5
454 0.5
455 0.5
456 0.5
457 0.5
458 0.5
459 0.5
460 0.5
461 0.5
462 0.5
463 0.5
464 0.5
465 0.5
466 0.5
467 0.5
468 0.5
469 0.5
470 0.5
471 0.5
472 0.5
473 0.5
474 0.5
475 0.5
476 0.5
477 0.5
478 0.5
479 0.5
480 0.5
481 0.5
482 0.5
483 0.5
484 0.5
485 0.5
486 0.5
487 0.5
488 0.5
489 0.5
490 0.5
491 0.5
492 0.5
493 0.5
494 0.5
495 0.5
496 0.5
497 0.5
498 0.5
499 0.5
500 0.5
501 0.5
502 0.5
503 0.5
504 0.5
505 0.5
506 0.5
507 0.5
508 0.5
509 0.5
510 0.5
511 0.5
512 0.5
513 0.5
514 0.5
515 0.5
516 0.5
517 0.5
518 0.5
519 0.5
520 0.5
521 0.5
522 0.5
523 0.5
524 0.5
525 0.5
526 0.5
527 0.5
528 0.5
529 0.5
530 0.5
531 0.5
532 0.5
533 0.5
534 0.5
535 0.5
536 0.5
537 0.5
538 0.5
539 0.5
540 0.5
541 0.5
542 0.5
543 0.5
544 0.5
545 0.5
546 0.5
547 0.5
548 0.5
549 0.5
550 0.5
551 0.5
552 0.5
553 0.5
554 0.5
555 0.5
556 0.5
557 0.5
558 0.5
559 0.5
560 0.5
561 0.5
562 0.5
563 0.5
564 0.5
565 0.5
566 0.5
567 0.5
568 0.5
569 0.5
570 0.5
571 0.5
572 0.5
573 0.5
574 0.5
575 0.5
576 0.5
577 0.5
578 0.5
579 0.5
580 0.5
581 0.5
582 0.5
583 0.5
584 0.5
585 0.5
586 0.5
587 0.5
588 0.5
589 0.5
590 0.5
591 0.5
592 0.5
593 0.5
594 0.5
595 0.5
596 0.5
597 0.5
598 0.5
599 0.5
600 0.5
601 0.5
602 0.5
603 0.5
604 0.5
605 0.5
606 0.5
607 0.5
608 0.5
609 0.5
610 0.5
611 0.5
612 0.5
613 0.5
614 0.5
615 0.5
616 0.5
617 0.5
618 0.5
619 0.5
620 0.5
621 0.5
622 0.5
623 0.5
624 0.5
625 0.5
626 0.5
627 0.5
628 0.5
629 0.5
630 0.5
631 0.5
632 0.5
633 0.5
634 0.5
635 0.5
636 0.5
637 0.5
638 0.5
639 0.5
640 0.5
641 0.5
642 0.5
643 0.5
644 0.5
645 0.5
646 0.5
647 0.5
648 0.5
649 0.5
650 0.5
651 0.5
652 0.5
653 0.5
654 0.5
655 0.5
656 0.5
657 0.5
658 0.5
659 0.5
660 0.5
661 0.5
662 0.5
663 0.5
664 0.5
665 0.5
666 0.5
667 0.5
668 0.5
669 0.5
670 0.5
671 0.5
672 0.5
673 0.5
674 0.5
675 0.5
676 0.5
677 0.5
678 0.5
679 0.5
680 0.5
681 0.5
682 0.5
683 0.5
684 0.5
685 0.5
686 0.5
687 0.5
688 0.5
689 0.5
690 0.5
691 0.5
692 0.5
693 0.5
694 0.5
695 0.5
696 0.5
697 0.5
698 0.5
699 0.5
700 0.5
701 0.5
702 0.5
703 0.5
704 0.5
705 0.5
706 0.5
707 0.5
708 0.5
709 0.5
710 0.5
711 0.5
712 0.5
713 0.5
714 0.5
715 0.5
716 0.5
717 0.5
718 0.5
719 0.5
720 0.5
721 0.5
722 0.5
723 0.5
724 0.5
725 0.5
726 0.5
727 0.5
728 0.5
729 0.5
730 0.5
731 0.5
732 0.5
733 0.5
734 0.5
735 0.5
736 0.5
737 0.5
738 0.5
739 0.5
740 0.5
741 0.5
742 0.5
743 0.5
744 0.5
745 0.5
746 0.5
747 0.5
748 0.5
749 0.5
750 0.5
751 0.5
752 0.5
753 0.5
754 0.5
755 0.5
756 0.5
757 0.5
758 0.5
759 0.5
760 0.5
761 0.5
762 0.5
763 0.5
764 0.5
765 0.5
766 0.5
767 0.5
768 0.5
769 0.5
770 0.5
771 0.5
772 0.5
773 0.5
774 0.5
775 0.5
776 0.5
777 0.5
778 0.5
779 0.5
780 0.5
781 0.5
782 0.5
783 0.5
784 0.5
785 0.5
786 0.5
787 0.5
788 0.5
789 0.5
790 0.5
791 0.5
792 0.5
793 0.5
794 0.5
795 0.5
796 0.5
797 0.5
798 0.5
799 0.5
800 0.5
801 0.5
802 0.5
803 0.5
804 0.5
805 0.5
806 0.5
807 0.5
808 0.5
809 0.5
810 0.5
811 0.5
812 0.5
813 0.5
814 0.5
815 0.5
816 0.5
817 0.5
818 0.5
819 0.5
820 0.5
821 0.5
822 0.5
823 0.5
824 0.5
825 0.5
826 0.5
827 0.5
828 0.5
829 0.5
830 0.5
831 0.5
832 0.5
833 0.5
834 0.5
835 0.5
836 0.5
837 0.5
838 0.5
839 0.5
840 0.5
841 0.5
842 0.5
843 0.5
844 0.5
845 0.5
846 0.5
847 0.5
848 0.5
849 0.5
850 0.5
851 0.5
852 0.5
853 0.5
854 0.5
855 0.5
856 0.5
857 0.5
858 0.5
859 0.5
860 0.5
861 0.5
862 0.5
863 0.5
864 0.5
865 0.5
866 0.5
867 0.5
868 0.5
869 0.5
870 0.5
871 0.5
872 0.5
873 0.5
874 0.5
875 0.5
876 0.5
877 0.5
878 0.5
879 0.5
880 0.5
881 0.5
882 0.5
883 0.5
884 0.5
885 0.5
886 0.5
887 0.5
888 0.5
889 0.5
890 0.5
891 0.5
892 0.5
893 0.5
894 0.5
895 0.5
896 0.5
897 0.5
898 0.5
899 0.5
900 0.5
901 0.5
902 0.5
903 0.5
904 0.5
905 0.5
906 0.5
907 0.5
908 0.5
909 0.5
910 0.5
911 0.5
912 0.5
913 0.5
914 0.5
915 0.5
916 0.5
917 0.5
918 0.5
919 0.5
920 0.5
921 0.5
922 0.5
923 0.5
924 0.5
925 0.5
926 0.5
927 0.5
928 0.5
929 0.5
930 0.5
931 0.5
932 0.5
933 0.5
934 0.5
935 0.5
936 0.5
937 0.5
938 0.5
939 0.5
940 0.5
941 0.5
942 0.5
943 0.5
944 0.5
945 0.5
946 0.5
947 0.5
948 0.5
949 0.5
950 0.5
951 0.5
952 0.5
953 0.5
954 0.5
955 0.5
956 0.5
957 0.5
958 0.5
959 0.5
960 0.5
961 0.5
962 0.5
963 0.5
964 0.5
965 0.5
966 0.5
967 0.5
968 0.5
969 0.5
970 0.5
971 0.5
972 0.5
973 0.5
974 0.5
975 0.5
976 0.5
977 0.5
978 0.5
979 0.5
980 0.5
981 0.5
982 0.5
983 0.5
984 0.5
985 0.5
986 0.5
987 0.5
988 0.5
989 0.5
990 0.5
991 0.5
992 0.5
993 0.5
994 0.5
995 0.5
996 0.5
997 0.5
998 0.5
999 0.5
1000 0.5
1001 0.5
1002 0.5
1003 0.5
1004 0.5
1005 0.5
1006 0.5
1007 0.5
1008 0.5
1009 0.5
1010 0.5
1011 0.5
1012 0.5
1013 0.5
1014 0.5
1015 0.5
1016 0.5
1017 0.5
1018 0.5
1019 0.5
1020 0.5
1021 0.5
1022 0.5
1023 0.5
1024 0.5
1025 0.5
1026 0.5
1027 0.5
1028 0.5
1029 0.5
1030 0.5
1031 0.5
1032 0.5
1033 0.5
1034 0.5
1035 0.5
1036 0.5
1037 0.5
1038 0.5
1039 0.5
1040 0.5
1041 0.5
1042 0.5
1043 0.5
1044 0.5
1045 0.5
1046 0.5
1047 0.5
1048 0.5
1049 0.5
1050 0.5
1051 0.5
1052 0.5
1053 0.5
1054 0.5
1055 0.5
1056 0.5
1057 0.5
1058 0.5
1059 0.5
1060 0.5
1061 0.5
1062 0.5
1063 0.5
1064 0.5
1065 0.5
1066 0.5
1067 0.5
1068 0.5
1069 0.5
1070 0.5
1071 0.5
1072 0.5
1073 0.5
1074 0.5
1075 0.5
1076 0.5
1077 0.5
1078 0.5
1079 0.5
1080 0.5
1081 0.5
1082 0.5
1083 0.5
1084 0.5
1085 0.5
1086 0.5
1087 0.5
1088 0.5
1089 0.5
1090 0.5
1091 0.5
1092 0.5
1093 0.5
1094 0.5
1095 0.5
1096 0.5
1097 0.5
1098 0.5
1099 0.5
1100 0.5
1101 0.5
1102 0.5
1103 0.5
1104 0.5
1105 0.5
1106 0.5
1107 0.5
1108 0.5
1109 0.5
1110 0.5
1111 0.5
1112 0.5
1113 0.5
1114 0.5
1115 0.5
1116 0.5
1117 0.5
1118 0.5
1119 0.5
1120 0.5
1121 0.5
1122 0.5
1123 0.5
1124 0.5
1125 0.5
1126 0.5
1127 0.5
1128 0.5
1129 0.5
1130 0.5
1131 0.5
1132 0.5
1133 0.5
1134 0.5
1135 0.5
1136 0.5
1137 0.5
1138 0.5
1139 0.5
1140 0.5
1141 0.5
1142 0.5
1143 0.5
1144 0.5
1145 0.5
1146 0.5
1147 0.5
1148 0.5
1149 0.5
1150 0.5
1151 0.5
1152 0.5
1153 0.5
1154 0.5
1155 0.5
1156 0.5
1157 0.5
1158 0.5
1159 0.5
1160 0.5
1161 0.5
1162 0.5
1163 0.5
1164 0.5
1165 0.5
1166 0.5
1167 0.5
1168 0.5
1169 0.5
1170 0.5
1171 0.5
1172 0.5
1173 0.5
1174 0.5
1175 0.5
1176 0.5
1177 0.5
1178 0.5
1179 0.5
1180 0.5
1181 0.5
1182 0.5
1183 0.5
1184 0.5
1185 0.5
1186 0.5
1187 0.5
1188 0.5
1189 0.5
1190 0.5
1191 0.5
1192 0.5
1193 0.5
1194 0.5
1195 0.5
1196 0.5
1197 0.5
1198 0.5
1199 0.5
1200 0.5
1201 0.5
1202 0.5
1203 0.5
1204 0.5
1205 0.5
1206 0.5
1207 0.5
1208 0.5
1209 0.5
1210 0.5
1211 0.5
1212 0.5
1213 0.5
1214 0.5
1215 0.5
1216 0.5
1217 0.5
1218 0.5
1219 0.5
1220 0.5
1221 0.5
1222 0.5
1223 0.5
1224 0.5
1225 0.5
1226 0.5
1227 0.5
1228 0.5
1229 0.5
1230 0.5
1231 0.5
1232 0.5
1233 0.5
1234 0.5
1235 0.5
1236 0.5
1237 0.5
1238 0.5
1239 0.5
1240 0.5
1241 0.5
1242 0.5
1243 0.5
1244 0.5
1245 0.5
1246 0.5
1247 0.5
1248 0.5
1249 0.5
1250 0.5
1251 0.5
1252 0.5
1253 0.5
1254 0.5
1255 0.5
1256 0.5
1257 0.5
1258 0.5
1259 0.5
1260 0.5
1261 0.5
1262 0.5
1263 0.5
1264 0.5
1265 0.5
1266 0.5
1267 0.5
1268 0.5
1269 0.5
1270 0.5
1271 0.5
1272 0.5
1273 0.5
1274 0.5
1275 0.5
1276 0.5
1277 0.5
1278 0.5
1279 0.5
1280 0.5
1281 0.5
1282 0.5
1283 0.5
1284 0.5
1285 0.5
1286 0.5
1287 0.5
1288 0.5
1289 0.5
1290 0.5
1291 0.5
1292 0.5
1293 0.5
1294 0.5
1295 0.5
1296 0.5
1297 0.5
1298 0.5
1299 0.5
1300 0.5
1301 0.5
1302 0.5
1303 0.5
1304 0.5
1305 0.5
1306 0.5
1307 0.5
1308 0.5
1309 0.5
1310 0.5
1311 0.5
1312 0.5
1313 0.5
1314 0.5
1315 0.5
1316 0.5
1317 0.5
1318 0.5
1319 0.5
1320 0.5
1321 0.5
1322 0.5
1323 0.5
1324 0.5
1325 0.5
1326 0.5
1327 0.5
1328 0.5
1329 0.5
1330 0.5
1331 0.5
1332 0.5
1333 0.5
1334 0.5
1335 0.5
1336 0.5
1337 0.5
1338 0.5
1339 0.5
1340 0.5
1341 0.5
1342 0.5
1343 0.5
1344 0.5
1345 0.5
1346 0.5
1347 0.5
1348 0.5
1349 0.5
1350 0.5
1351 0.5
1352 0.5
1353 0.5
1354 0.5
1355 0.5
1356 0.5
1357 0.5
1358 0.5
1359 0.5
1360 0.5
1361 0.5
1362 0.5
1363 0.5
1364 0.5
1365 0.5
1366 0.5
1367 0.5
1368 0.5
1369 0.5
1370 0.5
1371 0.5
1372 0.5
1373 0.5
1374 0.5
1375 0.5
1376 0.5
1377 0.5
1378 0.5
1379 0.5
1380 0.5
1381 0.5
1382 0.5
1383 0.5
1384 0.5
1385 0.5
1386 0.5
1387 0.5
1388 0.5
1389 0.5
1390 0.5
1391 0.5
1392 0.5
1393 0.5
1394 0.5
1395 0.5
1396 0.5
1397 0.5
1398 0.5
1399 0.5
1400 0.5
1401 0.5
1402 0.5
1403 0.5
1404 0.5
1405 0.5
1406 0.5
1407 0.5
1408 0.5
1409 0.5
1410 0.5
1411 0.5
1412 0.5
1413 0.5
1414 0.5
1415 0.5
1416 0.5
1417 0.5
1418 0.5
1419 0.5
1420 0.5
1421 0.5
1422 0.5
1423 0.5
1424 0.5
1425 0.5
1426 0.5
1427 0.5
1428 0.5
1429 0.5
1430 0.5
1431 0.5
1432 0.5
1433 0.5
1434 0.5
1435 0.5
1436 0.5
1437 0.5
1438 0.5
1439 0.5
1440 0.5
1441 0.5
1442 0.5
1443 0.5
1444 0.5
1445 0.5
1446 0.5
1447 0.5
1448 0.5
1449 0.5
1450 0.5
1451 0.5
1452 0.5
1453 0.5
1454 0.5
1455 0.5
1456 0.5
1457 0.5
1458 0.5
1459 0.5
1460 0.5
1461 0.5
1462 0.5
1463 0.5
1464 0.5
1465 0.5
1466 0.5
1467 0.5
1468 0.5
1469 0.5
1470 0.5
1471 0.5
1472 0.5
1473 0.5
1474 0.5
1475 0.5
1476 0.5
1477 0.5
1478 0.5
1479 0.5
1480 0.5
1481 0.5
1482 0.5
1483 0.5
1484 0.5
1485 0.5
1486 0.5
1487 0.5
1488 0.5
1489 0.5
1490 0.5
1491 0.5
1492 0.5
1493 0.5
1494 0.5
1495 0.5
1496 0.5
1497 0.5
1498 0.5
1499 0.5
1500 0.5
1501 0.5
1502 0.5
1503 0.5
1504 0.5
1505 0.5
1506 0.5
1507 0.5
1508 0.5
1509 0.5
1510 0.5
1511 0.5
1512 0.5
1513 0.5
1514 0.5
1515 0.5
1516 0.5
1517 0.5
1518 0.5
1519 0.5
1520 0.5
1521 0.5
1522 0.5
1523 0.5
1524 0.5
1525 0.5
1526 0.5
1527 0.5
1528 0.5
1529 0.5
1530 0.5
1531 0.5
1532 0.5
1533 0.5
1534 0.5
1535 0.5
1536 0.5
1537 0.5
1538 0.5
1539 0.5
1540 0.5
1541 0.5
1542 0.5
1543 0.5
1544 0.5
1545 0.5
1546 0.5
1547 0.5
1548 0.5
1549 0.5
1550 0.5
1551 0.5
1552 0.5
1553 0.5
1554 0.5
1555 0.5
1556 0.5
1557 0.5
1558 0.5
1559 0.5
1560 0.5
1561 0.5
1562 0.5
1563 0.5
1564 0.5
1565 0.5
1566 0.5
1567 0.5
1568 0.5
1569 0.5
1570 0.5
1571 0.5
1572 0.5
1573 0.5
1574 0.5
1575 0.5
1576 0.5
1577 0.5
1578 0.5
1579 0.5
1580 0.5
1581 0.5
1582 0.5
1583 0.5
1584 0.5
1585 0.5
1586 0.5
1587 0.5
1588 0.5
1589 0.5
1590 0.5
1591 0.5
1592 0.5
1593 0.5
1594 0.5
1595 0.5
1596 0.5
1597 0.5
1598 0.5
1599 0.5
1600 0.5
1601 0.5
1602 0.5
1603 0.5
1604 0.5
1605 0.5
1606 0.5
1607 0.5
1608 0.5
1609 0.5
1610 0.5
1611 0.5
1612 0.5
1613 0.5
1614 0.5
1615 0.5
1616 0.5
1617 0.5
1618 0.5
1619 0.5
1620 0.5
1621 0.5
1622 0.5
1623 0.5
1624 0.5
1625 0.5
1626 0.5
1627 0.5
1628 0.5
1629 0.5
1630 0.5
1631 0.5
1632 0.5
1633 0.5
1634 0.5
1635 0.5
1636 0.5
1637 0.5
1638 0.5
1639 0.5
1640 0.5
1641 0.5
1642 0.5
1643 0.5
1644 0.5
1645 0.5
1646 0.5
1647 0.5
1648 0.5
1649 0.5
1650 0.5
1651 0.5
1652 0.5
1653 0.5
1654 0.5
1655 0.5
1656 0.5
1657 0.5
1658 0.5
1659 0.5
1660 0.5
1661 0.5
1662 0.5
1663 0.5
1664 0.5
1665 0.5
1666 0.5
1667 0.5
1668 0.5
1669 0.5
1670 0.5
1671 0.5
1672 0.5
1673 0.5
1674 0.5
1675 0.5
1676 0.5
1677 0.5
1678 0.5
1679 0.5
1680 0.5
1681 0.5
1682 0.5
1683 0.5
1684 0.5
1685 0.5
1686 0.5
1687 0.5
1688 0.5
1689 0.5
1690 0.5
1691 0.5
1692 0.5
1693 0.5
1694 0.5
1695 0.5
1696 0.5
1697 0.5
1698 0.5
1699 0.5
1700 0.5
1701 0.5
1702 0.5
1703 0.5
1704 0.5
1705 0.5
1706 0.5
1707 0.5
1708 0.5
1709 0.5
1710 0.5
1711 0.5
1712 0.5
1713 0.5
1714 0.5
1715 0.5
1716 0.5
1717 0.5
1718 0.5
1719 0.5
1720 0.5
1721 0.5
1722 0.5
1723 0.5
1724 0.5
1725 0.5
1726 0.5
1727 0.5
1728 0.5
1729 0.5
1730 0.5
1731 0.5
1732 0.5
1733 0.5
1734 0.5
1735 0.5
1736 0.5
1737 0.5
1738 0.5
1739 0.5
1740 0.5
1741 0.5
1742 0.5
1743 0.5
1744 0.5
1745 0.5
1746 0.5
1747 0.5
1748 0.5
1749 0.5
1750 0.5
1751 0.5
1752 0.5
1753 0.5
1754 0.5
1755 0.5
1756 0.5
1757 0.5
1758 0.5
1759 0.5
1760 0.5
1761 0.5
1762 0.5
1763 0.5
1764 0.5
1765 0.5
1766 0.5
1767 0.5
1768 0.5
1769 0.5
1770 0.5
1771 0.5
1772 0.5
1773 0.5
1774 0.5
1775 0.5
1776 0.5
1777 0.5
1778 0.5
1779 0.5
1780 0.5
1781 0.5
1782 0.5
1783 0.5
1784 0.5
1785 0.5
1786 0.5
1787 0.5
1788 0.5
1789 0.5
1790 0.5
1791 0.5
1792 0.5
1793 0.5
1794 0.5
1795 0.5
1796 0.5
1797 0.5
1798 0.5
1799 0.5
1800 0.5
1801 0.5
1802 0.5
1803 0.5
1804 0.5
1805 0.5
1806 0.5
1807 0.5
1808 0.5
1809 0.5
1810 0.5
1811 0.5
1812 0.5
1813 0.5
1814 0.5
1815 0.5
1816 0.5
1817 0.5
1818 0.5
1819 0.5
1820 0.5
1821 0.5
1822 0.5
1823 0.5
1824 0.5
1825 0.5
1826 0.5
1827 0.5
1828 0.5
1829 0.5
1830 0.5
1831 0.5
1832 0.5
1833 0.5
1834 0.5
1835 0.5
1836 0.5
1837 0.5
1838 0.5
1839 0.5
1840 0.5
1841 0.5
1842 0.5
1843 0.5
1844 0.5
1845 0.5
1846 0.5
1847 0.5
1848 0.5
1849 0.5
1850 0.5
1851 0.5
1852 0.5
1853 0.5
1854 0.5
1855 0.5
1856 0.5
1857 0.5
1858 0.5
1859 0.5
1860 0.5
1861 0.5
1862 0.5
1863 0.5
1864 0.5
1865 0.5
1866 0.5
1867 0.5
1868 0.5
1869 0.5
1870 0.5
1871 0.5
1872 0.5
1873 0.5
1874 0.5
1875 0.5
1876 0.5
1877 0.5
1878 0.5
1879 0.5
1880 0.5
1881 0.5
1882 0.5
1883 0.5
1884 0.5
1885 0.5
1886 0.5
1887 0.5
1888 0.5
1889 0.5
1890 0.5
1891 0.5
1892 0.5
1893 0.5
1894 0.5
1895 0.5
1896 0.5
1897 0.5
1898 0.5
1899 0.5
1900 0.5
1901 0.5
1902 0.5
1903 0.5
1904 0.5
1905 0.5
1906 0.5
1907 0.5
1908 0.5
1909 0.5
1910 0.5
1911 0.5
1912 0.5
1913 0.5
1914 0.5
1915 0.5
1916 0.5
1917 0.5
1918 0.5
1919 0.5
1920 0.5
1921 0.5
1922 0.5
1923 0.5
1924 0.5
1925 0.5
1926 0.5
1927 0.5
1928 0.5
1929 0.5
1930 0.5
1931 0.5
1932 0.5
1933 0.5
1934 0.5
1935 0.5
1936 0.5
1937 0.5
1938 0.5
1939 0.5
1940 0.5
1941 0.5
1942 0.5
1943 0.5
1944 0.5
1945 0.5
1946 0.5
1947 0.5
1948 0.5
1949 0.5
1950 0.5
1951 0.5
1952 0.5
1953 0.5
1954 0.5
1955 0.5
1956 0.5
1957 0.5
1958 0.5
1959 0.5
1960 0.5
1961 0.5
1962 0.5
1963 0.5
1964 0.5
1965 0.5
1966 0.5
1967 0.5
1968 0.5
1969 0.5
1970 0.5
1971 0.5
1972 0.5
1973 0.5
1974 0.5
1975 0.5
1976 0.5
1977 0.5
1978 0.5
1979 0.5
1980 0.5
1981 0.5
1982 0.5
1983 0.5
1984 0.5
1985 0.5
1986 0.5
1987 0.5
1988 0.5
1989 0.5
1990 0.5
1991 0.5
1992 0.5
1993 0.5
1994 0.5
1995 0.5
1996 0.5
1997 0.5
1998 0.5
1999 0.5
2000 0.5
2001 0.5
2002 0.5
2003 0.5
2004 0.5
2005 0.5
2006 0.5
2007 0.5
2008 0.5
2009 0.5
2010 0.5
2011 0.5
2012 0.5
2013 0.5
2014 0.5
2015 0.5
2016 0.5
2017 0.5
2018 0.5
2019 0.5
2020 0.5
2021 0.5
2022 0.5
2023 0.5
2024 0.5
2025 0.5
2026 0.5
2027 0.5
2028 0.5
2029 0.5
2030 0.5
2031 0.5
2032 0.5
2033 0.5
2034 0.5
2035 0.5
2036 0.5
2037 0.5
2038 0.5
2039 0.5
2040 0.5
2041 0.5
2042 0.5
2043 0.5
2044 0.5
2045 0.5
2046 0.5
2047 0.5
2048 0.5
2049 0.5
2050 0.5
2051 0.5
2052 0.5
2053 0.5
2054 0.5
2055 0.5
2056 0.5
2057 0.5
2058 0.5
2059 0.5
2060 0.5
2061 0.5
2062 0.5
2063 0.5
2064 0.5
2065 0.5
2066 0.5
2067 0.5
2068 0.5
2069 0.5
2070 0.5
2071 0.5
2072 0.5
2073 0.5
2074 0.5
2075 0.5
2076 0.5
2077 0.5
2078 0.5
2079 0.5
2080 0.5
2081 0.5
2082 0.5
2083 0.5
2084 0.5
2085 0.5
2086 0.5
2087 0.5
2088 0.5
2089 0.5
2090 0.5
2091 0.5
2092 0.5
2093 0.5
2094 0.5
2095 0.5
2096 0.5
2097 0.5
2098 0.5
2099 0.5
2100 0.5
2101 0.5
2102 0.5
2103 0.5
2104 0.5
2105 0.5
2106 0.5
2107 0.5
2108 0.5
2109 0.5
2110 0.5
2111 0.5
2112 0.5
2113 0.5
2114 0.5
2115 0.5
2116 0.5
2117 0.5
2118 0.5
2119 0.5
2120 0.5
2121 0.5
2122 0.5
2123 0.5
2124 0.5
2125 0.5
2126 0.5
2127 0.5
2128 0.5
2129 0.5
2130 0.5
2131 0.5
2132 0.5
2133 0.5
2134 0.5
2135 0.5
2136 0.5
2137 0.5
2138 0.5
2139 0.5
2140 0.5
2141 0.5
2142 0.5
2143 0.5
2144 0.5
2145 0.5
2146 0.5
2147 0.5
2148 0.5
2149 0.5
2150 0.5
2151 0.5
2152 0.5
2153 0.5
2154 0.5
2155 0.5
2156 0.5
2157 0.5
2158 0.5
2159 0.5
2160 0.5
2161 0.5
2162 0.5
2163 0.5
2164 0.5
2165 0.5
2166 0.5
2167 0.5
2168 0.5
2169 0.5
2170 0.5
2171 0.5
2172 0.5
2173 0.5
2174 0.5
2175 0.5
2176 0.5
2177 0.5
2178 0.5
2179 0.5
2180 0.5
2181 0.5
2182 0.5
2183 0.5
2184 0.5
2185 0.5
2186 0.5
2187 0.5
2188 0.5
2189 0.5
2190 0.5
2191 0.5
2192 0.5
2193 0.5
2194 0.5
2195 0.5
2196 0.5
2197 0.5
2198 0.5
2199 0.5
2200 0.5
2201 0.5
2202 0.5
2203 0.5
2204 0.5
2205 0.5
2206 0.5
2207 0.5
2208 0.5
2209 0.5
2210 0.5
2211 0.5
2212 0.5
2213 0.5
2214 0.5
2215 0.5
2216 0.5
2217 0.5
2218 0.5
2219 0.5
2220 0.5
2221 0.5
2222 0.5
2223 0.5
2224 0.5
2225 0.5
2226 0.5
2227 0.5
2228 0.5
2229 0.5
2230 0.5
2231 0.5
2232 0.5
2233 0.5
2234 0.5
2235 0.5
2236 0.5
2237 0.5
2238 0.5
2239 0.5
2240 0.5
2241 0.5
2242 0.5
2243 0.5
2244 0.5
2245 0.5
2246 0.5
2247 0.5
2248 0.5
2249 0.5
2250 0.5
2251 0.5
2252 0.5
2253 0.5
2254 0.5
2255 0.5
2256 0.5
2257 0.5
2258 0.5
2259 0.5
2260 0.5
2261 0.5
2262 0.5
2263 0.5
2264 0.5
2265 0.5
2266 0.5
2267 0.5
2268 0.5
2269 0.5
2270 0.5
2271 0.5
2272 0.5
2273 0.5
2274 0.5
2275 0.5
2276 0.5
2277 0.5
2278 0.5
2279 0.5
2280 0.5
2281 0.5
2282 0.5
2283 0.5
2284 0.5
2285 0.5
2286 0.5
2287 0.5
2288 0.5
2289 0.5
2290 0.5
2291 0.5
2292 0.5
2293 0.5
2294 0.5
2295 0.5
2296 0.5
2297 0.5
2298 0.5
2299 0.5
2300 0.5
2301 0.5
2302 0.5
2303 0.5
2304 0.5
2305 0.5
2306 0.5
2307 0.5
2308 0.5
2309 0.5
2310 0.5
2311 0.5
2312 0.5
2313 0.5
2314 0.5
2315 0.5
2316 0.5
2317 0.5
2318 0.5
2319 0.5
2320 0.5
2321 0.5
2322 0.5
2323 0.5
2324 0.5
2325 0.5
2326 0.5
2327 0.5
2328 0.5
2329 0.5
2330 0.5
2331 0.5
2332 0.5
2333 0.5
2334 0.5
2335 0.5
2336 0.5
2337 0.5
2338 0.5
2339 0.5
2340 0.5
2341 0.5
2342 0.5
2343 0.5
2344 0.5
2345 0.5
2346 0.5
2347 0.5
2348 0.5
2349 0.5
2350 0.5
2351 0.5
2352 0.5
2353 0.5
2354 0.5
2355 0.5
2356 0.5
2357 0.5
2358 0.5
2359 0.5
2360 0.5
2361 0.5
2362 0.5
2363 0.5
2364 0.5
2365 0.5
2366 0.5
2367 0.5
2368 0.5
2369 0.5
2370 0.5
2371 0.5
2372 0.5
2373 0.5
2374 0.5
2375 0.5
2376 0.5
2377 0.5
2378 0.5
2379 0.5
2380 0.5
2381 0.5
2382 0.5
2383 0.5
2384 0.5
2385 0.5
2386 0.5
2387 0.5
2388 0.5
2389 0.5
2390 0.5
2391 0.5
2392 0.5
2393 0.5
2394 0.5
2395 0.5
2396 0.5
2397 0.5
2398 0.5
2399 0.5
2400 0.5
2401 0.5
2402 0.5
2403 0.5
2404 0.5
2405 0.5
2406 0.5
2407 0.5
2408 0.5
2409 0.5
2410 0.5
2411 0.5
2412 0.5
2413 0.5
2414 0.5
2415 0.5
2416 0.5
2417 0.5
2418 0.5
2419 0.5
2420 0.5
2421 0.5
2422 0.5
2423 0.5
2424 0.5
2425 0.5
2426 0.5
2427 0.5
2428 0.5
2429 0.5
2430 0.5
2431 0.5
2432 0.5
2433 0.5
2434 0.5
2435 0.5
2436 0.5
2437 0.5
2438 0.5
2439 0.5
2440 0.5
2441 0.5
2442 0.5
2443 0.5
2444 0.5
2445 0.5
2446 0.5
2447 0.5
2448 0.5
2449 0.5
2450 0.5
2451 0.5
2452 0.5
2453 0.5
2454 0.5
2455 0.5
2456 0.5
2457 0.5
2458 0.5
2459 0.5
2460 0.5
2461 0.5
2462 0.5
2463 0.5
2464 0.5
2465 0.5
2466 0.5
2467 0.5
2468 0.5
2469 0.5
2470 0.5
2471 0.5
2472 0.5
2473 0.5
2474 0.5
2475 0.5
2476 0.5
2477 0.5
2478 0.5
2479 0.5
2480 0.5
2481 0.5
2482 0.5
2483 0.5
2484 0.5
2485 0.5
2486 0.5
2487 0.5
2488 0.5
2489 0.5
2490 0.5
2491 0.5
2492 0.5
2493 0.5
2494 0.5
2495 0.5
2496 0.5
2497 0.5
2498 0.5
2499 0.5
2500 0.5
2501 0.5
2502 0.5
2503 0.5
2504 0.5
2505 0.5
2506 0.5
2507 0.5
2508 0.5
2509 0.5
2510 0.5
2511 0.5
2512 0.5
2513 0.5
2514 0.5
2515 0.5
2516 0.5
2517 0.5
2518 0.5
2519 0.5
2520 0.5
2521 0.5
2522 0.5
2523 0.5
2524 0.5
2525 0.5
2526 0.5
2527 0.5
2528 0.5
2529 0.5
2530 0.5
2531 0.5
2532 0.5
2533 0.5
2534 0.5
2535 0.5
2536 0.5
2537 0.5
2538 0.5
2539 0.5
2540 0.5
2541 0.5
2542 0.5
2543 0.5
2544 0.5
2545 0.5
2546 0.5
2547 0.5
2548 0.5
2549 0.5
2550 0.5
2551 0.5
2552 0.5
2553 0.5
2554 0.5
2555 0.5
2556 0.5
2557 0.5
2558 0.5
2559 0.5
2560 0.5
2561 0.5
2562 0.5
2563 0.5
2564 0.5
2565 0.5
2566 0.5
2567 0.5
2568 0.5
2569 0.5
2570 0.5
2571 0.5
2572 0.5
2573 0.5
2574 0.5
2575 0.5
2576 0.5
2577 0.5
2578 0.5
2579 0.5
2580 0.5
2581 0.5
2582 0.5
2583 0.5
2584 0.5
2585 0.5
2586 0.5
2587 0.5
2588 0.5
2589 0.5
2590 0.5
2591 0.5
2592 0.5
2593 0.5
2594 0.5
2595 0.5
2596 0.5
2597 0.5
2598 0.5
2599 0.5
2600 0.5
2601 0.5
2602 0.5
2603 0.5
2604 0.5
2605 0.5
2606 0.5
2607 0.5
2608 0.5
2609 0.5
2610 0.5
2611 0.5
2612 0.5
2613 0.5
2614 0.5
2615 0.5
2616 0.5
2617 0.5
2618 0.5
2619 0.5
2620 0.5
2621 0.5
2622 0.5
2623 0.5
2624 0.5
2625 0.5
2626 1
2627 1
2628 1
2629 1
2630 1
2631 1
2632 1
2633 1
2634 1
2635 1
2636 1
2637 1
2638 1
2639 1
2640 1
2641 1
2642 1
2643 1
2644 1
2645 1
2646 1
2647 1
2648 1
2649 1
2650 1
2651 1
2652 1
2653 1
2654 1
2655 1
2656 1
2657 1
2658 1
2659 1
2660 1
2661 1
2662 1
2663 1
2664 1
2665 1
2666 1
2667 1
2668 1
2669 1
2670 1
2671 1
2672 1
2673 1
2674 1
2675 0.5
2676 0.5
2677 0.5
2678 0.5
2679 0.5
2680 0.5
2681 0.5
2682 0.5
2683 0.5
2684 0.5
2685 0.5
2686 0.5
2687 0.5
2688 0.5
2689 0.5
2690 0.5
2691 0.5
2692 0.5
2693 0.5
2694 0.5
2695 0.5
2696 0.5
2697 0.5
2698 0.5
2699 0.5
2700 0.5
2701 0.5
2702 0.5
2703 0.5
2704 0.5
2705 0.5
2706 0.5
2707 0.5
2708 0.5
2709 0.5
2710 0.5
2711 0.5
2712 0.5
2713 0.5
2714 0.5
2715 0.5
2716 0.5
2717 0.5
2718 0.5
2719 0.5
2720 0.5
2721 0.5
2722 0.5
2723 0.5
2724 0.5
2725 0.5
2726 1
2727 1
2728 1
2729 1
2730 1
2731 1
2732 1
2733 1
2734 1
2735 1
2736 1
2737 1
2738 1
2739 1
2740 1
2741 1
2742 1
2743 1
2744 1
2745 1
2746 1
2747 1
2748 1
2749 1
2750 1
2751 1
2752 1
2753 1
2754 1
2755 1
2756 1
2757 1
2758 1
2759 1
2760 1
2761 1
2762 1
2763 1
2764 1
2765 1
2766 1
2767 1
2768 1
2769 1
2770 1
2771 1
2772 1
2773 1
2774 1
2775 0.5
2776 0.5
2777 0.5
2778 0.5
2779 0.5
2780 0.5
2781 0.5
2782 0.5
2783 0.5
2784 0.5
2785 0.5
2786 0.5
2787 0.5
2788 0.5
2789 0.5
2790 0.5
2791 0.5
2792 0.5
2793 0.5
2794 0.5
2795 0.5
2796 0.5
2797 0.5
2798 0.5
2799 0.5
2800 0.5
2801 0.5
2802 0.5
2803 0.5
2804 0.5
2805 0.5
2806 0.5
2807 0.5
2808 0.5
2809 0.5
2810 0.5
2811 0.5
2812 0.5
2813 0.5
2814 0.5
2815 0.5
2816 0.5
2817 0.5
2818 0.5
2819 0.5
2820 0.5
2821 0.5
2822 0.5
2823 0.5
2824 0.5
2825 0.5
2826 1
2827 1
2828 1
2829 1
2830 1
2831 1
2832 1
2833 1
2834 1
2835 1
2836 1
2837 1
2838 1
2839 1
2840 1
2841 1
2842 1
2843 1
2844 1
2845 1
2846 1
2847 1
2848 1
2849 1
2850 1
2851 1
2852 1
2853 1
2854 1
2855 1
2856 1
2857 1
2858 1
2859 1
2860 1
2861 1
2862 1
2863 1
2864 1
2865 1
2866 1
2867 1
2868 1
2869 1
2870 1
2871 1
2872 1
2873 1
2874 1
2875 0.5
2876 0.5
2877 0.5
2878 0.5
2879 0.5
2880 0.5
2881 0.5
2882 0.5
2883 0.5
2884 0.5
2885 0.5
2886 0.5
2887 0.5
2888 0.5
2889 0.5
2890 0.5
2891 0.5
2892 0.5
2893 0.5
2894 0.5
2895 0.5
2896 0.5
2897 0.5
2898 0.5
2899 0.5
2900 0.5
2901 0.5
2902 0.5
2903 0.5
2904 0.5
2905 0.5
2906 0.5
2907 0.5
2908 0.5
2909 0.5
2910 0.5
2911 0.5
2912 0.5
2913 0.5
2914 0.5
2915 0.5
2916 0.5
2917 0.5
2918 0.5
2919 0.5
2920 0.5
2921 0.5
2922 0.5
2923 0.5
2924 0.5
2925 0.5
2926 1
2927 1
2928 1
2929 1
2930 1
2931 1
2932 1
2933 1
2934 1
2935 1
2936 1
2937 1
2938 1
2939 1
2940 1
2941 1
2942 1
2943 1
2944 1
2945 1
2946 1
2947 1
2948 1
2949 1
2950 1
2951 1
2952 1
2953 1
2954 1
2955 1
2956 1
2957 1
2958 1
2959 1
2960 1
2961 1
2962 1
2963 1
2964 1
2965 1
2966 1
2967 1
2968 1
2969 1
2970 1
2971 1
2972 1
2973 1
2974 1
2975 0.5
2976 0.5
2977 0.5
2978 0.5
2979 0.5
2980 0.5
2981 0.5
2982 0.5
2983 0.5
2984 0.5
2985 0.5
2986 0.5
2987 0.5
2988 0.5
2989 0.5
2990 0.5
2991 0.5
2992 0.5
2993 0.5
2994 0.5
2995 0.5
2996 0.5
2997 0.5
2998 0.5
2999 0.5
3000 0.5
3001 0.5
3002 0.5
3003 0.5
3004 0.5
3005 0.5
3006 0.5
3007 0.5
3008 0.5
3009 0.5
3010 0.5
3011 0.5
3012 0.5
3013 0.5
3014 0.5
3015 0.5
3016 0.5
3017 0.5
3018 0.5
3019 0.5
3020 0.5
3021 0.5
3022 0.5
3023 0.5
3024 0.5
3025 0.5
3026 1
3027 1
3028 1
3029 1
3030 1
3031 1
3032 1
3033 1
3034 1
3035 1
3036 1
3037 1
3038 1
3039 1
3040 1
3041 1
3042 1
3043 1
3044 1
3045 1
3046 1
3047 1
3048 1
3049 1
3050 1
3051 1
3052 1
3053 1
3054 1
3055 1
3056 1
3057 1
3058 1
3059 1
3060 1
3061 1
3062 1
3063 1
3064 1
3065 1
3066 1
3067 1
3068 1
3069 1
3070 1
3071 1
3072 1
3073 1
3074 1
3075 0.5
3076 0.5
3077 0.5
3078 0.5
3079 0.5
3080 0.5
3081 0.5
3082 0.5
3083 0.5
3084 0.5
3085 0.5
3086 0.5
3087 0.5
3088 0.5
3089 0.5
3090 0.5
3091 0.5
3092 0.5
3093 0.5
3094 0.5
3095 0.5
3096 0.5
3097 0.5
3098 0.5
3099 0.5
3100 0.5
3101 0.5
3102 0.5
3103 0.5
3104 0.5
3105 0.5
3106 0.5
3107 0.5
3108 0.5
3109 0.5
3110 0.5
3111 0.5
3112 0.5
3113 0.5
3114 0.5
3115 0.5
3116 0.5
3117 0.5
3118 0.5
3119 0.5
3120 0.5
3121 0.5
3122 0.5
3123 0.5
3124 0.5
3125 0.5
3126 1
3127 1
3128 1
3129 1
3130 1
3131 1
3132 1
3133 1
3134 1
3135 1
3136 1
3137 1
3138 1
3139 1
3140 1
3141 1
3142 1
3143 1
3144 1
3145 1
3146 1
3147 1
3148 1
3149 1
3150 1
3151 1
3152 1
3153 1
3154 1
3155 1
3156 1
3157 1
3158 1
3159 1
3160 1
3161 1
3162 1
3163 1
3164 1
3165 1
3166 1
3167 1
3168 1
3169 1
3170 1
3171 1
3172 1
3173 1
3174 1
3175 0.5
3176 0.5
3177 0.5
3178 0.5
3179 0.5
3180 0.5
3181 0.5
3182 0.5
3183 0.5
3184 0.5
3185 0.5
3186 0.5
3187 0.5
3188 0.5
3189 0.5
3190 0.5
3191 0.5
3192 0.5
3193 0.5
3194 0.5
3195 0.5
3196 0.5
3197 0.5
3198 0.5
3199 0.5
3200 0.5
3201 0.5
3202 0.5
3203 0.5
3204 0.5
3205 0.5
3206 0.5
3207 0.5
3208 0.5
3209 0.5
3210 0.5
3211 0.5
3212 0.5
3213 0.5
3214 0.5
3215 0.5
3216 0.5
3217 0.5
3218 0.5
3219 0.5
3220 0.5
3221 0.5
3222 0.5
3223 0.5
3224 0.5
3225 0.5
3226 1
3227 1
3228 1
3229 1
3230 1
3231 1
3232 1
3233 1
3234 1
3235 1
3236 1
3237 1
3238 1
3239 1
3240 1
3241 1
3242 1
3243 1
3244 1
3245 1
3246 1
3247 1
3248 1
3249 1
3250 1
3251 1
3252 1
3253 1
3254 1
3255 1
3256 1
3257 1
3258 1
3259 1
3260 1
3261 1
3262 1
3263 1
3264 1
3265 1
3266 1
3267 1
3268 1
3269 1
3270 1
3271 1
3272 1
3273 1
3274 1
3275 0.5
3276 0.5
3277 0.5
3278 0.5
3279 0.5
3280 0.5
3281 0.5
3282 0.5
3283 0.5
3284 0.5
3285 0.5
3286 0.5
3287 0.5
3288 0.5
3289 0.5
3290 0.5
3291 0.5
3292 0.5
3293 0.5
3294 0.5
3295 0.5
3296 0.5
3297 0.5
3298 0.5
3299 0.5
3300 0.5
3301 0.5
3302 0.5
3303 0.5
3304 0.5
3305 0.5
3306 0.5
3307 0.5
3308 0.5
3309 0.5
3310 0.5
3311 0.5
3312 0.5
3313 0.5
3314 0.5
3315 0.5
3316 0.5
3317 0.5
3318 0.5
3319 0.5
3320 0.5
3321 0.5
3322 0.5
3323 0.5
3324 0.5
3325 0.5
3326 1
3327 1
3328 1
3329 1
3330 1
3331 1
3332 1
3333 1
3334 1
3335 1
3336 1
3337 1
3338 1
3339 1
3340 1
3341 1
3342 1
3343 1
3344 1
3345 1
3346 1
3347 1
3348 1
3349 1
3350 1
3351 1
3352 1
3353 1
3354 1
3355 1
3356 1
3357 1
3358 1
3359 1
3360 1
3361 1
3362 1
3363 1
3364 1
3365 1
3366 1
3367 1
3368 1
3369 1
3370 1
3371 1
3372 1
3373 1
3374 1
3375 0.5
3376 0.5
3377 0.5
3378 0.5
3379 0.5
3380 0.5
3381 0.5
3382 0.5
3383 0.5
3384 0.5
3385 0.5
3386 0.5
3387 0.5
3388 0.5
3389 0.5
3390 0.5
3391 0.5
3392 0.5
3393 0.5
3394 0.5
3395 0.5
3396 0.5
3397 0.5
3398 0.5
3399 0.5
3400 0.5
3401 0.5
3402 0.5
3403 0.5
3404 0.5
3405 0.5
3406 0.5
3407 0.5
3408 0.5
3409 0.5
3410 0.5
3411 0.5
3412 0.5
3413 0.5
3414 0.5
3415 0.5
3416 0.5
3417 0.5
3418 0.5
3419 0.5
3420 0.5
3421 0.5
3422 0.5
3423 0.5
3424 0.5
3425 0.5
3426 1
3427 1
3428 1
3429 1
3430 1
3431 1
3432 1
3433 1
3434 1
3435 1
3436 1
3437 1
3438 1
3439 1
3440 1
3441 1
3442 1
3443 1
3444 1
3445 1
3446 1
3447 1
3448 1
3449 1
3450 1
3451 1
3452 1
3453 1
3454 1
3455 1
3456 1
3457 1
3458 1
3459 1
3460 1
3461 1
3462 1
3463 1
3464 1
3465 1
3466 1
3467 1
3468 1
3469 1
3470 1
3471 1
3472 1
3473 1
3474 1
3475 0.5
3476 0.5
3477 0.5
3478 0.5
3479 0.5
3480 0.5
3481 0.5
3482 0.5
3483 0.5
3484 0.5
3485 0.5
3486 0.5
3487 0.5
3488 0.5
3489 0.5
3490 0.5
3491 0.5
3492 0.5
3493 0.5
3494 0.5
3495 0.5
3496 0.5
3497 0.5
3498 0.5
3499 0.5
3500 0.5
3501 0.5
3502 0.5
3503 0.5
3504 0.5
3505 0.5
3506 0.5
3507 0.5
3508 0.5
3509 0.5
3510 0.5
3511 0.5
3512 0.5
3513 0.5
3514 0.5
3515 0.5
3516 0.5
3517 0.5
3518 0.5
3519 0.5
3520 0.5
3521 0.5
3522 0.5
3523 0.5
3524 0.5
3525 0.5
3526 1
3527 1
3528 1
3529 1
3530 1
3531 1
3532 1
3533 1
3534 1
3535 1
3536 1
3537 1
3538 1
3539 1
3540 1
3541 1
3542 1
3543 1
3544 1
3545 1
3546 1
3547 1
3548 1
3549 1
3550 1
3551 1
3552 1
3553 1
3554 1
3555 1
3556 1
3557 1
3558 1
3559 1
3560 1
3561 1
3562 1
3563 1
3564 1
3565 1
3566 1
3567 1
3568 1
3569 1
3570 1
3571 1
3572 1
3573 1
3574 1
3575 0.5
3576 0.5
3577 0.5
3578 0.5
3579 0.5
3580 0.5
3581 0.5
3582 0.5
3583 0.5
3584 0.5
3585 0.5
3586 0.5
3587 0.5
3588 0.5
3589 0.5
3590 0.5
3591 0.5
3592 0.5
3593 0.5
3594 0.5
3595 0.5
3596 0.5
3597 0.5
3598 0.5
3599 0.5
3600 0.5
3601 0.5
3602 0.5
3603 0.5
3604 0.5
3605 0.5
3606 0.5
3607 0.5
3608 0.5
3609 0.5
3610 0.5
3611 0.5
3612 0.5
3613 0.5
3614 0.5
3615 0.5
3616 0.5
3617 0.5
3618 0.5
3619 0.5
3620 0.5
3621 0.5
3622 0.5
3623 0.5
3624 0.5
3625 0.5
3626 1
3627 1
3628 1
3629 1
3630 1
3631 1
3632 1
3633 1
3634 1
3635 1
3636 1
3637 1
3638 1
3639 1
3640 1
3641 1
3642 1
3643 1
3644 1
3645 1
3646 1
3647 1
3648 1
3649 1
3650 1
3651 1
3652 1
3653 1
3654 1
3655 1
3656 1
3657 1
3658 1
3659 1
3660 1
3661 1
3662 1
3663 1
3664 1
3665 1
3666 1
3667 1
3668 1
3669 1
3670 1
3671 1
3672 1
3673 1
3674 1
3675 0.5
3676 0.5
3677 0.5
3678 0.5
3679 0.5
3680 0.5
3681 0.5
3682 0.5
3683 0.5
3684 0.5
3685 0.5
3686 0.5
3687 0.5
3688 0.5
3689 0.5
3690 0.5
3691 0.5
3692 0.5
3693 0.5
3694 0.5
3695 0.5
3696 0.5
3697 0.5
3698 0.5
3699 0.5
3700 0.5
3701 0.5
3702 0.5
3703 0.5
3704 0.5
3705 0.5
3706 0.5
3707 0.5
3708 0.5
3709 0.5
3710 0.5
3711 0.5
3712 0.5
3713 0.5
3714 0.5
3715 0.5
3716 0.5
3717 0.5
3718 0.5
3719 0.5
3720 0.5
3721 0.5
3722 0.5
3723 0.5
3724 0.5
3725 0.5
3726 1
3727 1
3728 1
3729 1
3730 1
3731 1
3732 1
3733 1
3734 1
3735 1
3736 1
3737 1
3738 1
3739 1
3740 1
3741 1
3742 1
3743 1
3744 1
3745 1
3746 1
3747 1
3748 1
3749 1
3750 1
3751 1
3752 1
3753 1
3754 1
3755 1
3756 1
3757 1
3758 1
3759 1
3760 1
3761 1
3762 1
3763 1
3764 1
3765 1
3766 1
3767 1
3768 1
3769 1
3770 1
3771 1
3772 1
3773 1
3774 1
3775 0.5
3776 0.5
3777 0.5
3778 0.5
3779 0.5
3780 0.5
3781 0.5
3782 0.5
3783 0.5
3784 0.5
3785 0.5
3786 0.5
3787 0.5
3788 0.5
3789 0.5
3790 0.5
3791 0.5
3792 0.5
3793 0.5
3794 0.5
3795 0.5
3796 0.5
3797 0.5
3798 0.5
3799 0.5
3800 0.5
3801 0.5
3802 0.5
3803 0.5
3804 0.5
3805 0.5
3806 0.5
3807 0.5
3808 0.5
3809 0.5
3810 0.5
3811 0.5
3812 0.5
3813 0.5
3814 0.5
3815 0.5
3816 0.5
3817 0.5
3818 0.5
3819 0.5
3820 0.5
3821 0.5
3822 0.5
3823 0.5
3824 0.5
3825 0.5
3826 1
3827 1
3828 1
3829 1
3830 1
3831 1
3832 1
3833 1
3834 1
3835 1
3836 1
3837 1
3838 1
3839 1
3840 1
3841 1
3842 1
3843 1
3844 1
3845 1
3846 1
3847 1
3848 1
3849 1
3850 1
3851 1
3852 1
3853 1
3854 1
3855 1
3856 1
3857 1
3858 1
3859 1
3860 1
3861 1
3862 1
3863 1
3864 1
3865 1
3866 1
3867 1
3868 1
3869 1
3870 1
3871 1
3872 1
3873 1
3874 1
3875 0.5
3876 0.5
3877 0.5
3878 0.5
3879 0.5
3880 0.5
3881 0.5
3882 0.5
3883 0.5
3884 0.5
3885 0.5
3886 0.5
3887 0.5
3888 0.5
3889 0.5
3890 0.5
3891 0.5
3892 0.5
3893 0.5
3894 0.5
3895 0.5
3896 0.5
3897 0.5
3898 0.5
3899 0.5
3900 0.5
3901 0.5
3902 0.5
3903 0.5
3904 0.5
3905 0.5
3906 0.5
3907 0.5
3908 0.5
3909 0.5
3910 0.5
3911 0.5
3912 0.5
3913 0.5
3914 0.5
3915 0.5
3916 0.5
3917 0.5
3918 0.5
3919 0.5
3920 0.5
3921 0.5
3922 0.5
3923 0.5
3924 0.5
3925 0.5
3926 1
3927 1
3928 1
3929 1
3930 1
3931 1
3932 1
3933 1
3934 1
3935 1
3936 1
3937 1
3938 1
3939 1
3940 1
3941 1
3942 1
3943 1
3944 1
3945 1
3946 1
3947 1
3948 1
3949 1
3950 1
3951 1
3952 1
3953 1
3954 1
3955 1
3956 1
3957 1
3958 1
3959 1
3960 1
3961 1
3962 1
3963 1
3964 1
3965 1
3966 1
3967 1
3968 1
3969 1
3970 1
3971 1
3972 1
3973 1
3974 1
3975 0.5
3976 0.5
3977 0.5
3978 0.5
3979 0.5
3980 0.5
3981 0.5
3982 0.5
3983 0.5
3984 0.5
3985 0.5
3986 0.5
3987 0.5
3988 0.5
3989 0.5
3990 0.5
3991 0.5
3992 0.5
3993 0.5
3994 0.5
3995 0.5
3996 0.5
3997 0.5
3998 0.5
3999 0.5
4000 0.5
4001 0.5
4002 0.5
4003 0.5
4004 0.5
4005 0.5
4006 0.5
4007 0.5
4008 0.5
4009 0.5
4010 0.5
4011 0.5
4012 0.5
4013 0.5
4014 0.5
4015 0.5
4016 0.5
4017 0.5
4018 0.5
4019 0.5
4020 0.5
4021 0.5
4022 0.5
4023 0.5
4024 0.5
4025 0.5
4026 1
4027 1
4028 1
4029 1
4030 1
4031 1
4032 1
4033 1
4034 1
4035 1
4036 1
4037 1
4038 1
4039 1
4040 1
4041 1
4042 1
4043 1
4044 1
4045 1
4046 1
4047 1
4048 1
4049 1
4050 1
4051 1
4052 1
4053 1
4054 1
4055 1
4056 1
4057 1
4058 1
4059 1
4060 1
4061 1
4062 1
4063 1
4064 1
4065 1
4066 1
4067 1
4068 1
4069 1
4070 1
4071 1
4072 1
4073 1
4074 1
4075 0.5
4076 0.5
4077 0.5
4078 0.5
4079 0.5
4080 0.5
4081 0.5
4082 0.5
4083 0.5
4084 0.5
4085 0.5
4086 0.5
4087 0.5
4088 0.5
4089 0.5
4090 0.5
4091 0.5
4092 0.5
4093 0.5
4094 0.5
4095 0.5
4096 0.5
4097 0.5
4098 0.5
4099 0.5
4100 0.5
4101 0.5
4102 0.5
4103 0.5
4104 0.5
4105 0.5
4106 0.5
4107 0.5
4108 0.5
4109 0.5
4110 0.5
4111 0.5
4112 0.5
4113 0.5
4114 0.5
4115 0.5
4116 0.5
4117 0.5
4118 0.5
4119 0.5
4120 0.5
4121 0.5
4122 0.5
4123 0.5
4124 0.5
4125 0.5
4126 1
4127 1
4128 1
4129 1
4130 1
4131 1
4132 1
4133 1
4134 1
4135 1
4136 1
4137 1
4138 1
4139 1
4140 1
4141 1
4142 1
4143 1
4144 1
4145 1
4146 1
4147 1
4148 1
4149 1
4150 1
4151 1
4152 1
4153 1
4154 1
4155 1
4156 1
4157 1
4158 1
4159 1
4160 1
4161 1
4162 1
4163 1
4164 1
4165 1
4166 1
4167 1
4168 1
4169 1
4170 1
4171 1
4172 1
4173 1
4174 1
4175 0.5
4176 0.5
4177 0.5
4178 0.5
4179 0.5
4180 0.5
4181 0.5
4182 0.5
4183 0.5
4184 0.5
4185 0.5
4186 0.5
4187 0.5
4188 0.5
4189 0.5
4190 0.5
4191 0.5
4192 0.5
4193 0.5
4194 0.5
4195 0.5
4196 0.5
4197 0.5
4198 0.5
4199 0.5
4200 0.5
4201 0.5
4202 0.5
4203 0.5
4204 0.5
4205 0.5
4206 0.5
4207 0.5
4208 0.5
4209 0.5
4210 0.5
4211 0.5
4212 0.5
4213 0.5
4214 0.5
4215 0.5
4216 0.5
4217 0.5
4218 0.5
4219 0.5
4220 0.5
4221 0.5
4222 0.5
4223 0.5
4224 0.5
4225 0.5
4226 1
4227 1
4228 1
4229 1
4230 1
4231 1
4232 1
4233 1
4234 1
4235 1
4236 1
4237 1
4238 1
4239 1
4240 1
4241 1
4242 1
4243 1
4244 1
4245 1
4246 1
4247 1
4248 1
4249 1
4250 1
4251 1
4252 1
4253 1
4254 1
4255 1
4256 1
4257 1
4258 1
4259 1
4260 1
4261 1
4262 1
4263 1
4264 1
4265 1
4266 1
4267 1
4268 1
4269 1
4270 1
4271 1
4272 1
4273 1
4274 1
4275 0.5
4276 0.5
4277 0.5
4278 0.5
4279 0.5
4280 0.5
4281 0.5
4282 0.5
4283 0.5
4284 0.5
4285 0.5
4286 0.5
4287 0.5
4288 0.5
4289 0.5
4290 0.5
4291 0.5
4292 0.5
4293 0.5
4294 0.5
4295 0.5
4296 0.5
4297 0.5
4298 0.5
4299 0.5
4300 0.5
4301 0.5
4302 0.5
4303 0.5
4304 0.5
4305 0.5
4306 0.5
4307 0.5
4308 0.5
4309 0.5
4310 0.5
4311 0.5
4312 0.5
4313 0.5
4314 0.5
4315 0.5
4316 0.5
4317 0.5
4318 0.5
4319 0.5
4320 0.5
4321 0.5
4322 0.5
4323 0.5
4324 0.5
4325 0.5
4326 1
4327 1
4328 1
4329 1
4330 1
4331 1
4332 1
4333 1
4334 1
4335 1
4336 1
4337 1
4338 1
4339 1
4340 1
4341 1
4342 1
4343 1
4344 1
4345 1
4346 1
4347 1
4348 1
4349 1
4350 1
4351 1
4352 1
4353 1
4354 1
4355 1
4356 1
4357 1
4358 1
4359 1
4360 1
4361 1
4362 1
4363 1
4364 1
4365 1
4366 1
4367 1
4368 1
4369 1
4370 1
4371 1
4372 1
4373 1
4374 1
4375 0.5
4376 0.5
4377 0.5
4378 0.5
4379 0.5
4380 0.5
4381 0.5
4382 0.5
4383 0.5
4384 0.5
4385 0.5
4386 0.5
4387 0.5
4388 0.5
4389 0.5
4390 0.5
4391 0.5
4392 0.5
4393 0.5
4394 0.5
4395 0.5
4396 0.5
4397 0.5
4398 0.5
4399 0.5
4400 0.5
4401 0.5
4402 0.5
4403 0.5
4404 0.5
4405 0.5
4406 0.5
4407 0.5
4408 0.5
4409 0.5
4410 0.5
4411 0.5
4412 0.5
4413 0.5
4414 0.5
4415 0.5
4416 0.5
4417 0.5
4418 0.5
4419 0.5
4420 0.5
4421 0.5
4422 0.5
4423 0.5
4424 0.5
4425 0.5
4426 1
4427 1
4428 1
4429 1
4430 1
4431 1
4432 1
4433 1
4434 1
4435 1
4436 1
4437 1
4438 1
4439 1
4440 1
4441 1
4442 1
4443 1
4444 1
4445 1
4446 1
4447 1
4448 1
4449 1
4450 1
4451 1
4452 1
4453 1
4454 1
4455 1
4456 1
4457 1
4458 1
4459 1
4460 1
4461 1
4462 1
4463 1
4464 1
4465 1
4466 1
4467 1
4468 1
4469 1
4470 1
4471 1
4472 1
4473 1
4474 1
4475 0.5
4476 0.5
4477 0.5
4478 0.5
4479 0.5
4480 0.5
4481 0.5
4482 0.5
4483 0.5
4484 0.5
4485 0.5
4486 0.5
4487 0.5
4488 0.5
4489 0.5
4490 0.5
4491 0.5
4492 0.5
4493 0.5
4494 0.5
4495 0.5
4496 0.5
4497 0.5
4498 0.5
4499 0.5
4500 0.5
4501 0.5
4502 0.5
4503 0.5
4504 0.5
4505 0.5
4506 0.5
4507 0.5
4508 0.5
4509 0.5
4510 0.5
4511 0.5
4512 0.5
4513 0.5
4514 0.5
4515 0.5
4516 0.5
4517 0.5
4518 0.5
4519 0.5
4520 0.5
4521 0.5
4522 0.5
4523 0.5
4524 0.5
4525 0.5
4526 1
4527 1
4528 1
4529 1
4530 1
4531 1
4532 1
4533 1
4534 1
4535 1
4536 1
4537 1
4538 1
4539 1
4540 1
4541 1
4542 1
4543 1
4544 1
4545 1
4546 1
4547 1
4548 1
4549 1
4550 1
4551 1
4552 1
4553 1
4554 1
4555 1
4556 1
4557 1
4558 1
4559 1
4560 1
4561 1
4562 1
4563 1
4564 1
4565 1
4566 1
4567 1
4568 1
4569 1
4570 1
4571 1
4572 1
4573 1
4574 1
4575 0.5
4576 0.5
4577 0.5
4578 0.5
4579 0.5
4580 0.5
4581 0.5
4582 0.5
4583 0.5
4584 0.5
4585 0.5
4586 0.5
4587 0.5
4588 0.5
4589 0.5
4590 0.5
4591 0.5
4592 0.5
4593 0.5
4594 0.5
4595 0.5
4596 0.5
4597 0.5
4598 0.5
4599 0.5
4600 0.5
4601 0.5
4602 0.5
4603 0.5
4604 0.5
4605 0.5
4606 0.5
4607 0.5
4608 0.5
4609 0.5
4610 0.5
4611 0.5
4612 0.5
4613 0.5
4614 0.5
4615 0.5
4616 0.5
4617 0.5
4618 0.5
4619 0.5
4620 0.5
4621 0.5
4622 0.5
4623 0.5
4624 0.5
4625 0.5
4626 1
4627 1
4628 1
4629 1
4630 1
4631 1
4632 1
4633 1
4634 1
4635 1
4636 1
4637 1
4638 1
4639 1
4640 1
4641 1
4642 1
4643 1
4644 1
4645 1
4646 1
4647 1
4648 1
4649 1
4650 1
4651 1
4652 1
4653 1
4654 1
4655 1
4656 1
4657 1
4658 1
4659 1
4660 1
4661 1
4662 1
4663 1
4664 1
4665 1
4666 1
4667 1
4668 1
4669 1
4670 1
4671 1
4672 1
4673 1
4674 1
4675 0.5
4676 0.5
4677 0.5
4678 0.5
4679 0.5
4680 0.5
4681 0.5
4682 0.5
4683 0.5
4684 0.5
4685 0.5
4686 0.5
4687 0.5
4688 0.5
4689 0.5
4690 0.5
4691 0.5
4692 0.5
4693 0.5
4694 0.5
4695 0.5
4696 0.5
4697 0.5
4698 0.5
4699 0.5
4700 0.5
4701 0.5
4702 0.5
4703 0.5
4704 0.5
4705 0.5
4706 0.5
4707 0.5
4708 0.5
4709 0.5
4710 0.5
4711 0.5
4712 0.5
4713 0.5
4714 0.5
4715 0.5
4716 0.5
4717 0.5
4718 0.5
4719 0.5
4720 0.5
4721 0.5
4722 0.5
4723 0.5
4724 0.5
4725 0.5
4726 1
4727 1
4728 1
4729 1
4730 1
4731 1
4732 1
4733 1
4734 1
4735 1
4736 1
4737 1
4738 1
4739 1
4740 1
4741 1
4742 1
4743 1
4744 1
4745 1
4746 1
4747 1
4748 1
4749 1
4750 1
4751 1
4752 1
4753 1
4754 1
4755 1
4756 1
4757 1
4758 1
4759 1
4760 1
4761 1
4762 1
4763 1
4764 1
4765 1
4766 1
4767 1
4768 1
4769 1
4770 1
4771 1
4772 1
4773 1
4774 1
4775 0.5
4776 0.5
4777 0.5
4778 0.5
4779 0.5
4780 0.5
4781 0.5
4782 0.5
4783 0.5
4784 0.5
4785 0.5
4786 0.5
4787 0.5
4788 0.5
4789 0.5
4790 0.5
4791 0.5
4792 0.5
4793 0.5
4794 0.5
4795 0.5
4796 0.5
4797 0.5
4798 0.5
4799 0.5
4800 0.5
4801 0.5
4802 0.5
4803 0.5
4804 0.5
4805 0.5
4806 0.5
4807 0.5
4808 0.5
4809 0.5
4810 0.5
4811 0.5
4812 0.5
4813 0.5
4814 0.5
4815 0.5
4816 0.5
4817 0.5
4818 0.5
4819 0.5
4820 0.5
4821 0.5
4822 0.5
4823 0.5
4824 0.5
4825 0.5
4826 1
4827 1
4828 1
4829 1
4830 1
4831 1
4832 1
4833 1
4834 1
4835 1
4836 1
4837 1
4838 1
4839 1
4840 1
4841 1
4842 1
4843 1
4844 1
4845 1
4846 1
4847 1
4848 1
4849 1
4850 1
4851 1
4852 1
4853 1
4854 1
4855 1
4856 1
4857 1
4858 1
4859 1
4860 1
4861 1
4862 1
4863 1
4864 1
4865 1
4866 1
4867 1
4868 1
4869 1
4870 1
4871 1
4872 1
4873 1
4874 1
4875 0.5
4876 0.5
4877 0.5
4878 0.5
4879 0.5
4880 0.5
4881 0.5
4882 0.5
4883 0.5
4884 0.5
4885 0.5
4886 0.5
4887 0.5
4888 0.5
4889 0.5
4890 0.5
4891 0.5
4892 0.5
4893 0.5
4894 0.5
4895 0.5
4896 0.5
4897 0.5
4898 0.5
4899 0.5
4900 0.5
4901 0.5
4902 0.5
4903 0.5
4904 0.5
4905 0.5
4906 0.5
4907 0.5
4908 0.5
4909 0.5
4910 0.5
4911 0.5
4912 0.5
4913 0.5
4914 0.5
4915 0.5
4916 0.5
4917 0.5
4918 0.5
4919 0.5
4920 0.5
4921 0.5
4922 0.5
4923 0.5
4924 0.5
4925 0.5
4926 1
4927 1
4928 1
4929 1
4930 1
4931 1
4932 1
4933 1
4934 1
4935 1
4936 1
4937 1
4938 1
4939 1
4940 1
4941 1
4942 1
4943 1
4944 1
4945 1
4946 1
4947 1
4948 1
4949 1
4950 1
4951 1
4952 1
4953 1
4954 1
4955 1
4956 1
4957 1
4958 1
4959 1
4960 1
4961 1
4962 1
4963 1
4964 1
4965 1
4966 1
4967 1
4968 1
4969 1
4970 1
4971 1
4972 1
4973 1
4974 1
4975 0.5
4976 0.5
4977 0.5
4978 0.5
4979 0.5
4980 0.5
4981 0.5
4982 0.5
4983 0.5
4984 0.5
4985 0.5
4986 0.5
4987 0.5
4988 0.5
4989 0.5
4990 0.5
4991 0.5
4992 0.5
4993 0.5
4994 0.5
4995 0.5
4996 0.5
4997 0.5
4998 0.5
4999 0.5
5000 0.5
5001 0.5
5002 0.5
5003 0.5
5004 0.5
5005 0.5
5006 0.5
5007 0.5
5008 0.5
5009 0.5
5010 0.5
5011 0.5
5012 0.5
5013 0.5
5014 0.5
5015 0.5
5016 0.5
5017 0.5
5018 0.5
5019 0.5
5020 0.5
5021 0.5
5022 0.5
5023 0.5
5024 0.5
5025 0.5
5026 1
5027 1
5028 1
5029 1
5030 1
5031 1
5032 1
5033 1
5034 1
5035 1
5036 1
5037 1
5038 1
5039 1
5040 1
5041 1
5042 1
5043 1
5044 1
5045 1
5046 1
5047 1
5048 1
5049 1
5050 1
5051 1
5052 1
5053 1
5054 1
5055 1
5056 1
5057 1
5058 1
5059 1
5060 1
5061 1
5062 1
5063 1
5064 1
5065 1
5066 1
5067 1
5068 1
5069 1
5070 1
5071 1
5072 1
5073 1
5074 1
5075 0.5
5076 0.5
5077 0.5
5078 0.5
5079 0.5
5080 0.5
5081 0.5
5082 0.5
5083 0.5
5084 0.5
5085 0.5
5086 0.5
5087 0.5
5088 0.5
5089 0.5
5090 0.5
5091 0.5
5092 0.5
5093 0.5
5094 0.5
5095 0.5
5096 0.5
5097 0.5
5098 0.5
5099 0.5
5100 0.5
5101 0.5
5102 0.5
5103 0.5
5104 0.5
5105 0.5
5106 0.5
5107 0.5
5108 0.5
5109 0.5
5110 0.5
5111 0.5
5112 0.5
5113 0.5
5114 0.5
5115 0.5
5116 0.5
5117 0.5
5118 0.5
5119 0.5
5120 0.5
5121 0.5
5122 0.5
5123 0.5
5124 0.5
5125 0.5
5126 1
5127 1
5128 1
5129 1
5130 1
5131 1
5132 1
5133 1
5134 1
5135 1
5136 1
5137 1
5138 1
5139 1
5140 1
5141 1
5142 1
5143 1
5144 1
5145 1
5146 1
5147 1
5148 1
5149 1
5150 1
5151 1
5152 1
5153 1
5154 1
5155 1
5156 1
5157 1
5158 1
5159 1
5160 1
5161 1
5162 1
5163 1
5164 1
5165 1
5166 1
5167 1
5168 1
5169 1
5170 1
5171 1
5172 1
5173 1
5174 1
5175 0.5
5176 0.5
5177 0.5
5178 0.5
5179 0.5
5180 0.5
5181 0.5
5182 0.5
5183 0.5
5184 0.5
5185 0.5
5186 0.5
5187 0.5
5188 0.5
5189 0.5
5190 0.5
5191 0.5
5192 0.5
5193 0.5
5194 0.5
5195 0.5
5196 0.5
5197 0.5
5198 0.5
5199 0.5
5200 0.5
5201 0.5
5202 0.5
5203 0.5
5204 0.5
5205 0.5
5206 0.5
5207 0.5
5208 0.5
5209 0.5
5210 0.5
5211 0.5
5212 0.5
5213 0.5
5214 0.5
5215 0.5
5216 0.5
5217 0.5
5218 0.5
5219 0.5
5220 0.5
5221 0.5
5222 0.5
5223 0.5
5224 0.5
5225 0.5
5226 1
5227 1
5228 1
5229 1
5230 1
5231 1
5232 1
5233 1
5234 1
5235 1
5236 1
5237 1
5238 1
5239 1
5240 1
5241 1
5242 1
5243 1
5244 1
5245 1
5246 1
5247 1
5248 1
5249 1
5250 1
5251 1
5252 1
5253 1
5254 1
5255 1
5256 1
5257 1
5258 1
5259 1
5260 1
5261 1
5262 1
5263 1
5264 1
5265 1
5266 1
5267 1
5268 1
5269 1
5270 1
5271 1
5272 1
5273 1
5274 1
5275 0.5
5276 0.5
5277 0.5
5278 0.5
5279 0.5
5280 0.5
5281 0.5
5282 0.5
5283 0.5
5284 0.5
5285 0.5
5286 0.5
5287 0.5
5288 0.5
5289 0.5
5290 0.5
5291 0.5
5292 0.5
5293 0.5
5294 0.5
5295 0.5
5296 0.5
5297 0.5
5298 0.5
5299 0.5
5300 0.5
5301 0.5
5302 0.5
5303 0.5
5304 0.5
5305 0.5
5306 0.5
5307 0.5
5308 0.5
5309 0.5
5310 0.5
5311 0.5
5312 0.5
5313 0.5
5314 0.5
5315 0.5
5316 0.5
5317 0.5
5318 0.5
5319 0.5
5320 0.5
5321 0.5
5322 0.5
5323 0.5
5324 0.5
5325 0.5
5326 1
5327 1
5328 1
5329 1
5330 1
5331 1
5332 1
5333 1
5334 1
5335 1
5336 1
5337 1
5338 1
5339 1
5340 1
5341 1
5342 1
5343 1
5344 1
5345 1
5346 1
5347 1
5348 1
5349 1
5350 1
5351 1
5352 1
5353 1
5354 1
5355 1
5356 1
5357 1
5358 1
5359 1
5360 1
5361 1
5362 1
5363 1
5364 1
5365 1
5366 1
5367 1
5368 1
5369 1
5370 1
5371 1
5372 1
5373 1
5374 1
5375 0.5
5376 0.5
5377 0.5
5378 0.5
5379 0.5
5380 0.5
5381 0.5
5382 0.5
5383 0.5
5384 0.5
5385 0.5
5386 0.5
5387 0.5
5388 0.5
5389 0.5
5390 0.5
5391 0.5
5392 0.5
5393 0.5
5394 0.5
5395 0.5
5396 0.5
5397 0.5
5398 0.5
5399 0.5
5400 0.5
5401 0.5
5402 0.5
5403 0.5
5404 0.5
5405 0.5
5406 0.5
5407 0.5
5408 0.5
5409 0.5
5410 0.5
5411 0.5
5412 0.5
5413 0.5
5414 0.5
5415 0.5
5416 0.5
5417 0.5
5418 0.5
5419 0.5
5420 0.5
5421 0.5
5422 0.5
5423 0.5
5424 0.5
5425 0.5
5426 1
5427 1
5428 1
5429 1
5430 1
5431 1
5432 1
5433 1
5434 1
5435 1
5436 1
5437 1
5438 1
5439 1
5440 1
5441 1
5442 1
5443 1
5444 1
5445 1
5446 1
5447 1
5448 1
5449 1
5450 1
5451 1
5452 1
5453 1
5454 1
5455 1
5456 1
5457 1
5458 1
5459 1
5460 1
5461 1
5462 1
5463 1
5464 1
5465 1
5466 1
5467 1
5468 1
5469 1
5470 1
5471 1
5472 1
5473 1
5474 1
5475 0.5
5476 0.5
5477 0.5
5478 0.5
5479 0.5
5480 0.5
5481 0.5
5482 0.5
5483 0.5
5484 0.5
5485 0.5
5486 0.5
5487 0.5
5488 0.5
5489 0.5
5490 0.5
5491 0.5
5492 0.5
5493 0.5
5494 0.5
5495 0.5
5496 0.5
5497 0.5
5498 0.5
5499 0.5
5500 0.5
5501 0.5
5502 0.5
5503 0.5
5504 0.5
5505 0.5
5506 0.5
5507 0.5
5508 0.5
5509 0.5
5510 0.5
5511 0.5
5512 0.5
5513 0.5
5514 0.5
5515 0.5
5516 0.5
5517 0.5
5518 0.5
5519 0.5
5520 0.5
5521 0.5
5522 0.5
5523 0.5
5524 0.5
5525 0.5
5526 1
5527 1
5528 1
5529 1
5530 1
5531 1
5532 1
5533 1
5534 1
5535 1
5536 1
5537 1
5538 1
5539 1
5540 1
5541 1
5542 1
5543 1
5544 1
5545 1
5546 1
5547 1
5548 1
5549 1
5550 1
5551 1
5552 1
5553 1
5554 1
5555 1
5556 1
5557 1
5558 1
5559 1
5560 1
5561 1
5562 1
5563 1
5564 1
5565 1
5566 1
5567 1
5568 1
5569 1
5570 1
5571 1
5572 1
5573 1
5574 1
5575 0.5
5576 0.5
5577 0.5
5578 0.5
5579 0.5
5580 0.5
5581 0.5
5582 0.5
5583 0.5
5584 0.5
5585 0.5
5586 0.5
5587 0.5
5588 0.5
5589 0.5
5590 0.5
5591 0.5
5592 0.5
5593 0.5
5594 0.5
5595 0.5
5596 0.5
5597 0.5
5598 0.5
5599 0.5
5600 0.5
5601 0.5
5602 0.5
5603 0.5
5604 0.5
5605 0.5
5606 0.5
5607 0.5
5608 0.5
5609 0.5
5610 0.5
5611 0.5
5612 0.5
5613 0.5
5614 0.5
5615 0.5
5616 0.5
5617 0.5
5618 0.5
5619 0.5
5620 0.5
5621 0.5
5622 0.5
5623 0.5
5624 0.5
5625 0.5
5626 1
5627 1
5628 1
5629 1
5630 1
5631 1
5632 1
5633 1
5634 1
5635 1
5636 1
5637 1
5638 1
5639 1
5640 1
5641 1
5642 1
5643 1
5644 1
5645 1
5646 1
5647 1
5648 1
5649 1
5650 1
5651 1
5652 1
5653 1
5654 1
5655 1
5656 1
5657 1
5658 1
5659 1
5660 1
5661 1
5662 1
5663 1
5664 1
5665 1
5666 1
5667 1
5668 1
5669 1
5670 1
5671 1
5672 1
5673 1
5674 1
5675 0.5
5676 0.5
5677 0.5
5678 0.5
5679 0.5
5680 0.5
5681 0.5
5682 0.5
5683 0.5
5684 0.5
5685 0.5
5686 0.5
5687 0.5
5688 0.5
5689 0.5
5690 0.5
5691 0.5
5692 0.5
5693 0.5
5694 0.5
5695 0.5
5696 0.5
5697 0.5
5698 0.5
5699 0.5
5700 0.5
5701 0.5
5702 0.5
5703 0.5
5704 0.5
5705 0.5
5706 0.5
5707 0.5
5708 0.5
5709 0.5
5710 0.5
5711 0.5
5712 0.5
5713 0.5
5714 0.5
5715 0.5
5716 0.5
5717 0.5
5718 0.5
5719 0.5
5720 0.5
5721 0.5
5722 0.5
5723 0.5
5724 0.5
5725 0.5
5726 1
5727 1
5728 1
5729 1
5730 1
5731 1
5732 1
5733 1
5734 1
5735 1
5736 1
5737 1
5738 1
5739 1
5740 1
5741 1
5742 1
5743 1
5744 1
5745 1
5746 1
5747 1
5748 1
5749 1
5750 1
5751 1
5752 1
5753 1
5754 1
5755 1
5756 1
5757 1
5758 1
5759 1
5760 1
5761 1
5762 1
5763 1
5764 1
5765 1
5766 1
5767 1
5768 1
5769 1
5770 1
5771 1
5772 1
5773 1
5774 1
5775 0.5
5776 0.5
5777 0.5
5778 0.5
5779 0.5
5780 0.5
5781 0.5
5782 0.5
5783 0.5
5784 0.5
5785 0.5
5786 0.5
5787 0.5
5788 0.5
5789 0.5
5790 0.5
5791 0.5
5792 0.5
5793 0.5
5794 0.5
5795 0.5
5796 0.5
5797 0.5
5798 0.5
5799 0.5
5800 0.5
5801 0.5
5802 0.5
5803 0.5
5804 0.5
5805 0.5
5806 0.5
5807 0.5
5808 0.5
5809 0.5
5810 0.5
5811 0.5
5812 0.5
5813 0.5
5814 0.5
5815 0.5
5816 0.5
5817 0.5
5818 0.5
5819 0.5
5820 0.5
5821 0.5
5822 0.5
5823 0.5
5824 0.5
5825 0.5
5826 1
5827 1
5828 1
5829 1
5830 1
5831 1
5832 1
5833 1
5834 1
5835 1
5836 1
5837 1
5838 1
5839 1
5840 1
5841 1
5842 1
5843 1
5844 1
5845 1
5846 1
5847 1
5848 1
5849 1
5850 1
5851 1
5852 1
5853 1
5854 1
5855 1
5856 1
5857 1
5858 1
5859 1
5860 1
5861 1
5862 1
5863 1
5864 1
5865 1
5866 1
5867 1
5868 1
5869 1
5870 1
5871 1
5872 1
5873 1
5874 1
5875 0.5
5876 0.5
5877 0.5
5878 0.5
5879 0.5
5880 0.5
5881 0.5
5882 0.5
5883 0.5
5884 0.5
5885 0.5
5886 0.5
5887 0.5
5888 0.5
5889 0.5
5890 0.5
5891 0.5
5892 0.5
5893 0.5
5894 0.5
5895 0.5
5896 0.5
5897 0.5
5898 0.5
5899 0.5
5900 0.5
5901 0.5
5902 0.5
5903 0.5
5904 0.5
5905 0.5
5906 0.5
5907 0.5
5908 0.5
5909 0.5
5910 0.5
5911 0.5
5912 0.5
5913 0.5
5914 0.5
5915 0.5
5916 0.5
5917 0.5
5918 0.5
5919 0.5
5920 0.5
5921 0.5
5922 0.5
5923 0.5
5924 0.5
5925 0.5
5926 1
5927 1
5928 1
5929 1
5930 1
5931 1
5932 1
5933 1
5934 1
5935 1
5936 1
5937 1
5938 1
5939 1
5940 1
5941 1
5942 1
5943 1
5944 1
5945 1
5946 1
5947 1
5948 1
5949 1
5950 1
5951 1
5952 1
5953 1
5954 1
5955 1
5956 1
5957 1
5958 1
5959 1
5960 1
5961 1
5962 1
5963 1
5964 1
5965 1
5966 1
5967 1
5968 1
5969 1
5970 1
5971 1
5972 1
5973 1
5974 1
5975 0.5
5976 0.5
5977 0.5
5978 0.5
5979 0.5
5980 0.5
5981 0.5
5982 0.5
5983 0.5
5984 0.5
5985 0.5
5986 0.5
5987 0.5
5988 0.5
5989 0.5
5990 0.5
5991 0.5
5992 0.5
5993 0.5
5994 0.5
5995 0.5
5996 0.5
5997 0.5
5998 0.5
5999 0.5
6000 0.5
6001 0.5
6002 0.5
6003 0.5
6004 0.5
6005 0.5
6006 0.5
6007 0.5
6008 0.5
6009 0.5
6010 0.5
6011 0.5
6012 0.5
6013 0.5
6014 0.5
6015 0.5
6016 0.5
6017 0.5
6018 0.5
6019 0.5
6020 0.5
6021 0.5
6022 0.5
6023 0.5
6024 0.5
6025 0.5
6026 1
6027 1
6028 1
6029 1
6030 1
6031 1
6032 1
6033 1
6034 1
6035 1
6036 1
6037 1
6038 1
6039 1
6040 1
6041 1
6042 1
6043 1
6044 1
6045 1
6046 1
6047 1
6048 1
6049 1
6050 1
6051 1
6052 1
6053 1
6054 1
6055 1
6056 1
6057 1
6058 1
6059 1
6060 1
6061 1
6062 1
6063 1
6064 1
6065 1
6066 1
6067 1
6068 1
6069 1
6070 1
6071 1
6072 1
6073 1
6074 1
6075 0.5
6076 0.5
6077 0.5
6078 0.5
6079 0.5
6080 0.5
6081 0.5
6082 0.5
6083 0.5
6084 0.5
6085 0.5
6086 0.5
6087 0.5
6088 0.5
6089 0.5
6090 0.5
6091 0.5
6092 0.5
6093 0.5
6094 0.5
6095 0.5
6096 0.5
6097 0.5
6098 0.5
6099 0.5
6100 0.5
6101 0.5
6102 0.5
6103 0.5
6104 0.5
6105 0.5
6106 0.5
6107 0.5
6108 0.5
6109 0.5
6110 0.5
6111 0.5
6112 0.5
6113 0.5
6114 0.5
6115 0.5
6116 0.5
6117 0.5
6118 0.5
6119 0.5
6120 0.5
6121 0.5
6122 0.5
6123 0.5
6124 0.5
6125 0.5
6126 1
6127 1
6128 1
6129 1
6130 1
6131 1
6132 1
6133 1
6134 1
6135 1
6136 1
6137 1
6138 1
6139 1
6140 1
6141 1
6142 1
6143 1
6144 1
6145 1
6146 1
6147 1
6148 1
6149 1
6150 1
6151 1
6152 1
6153 1
6154 1
6155 1
6156 1
6157 1
6158 1
6159 1
6160 1
6161 1
6162 1
6163 1
6164 1
6165 1
6166 1
6167 1
6168 1
6169 1
6170 1
6171 1
6172 1
6173 1
6174 1
6175 0.5
6176 0.5
6177 0.5
6178 0.5
6179 0.5
6180 0.5
6181 0.5
6182 0.5
6183 0.5
6184 0.5
6185 0.5
6186 0.5
6187 0.5
6188 0.5
6189 0.5
6190 0.5
6191 0.5
6192 0.5
6193 0.5
6194 0.5
6195 0.5
6196 0.5
6197 0.5
6198 0.5
6199 0.5
6200 0.5
6201 0.5
6202 0.5
6203 0.5
6204 0.5
6205 0.5
6206 0.5
6207 0.5
6208 0.5
6209 0.5
6210 0.5
6211 0.5
6212 0.5
6213 0.5
6214 0.5
6215 0.5
6216 0.5
6217 0.5
6218 0.5
6219 0.5
6220 0.5
6221 0.5
6222 0.5
6223 0.5
6224 0.5
6225 0.5
6226 1
6227 1
6228 1
6229 1
6230 1
6231 1
6232 1
6233 1
6234 1
6235 1
6236 1
6237 1
6238 1
6239 1
6240 1
6241 1
6242 1
6243 1
6244 1
6245 1
6246 1
6247 1
6248 1
6249 1
6250 1
6251 1
6252 1
6253 1
6254 1
6255 1
6256 1
6257 1
6258 1
6259 1
6260 1
6261 1
6262 1
6263 1
6264 1
6265 1
6266 1
6267 1
6268 1
6269 1
6270 1
6271 1
6272 1
6273 1
6274 1
6275 0.5
6276 0.5
6277 0.5
6278 0.5
6279 0.5
6280 0.5
6281 0.5
6282 0.5
6283 0.5
6284 0.5
6285 0.5
6286 0.5
6287 0.5
6288 0.5
6289 0.5
6290 0.5
6291 0.5
6292 0.5
6293 0.5
6294 0.5
6295 0.5
6296 0.5
6297 0.5
6298 0.5
6299 0.5
6300 0.5
6301 0.5
6302 0.5
6303 0.5
6304 0.5
6305 0.5
6306 0.5
6307 0.5
6308 0.5
6309 0.5
6310 0.5
6311 0.5
6312 0.5
6313 0.5
6314 0.5
6315 0.5
6316 0.5
6317 0.5
6318 0.5
6319 0.5
6320 0.5
6321 0.5
6322 0.5
6323 0.5
6324 0.5
6325 0.5
6326 1
6327 1
6328 1
6329 1
6330 1
6331 1
6332 1
6333 1
6334 1
6335 1
6336 1
6337 1
6338 1
6339 1
6340 1
6341 1
6342 1
6343 1
6344 1
6345 1
6346 1
6347 1
6348 1
6349 1
6350 1
6351 1
6352 1
6353 1
6354 1
6355 1
6356 1
6357 1
6358 1
6359 1
6360 1
6361 1
6362 1
6363 1
6364 1
6365 1
6366 1
6367 1
6368 1
6369 1
6370 1
6371 1
6372 1
6373 1
6374 1
6375 0.5
6376 0.5
6377 0.5
6378 0.5
6379 0.5
6380 0.5
6381 0.5
6382 0.5
6383 0.5
6384 0.5
6385 0.5
6386 0.5
6387 0.5
6388 0.5
6389 0.5
6390 0.5
6391 0.5
6392 0.5
6393 0.5
6394 0.5
6395 0.5
6396 0.5
6397 0.5
6398 0.5
6399 0.5
6400 0.5
6401 0.5
6402 0.5
6403 0.5
6404 0.5
6405 0.5
6406 0.5
6407 0.5
6408 0.5
6409 0.5
6410 0.5
6411 0.5
6412 0.5
6413 0.5
6414 0.5
6415 0.5
6416 0.5
6417 0.5
6418 0.5
6419 0.5
6420 0.5
6421 0.5
6422 0.5
6423 0.5
6424 0.5
6425 0.5
6426 1
6427 1
6428 1
6429 1
6430 1
6431 1
6432 1
6433 1
6434 1
6435 1
6436 1
6437 1
6438 1
6439 1
6440 1
6441 1
6442 1
6443 1
6444 1
6445 1
6446 1
6447 1
6448 1
6449 1
6450 1
6451 1
6452 1
6453 1
6454 1
6455 1
6456 1
6457 1
6458 1
6459 1
6460 1
6461 1
6462 1
6463 1
6464 1
6465 1
6466 1
6467 1
6468 1
6469 1
6470 1
6471 1
6472 1
6473 1
6474 1
6475 0.5
6476 0.5
6477 0.5
6478 0.5
6479 0.5
6480 0.5
6481 0.5
6482 0.5
6483 0.5
6484 0.5
6485 0.5
6486 0.5
6487 0.5
6488 0.5
6489 0.5
6490 0.5
6491 0.5
6492 0.5
6493 0.5
6494 0.5
6495 0.5
6496 0.5
6497 0.5
6498 0.5
6499 0.5
6500 0.5
6501 0.5
6502 0.5
6503 0.5
6504 0.5
6505 0.5
6506 0.5
6507 0.5
6508 0.5
6509 0.5
6510 0.5
6511 0.5
6512 0.5
6513 0.5
6514 0.5
6515 0.5
6516 0.5
6517 0.5
6518 0.5
6519 0.5
6520 0.5
6521 0.5
6522 0.5
6523 0.5
6524 0.5
6525 0.5
6526 1
6527 1
6528 1
6529 1
6530 1
6531 1
6532 1
6533 1
6534 1
6535 1
6536 1
6537 1
6538 1
6539 1
6540 1
6541 1
6542 1
6543 1
6544 1
6545 1
6546 1
6547 1
6548 1
6549 1
6550 1
6551 1
6552 1
6553 1
6554 1
6555 1
6556 1
6557 1
6558 1
6559 1
6560 1
6561 1
6562 1
6563 1
6564 1
6565 1
6566 1
6567 1
6568 1
6569 1
6570 1
6571 1
6572 1
6573 1
6574 1
6575 0.5
6576 0.5
6577 0.5
6578 0.5
6579 0.5
6580 0.5
6581 0.5
6582 0.5
6583 0.5
6584 0.5
6585 0.5
6586 0.5
6587 0.5
6588 0.5
6589 0.5
6590 0.5
6591 0.5
6592 0.5
6593 0.5
6594 0.5
6595 0.5
6596 0.5
6597 0.5
6598 0.5
6599 0.5
6600 0.5
6601 0.5
6602 0.5
6603 0.5
6604 0.5
6605 0.5
6606 0.5
6607 0.5
6608 0.5
6609 0.5
6610 0.5
6611 0.5
6612 0.5
6613 0.5
6614 0.5
6615 0.5
6616 0.5
6617 0.5
6618 0.5
6619 0.5
6620 0.5
6621 0.5
6622 0.5
6623 0.5
6624 0.5
6625 0.5
6626 1
6627 1
6628 1
6629 1
6630 1
6631 1
6632 1
6633 1
6634 1
6635 1
6636 1
6637 1
6638 1
6639 1
6640 1
6641 1
6642 1
6643 1
6644 1
6645 1
6646 1
6647 1
6648 1
6649 1
6650 1
6651 1
6652 1
6653 1
6654 1
6655 1
6656 1
6657 1
6658 1
6659 1
6660 1
6661 1
6662 1
6663 1
6664 1
6665 1
6666 1
6667 1
6668 1
6669 1
6670 1
6671 1
6672 1
6673 1
6674 1
6675 0.5
6676 0.5
6677 0.5
6678 0.5
6679 0.5
6680 0.5
6681 0.5
6682 0.5
6683 0.5
6684 0.5
6685 0.5
6686 0.5
6687 0.5
6688 0.5
6689 0.5
6690 0.5
6691 0.5
6692 0.5
6693 0.5
6694 0.5
6695 0.5
6696 0.5
6697 0.5
6698 0.5
6699 0.5
6700 0.5
6701 0.5
6702 0.5
6703 0.5
6704 0.5
6705 0.5
6706 0.5
6707 0.5
6708 0.5
6709 0.5
6710 0.5
6711 0.5
6712 0.5
6713 0.5
6714 0.5
6715 0.5
6716 0.5
6717 0.5
6718 0.5
6719 0.5
6720 0.5
6721 0.5
6722 0.5
6723 0.5
6724 0.5
6725 0.5
6726 1
6727 1
6728 1
6729 1
6730 1
6731 1
6732 1
6733 1
6734 1
6735 1
6736 1
6737 1
6738 1
6739 1
6740 1
6741 1
6742 1
6743 1
6744 1
6745 1
6746 1
6747 1
6748 1
6749 1
6750 1
6751 1
6752 1
6753 1
6754 1
6755 1
6756 1
6757 1
6758 1
6759 1
6760 1
6761 1
6762 1
6763 1
6764 1
6765 1
6766 1
6767 1
6768 1
6769 1
6770 1
6771 1
6772 1
6773 1
6774 1
6775 0.5
6776 0.5
6777 0.5
6778 0.5
6779 0.5
6780 0.5
6781 0.5
6782 0.5
6783 0.5
6784 0.5
6785 0.5
6786 0.5
6787 0.5
6788 0.5
6789 0.5
6790 0.5
6791 0.5
6792 0.5
6793 0.5
6794 0.5
6795 0.5
6796 0.5
6797 0.5
6798 0.5
6799 0.5
6800 0.5
6801 0.5
6802 0.5
6803 0.5
6804 0.5
6805 0.5
6806 0.5
6807 0.5
6808 0.5
6809 0.5
6810 0.5
6811 0.5
6812 0.5
6813 0.5
6814 0.5
6815 0.5
6816 0.5
6817 0.5
6818 0.5
6819 0.5
6820 0.5
6821 0.5
6822 0.5
6823 0.5
6824 0.5
6825 0.5
6826 1
6827 1
6828 1
6829 1
6830 1
6831 1
6832 1
6833 1
6834 1
6835 1
6836 1
6837 1
6838 1
6839 1
6840 1
6841 1
6842 1
6843 1
6844 1
6845 1
6846 1
6847 1
6848 1
6849 1
6850 1
6851 1
6852 1
6853 1
6854 1
6855 1
6856 1
6857 1
6858 1
6859 1
6860 1
6861 1
6862 1
6863 1
6864 1
6865 1
6866 1
6867 1
6868 1
6869 1
6870 1
6871 1
6872 1
6873 1
6874 1
6875 0.5
6876 0.5
6877 0.5
6878 0.5
6879 0.5
6880 0.5
6881 0.5
6882 0.5
6883 0.5
6884 0.5
6885 0.5
6886 0.5
6887 0.5
6888 0.5
6889 0.5
6890 0.5
6891 0.5
6892 0.5
6893 0.5
6894 0.5
6895 0.5
6896 0.5
6897 0.5
6898 0.5
6899 0.5
6900 0.5
6901 0.5
6902 0.5
6903 0.5
6904 0.5
6905 0.5
6906 0.5
6907 0.5
6908 0.5
6909 0.5
6910 0.5
6911 0.5
6912 0.5
6913 0.5
6914 0.5
6915 0.5
6916 0.5
6917 0.5
6918 0.5
6919 0.5
6920 0.5
6921 0.5
6922 0.5
6923 0.5
6924 0.5
6925 0.5
6926 1
6927 1
6928 1
6929 1
6930 1
6931 1
6932 1
6933 1
6934 1
6935 1
6936 1
6937 1
6938 1
6939 1
6940 1
6941 1
6942 1
6943 1
6944 1
6945 1
6946 1
6947 1
6948 1
6949 1
6950 1
6951 1
6952 1
6953 1
6954 1
6955 1
6956 1
6957 1
6958 1
6959 1
6960 1
6961 1
6962 1
6963 1
6964 1
6965 1
6966 1
6967 1
6968 1
6969 1
6970 1
6971 1
6972 1
6973 1
6974 1
6975 0.5
6976 0.5
6977 0.5
6978 0.5
6979 0.5
6980 0.5
6981 0.5
6982 0.5
6983 0.5
6984 0.5
6985 0.5
6986 0.5
6987 0.5
6988 0.5
6989 0.5
6990 0.5
6991 0.5
6992 0.5
6993 0.5
6994 0.5
6995 0.5
6996 0.5
6997 0.5
6998 0.5
6999 0.5
7000 0.5
7001 0.5
7002 0.5
7003 0.5
7004 0.5
7005 0.5
7006 0.5
7007 0.5
7008 0.5
7009 0.5
7010 0.5
7011 0.5
7012 0.5
7013 0.5
7014 0.5
7015 0.5
7016 0.5
7017 0.5
7018 0.5
7019 0.5
7020 0.5
7021 0.5
7022 0.5
7023 0.5
7024 0.5
7025 0.5
7026 1
7027 1
7028 1
7029 1
7030 1
7031 1
7032 1
7033 1
7034 1
7035 1
7036 1
7037 1
7038 1
7039 1
7040 1
7041 1
7042 1
7043 1
7044 1
7045 1
7046 1
7047 1
7048 1
7049 1
7050 1
7051 1
7052 1
7053 1
7054 1
7055 1
7056 1
7057 1
7058 1
7059 1
7060 1
7061 1
7062 1
7063 1
7064 1
7065 1
7066 1
7067 1
7068 1
7069 1
7070 1
7071 1
7072 1
7073 1
7074 1
7075 0.5
7076 0.5
7077 0.5
7078 0.5
7079 0.5
7080 0.5
7081 0.5
7082 0.5
7083 0.5
7084 0.5
7085 0.5
7086 0.5
7087 0.5
7088 0.5
7089 0.5
7090 0.5
7091 0.5
7092 0.5
7093 0.5
7094 0.5
7095 0.5
7096 0.5
7097 0.5
7098 0.5
7099 0.5
7100 0.5
7101 0.5
7102 0.5
7103 0.5
7104 0.5
7105 0.5
7106 0.5
7107 0.5
7108 0.5
7109 0.5
7110 0.5
7111 0.5
7112 0.5
7113 0.5
7114 0.5
7115 0.5
7116 0.5
7117 0.5
7118 0.5
7119 0.5
7120 0.5
7121 0.5
7122 0.5
7123 0.5
7124 0.5
7125 0.5
7126 1
7127 1
7128 1
7129 1
7130 1
7131 1
7132 1
7133 1
7134 1
7135 1
7136 1
7137 1
7138 1
7139 1
7140 1
7141 1
7142 1
7143 1
7144 1
7145 1
7146 1
7147 1
7148 1
7149 1
7150 1
7151 1
7152 1
7153 1
7154 1
7155 1
7156 1
7157 1
7158 1
7159 1
7160 1
7161 1
7162 1
7163 1
7164 1
7165 1
7166 1
7167 1
7168 1
7169 1
7170 1
7171 1
7172 1
7173 1
7174 1
7175 0.5
7176 0.5
7177 0.5
7178 0.5
7179 0.5
7180 0.5
7181 0.5
7182 0.5
7183 0.5
7184 0.5
7185 0.5
7186 0.5
7187 0.5
7188 0.5
7189 0.5
7190 0.5
7191 0.5
7192 0.5
7193 0.5
7194 0.5
7195 0.5
7196 0.5
7197 0.5
7198 0.5
7199 0.5
7200 0.5
7201 0.5
7202 0.5
7203 0.5
7204 0.5
7205 0.5
7206 0.5
7207 0.5
7208 0.5
7209 0.5
7210 0.5
7211 0.5
7212 0.5
7213 0.5
7214 0.5
7215 0.5
7216 0.5
7217 0.5
7218 0.5
7219 0.5
7220 0.5
7221 0.5
7222 0.5
7223 0.5
7224 0.5
7225 0.5
7226 1
7227 1
7228 1
7229 1
7230 1
7231 1
7232 1
7233 1
7234 1
7235 1
7236 1
7237 1
7238 1
7239 1
7240 1
7241 1
7242 1
7243 1
7244 1
7245 1
7246 1
7247 1
7248 1
7249 1
7250 1
7251 1
7252 1
7253 1
7254 1
7255 1
7256 1
7257 1
7258 1
7259 1
7260 1
7261 1
7262 1
7263 1
7264 1
7265 1
7266 1
7267 1
7268 1
7269 1
7270 1
7271 1
7272 1
7273 1
7274 1
7275 0.5
7276 0.5
7277 0.5
7278 0.5
7279 0.5
7280 0.5
7281 0.5
7282 0.5
7283 0.5
7284 0.5
7285 0.5
7286 0.5
7287 0.5
7288 0.5
7289 0.5
7290 0.5
7291 0.5
7292 0.5
7293 0.5
7294 0.5
7295 0.5
7296 0.5
7297 0.5
7298 0.5
7299 0.5
7300 0.5
7301 0.5
7302 0.5
7303 0.5
7304 0.5
7305 0.5
7306 0.5
7307 0.5
7308 0.5
7309 0.5
7310 0.5
7311 0.5
7312 0.5
7313 0.5
7314 0.5
7315 0.5
7316 0.5
7317 0.5
7318 0.5
7319 0.5
7320 0.5
7321 0.5
7322 0.5
7323 0.5
7324 0.5
7325 0.5
7326 1
7327 1
7328 1
7329 1
7330 1
7331 1
7332 1
7333 1
7334 1
7335 1
7336 1
7337 1
7338 1
7339 1
7340 1
7341 1
7342 1
7343 1
7344 1
7345 1
7346 1
7347 1
7348 1
7349 1
7350 1
7351 1
7352 1
7353 1
7354 1
7355 1
7356 1
7357 1
7358 1
7359 1
7360 1
7361 1
7362 1
7363 1
7364 1
7365 1
7366 1
7367 1
7368 1
7369 1
7370 1
7371 1
7372 1
7373 1
7374 1
7375 0.5
7376 0.5
7377 0.5
7378 0.5
7379 0.5
7380 0.5
7381 0.5
7382 0.5
7383 0.5
7384 0.5
7385 0.5
7386 0.5
7387 0.5
7388 0.5
7389 0.5
7390 0.5
7391 0.5
7392 0.5
7393 0.5
7394 0.5
7395 0.5
7396 0.5
7397 0.5
7398 0.5
7399 0.5
7400 0.5
7401 0.5
7402 0.5
7403 0.5
7404 0.5
7405 0.5
7406 0.5
7407 0.5
7408 0.5
7409 0.5
7410 0.5
7411 0.5
7412 0.5
7413 0.5
7414 0.5
7415 0.5
7416 0.5
7417 0.5
7418 0.5
7419 0.5
7420 0.5
7421 0.5
7422 0.5
7423 0.5
7424 0.5
7425 0.5
7426 1
7427 1
7428 1
7429 1
7430 1
7431 1
7432 1
7433 1
7434 1
7435 1
7436 1
7437 1
7438 1
7439 1
7440 1
7441 1
7442 1
7443 1
7444 1
7445 1
7446 1
7447 1
7448 1
7449 1
7450 1
7451 1
7452 1
7453 1
7454 1
7455 1
7456 1
7457 1
7458 1
7459 1
7460 1
7461 1
7462 1
7463 1
7464 1
7465 1
7466 1
7467 1
7468 1
7469 1
7470 1
7471 1
7472 1
7473 1
7474 1
7475 0.5
7476 0.5
7477 0.5
7478 0.5
7479 0.5
7480 0.5
7481 0.5
7482 0.5
7483 0.5
7484 0.5
7485 0.5
7486 0.5
7487 0.5
7488 0.5
7489 0.5
7490 0.5
7491 0.5
7492 0.5
7493 0.5
7494 0.5
7495 0.5
7496 0.5
7497 0.5
7498 0.5
7499 0.5
7500 0.5
7501 0.5
7502 0.5
7503 0.5
7504 0.5
7505 0.5
7506 0.5
7507 0.5
7508 0.5
7509 0.5
7510 0.5
7511 0.5
7512 0.5
7513 0.5
7514 0.5
7515 0.5
7516 0.5
7517 0.5
7518 0.5
7519 0.5
7520 0.5
7521 0.5
7522 0.5
7523 0.5
7524 0.5
7525 0.5
7526 0.5
7527 0.5
7528 0.5
7529 0.5
7530 0.5
7531 0.5
7532 0.5
7533 0.5
7534 0.5
7535 0.5
7536 0.5
7537 0.5
7538 0.5
7539 0.5
7540 0.5
7541 0.5
7542 0.5
7543 0.5
7544 0.5
7545 0.5
7546 0.5
7547 0.5
7548 0.5
7549 0.5
7550 0.5
7551 0.5
7552 0.5
7553 0.5
7554 0.5
7555 0.5
7556 0.5
7557 0.5
7558 0.5
7559 0.5
7560 0.5
7561 0.5
7562 0.5
7563 0.5
7564 0.5
7565 0.5
7566 0.5
7567 0.5
7568 0.5
7569 0.5
7570 0.5
7571 0.5
7572 0.5
7573 0.5
7574 0.5
7575 0.5
7576 0.5
7577 0.5
7578 0.5
7579 0.5
7580 0.5
7581 0.5
7582 0.5
7583 0.5
7584 0.5
7585 0.5
7586 0.5
7587 0.5
7588 0.5
7589 0.5
7590 0.5
7591 0.5
7592 0.5
7593 0.5
7594 0.5
7595 0.5
7596 0.5
7597 0.5
7598 0.5
7599 0.5
7600 0.5
7601 0.5
7602 0.5
7603 0.5
7604 0.5
7605 0.5
7606 0.5
7607 0.5
7608 0.5
7609 0.5
7610 0.5
7611 0.5
7612 0.5
7613 0.5
7614 0.5
7615 0.5
7616 0.5
7617 0.5
7618 0.5
7619 0.5
7620 0.5
7621 0.5
7622 0.5
7623 0.5
7624 0.5
7625 0.5
7626 0.5
7627 0.5
7628 0.5
7629 0.5
7630 0.5
7631 0.5
7632 0.5
7633 0.5
7634 0.5
7635 0.5
7636 0.5
7637 0.5
7638 0.5
7639 0.5
7640 0.5
7641 0.5
7642 0.5
7643 0.5
7644 0.5
7645 0.5
7646 0.5
7647 0.5
7648 0.5
7649 0.5
7650 0.5
7651 0.5
7652 0.5
7653 0.5
7654 0.5
7655 0.5
7656 0.5
7657 0.5
7658 0.5
7659 0.5
7660 0.5
7661 0.5
7662 0.5
7663 0.5
7664 0.5
7665 0.5
7666 0.5
7667 0.5
7668 0.5
7669 0.5
7670 0.5
7671 0.5
7672 0.5
7673 0.5
7674 0.5
7675 0.5
7676 0.5
7677 0.5
7678 0.5
7679 0.5
7680 0.5
7681 0.5
7682 0.5
7683 0.5
7684 0.5
7685 0.5
7686 0.5
7687 0.5
7688 0.5
7689 0.5
7690 0.5
7691 0.5
7692 0.5
7693 0.5
7694 0.5
7695 0.5
7696 0.5
7697 0.5
7698 0.5
7699 0.5
7700 0.5
7701 0.5
7702 0.5
7703 0.5
7704 0.5
7705 0.5
7706 0.5
7707 0.5
7708 0.5
7709 0.5
7710 0.5
7711 0.5
7712 0.5
7713 0.5
7714 0.5
7715 0.5
7716 0.5
7717 0.5
7718 0.5
7719 0.5
7720 0.5
7721 0.5
7722 0.5
7723 0.5
7724 0.5
7725 0.5
7726 0.5
7727 0.5
7728 0.5
7729 0.5
7730 0.5
7731 0.5
7732 0.5
7733 0.5
7734 0.5
7735 0.5
7736 0.5
7737 0.5
7738 0.5
7739 0.5
7740 0.5
7741 0.5
7742 0.5
7743 0.5
7744 0.5
7745 0.5
7746 0.5
7747 0.5
7748 0.5
7749 0.5
7750 0.5
7751 0.5
7752 0.5
7753 0.5
7754 0.5
7755 0.5
7756 0.5
7757 0.5
7758 0.5
7759 0.5
7760 0.5
7761 0.5
7762 0.5
7763 0.5
7764 0.5
7765 0.5
7766 0.5
7767 0.5
7768 0.5
7769 0.5
7770 0.5
7771 0.5
7772 0.5
7773 0.5
7774 0.5
7775 0.5
7776 0.5
7777 0.5
7778 0.5
7779 0.5
7780 0.5
7781 0.5
7782 0.5
7783 0.5
7784 0.5
7785 0.5
7786 0.5
7787 0.5
7788 0.5
7789 0.5
7790 0.5
7791 0.5
7792 0.5
7793 0.5
7794 0.5
7795 0.5
7796 0.5
7797 0.5
7798 0.5
7799 0.5
7800 0.5
7801 0.5
7802 0.5
7803 0.5
7804 0.5
7805 0.5
7806 0.5
7807 0.5
7808 0.5
7809 0.5
7810 0.5
7811 0.5
7812 0.5
7813 0.5
7814 0.5
7815 0.5
7816 0.5
7817 0.5
7818 0.5
7819 0.5
7820 0.5
7821 0.5
7822 0.5
7823 0.5
7824 0.5
7825 0.5
7826 0.5
7827 0.5
7828 0.5
7829 0.5
7830 0.5
7831 0.5
7832 0.5
7833 0.5
7834 0.5
7835 0.5
7836 0.5
7837 0.5
7838 0.5
7839 0.5
7840 0.5
7841 0.5
7842 0.5
7843 0.5
7844 0.5
7845 0.5
7846 0.5
7847 0.5
7848 0.5
7849 0.5
7850 0.5
7851 0.5
7852 0.5
7853 0.5
7854 0.5
7855 0.5
7856 0.5
7857 0.5
7858 0.5
7859 0.5
7860 0.5
7861 0.5
7862 0.5
7863 0.5
7864 0.5
7865 0.5
7866 0.5
7867 0.5
7868 0.5
7869 0.5
7870 0.5
7871 0.5
7872 0.5
7873 0.5
7874 0.5
7875 0.5
7876 0.5
7877 0.5
7878 0.5
7879 0.5
7880 0.5
7881 0.5
7882 0.5
7883 0.5
7884 0.5
7885 0.5
7886 0.5
7887 0.5
7888 0.5
7889 0.5
7890 0.5
7891 0.5
7892 0.5
7893 0.5
7894 0.5
7895 0.5
7896 0.5
7897 0.5
7898 0.5
7899 0.5
7900 0.5
7901 0.5
7902 0.5
7903 0.5
7904 0.5
7905 0.5
7906 0.5
7907 0.5
7908 0.5
7909 0.5
7910 0.5
7911 0.5
7912 0.5
7913 0.5
7914 0.5
7915 0.5
7916 0.5
7917 0.5
7918 0.5
7919 0.5
7920 0.5
7921 0.5
7922 0.5
7923 0.5
7924 0.5
7925 0.5
7926 0.5
7927 0.5
7928 0.5
7929 0.5
7930 0.5
7931 0.5
7932 0.5
7933 0.5
7934 0.5
7935 0.5
7936 0.5
7937 0.5
7938 0.5
7939 0.5
7940 0.5
7941 0.5
7942 0.5
7943 0.5
7944 0.5
7945 0.5
7946 0.5
7947 0.5
7948 0.5
7949 0.5
7950 0.5
7951 0.5
7952 0.5
7953 0.5
7954 0.5
7955 0.5
7956 0.5
7957 0.5
7958 0.5
7959 0.5
7960 0.5
7961 0.5
7962 0.5
7963 0.5
7964 0.5
7965 0.5
7966 0.5
7967 0.5
7968 0.5
7969 0.5
7970 0.5
7971 0.5
7972 0.5
7973 0.5
7974 0.5
7975 0.5
7976 0.5
7977 0.5
7978 0.5
7979 0.5
7980 0.5
7981 0.5
7982 0.5
7983 0.5
7984 0.5
7985 0.5
7986 0.5
7987 0.5
7988 0.5
7989 0.5
7990 0.5
7991 0.5
7992 0.5
7993 0.5
7994 0.5
7995 0.5
7996 0.5
7997 0.5
7998 0.5
7999 0.5
8000 0.5
8001 0.5
8002 0.5
8003 0.5
8004 0.5
8005 0.5
8006 0.5
8007 0.5
8008 0.5
8009 0.5
8010 0.5
8011 0.5
8012 0.5
8013 0.5
8014 0.5
8015 0.5
8016 0.5
8017 0.5
8018 0.5
8019 0.5
8020 0.5
8021 0.5
8022 0.5
8023 0.5
8024 0.5
8025 0.5
8026 0.5
8027 0.5
8028 0.5
8029 0.5
8030 0.5
8031 0.5
8032 0.5
8033 0.5
8034 0.5
8035 0.5
8036 0.5
8037 0.5
8038 0.5
8039 0.5
8040 0.5
8041 0.5
8042 0.5
8043 0.5
8044 0.5
8045 0.5
8046 0.5
8047 0.5
8048 0.5
8049 0.5
8050 0.5
8051 0.5
8052 0.5
8053 0.5
8054 0.5
8055 0.5
8056 0.5
8057 0.5
8058 0.5
8059 0.5
8060 0.5
8061 0.5
8062 0.5
8063 0.5
8064 0.5
8065 0.5
8066 0.5
8067 0.5
8068 0.5
8069 0.5
8070 0.5
8071 0.5
8072 0.5
8073 0.5
8074 0.5
8075 0.5
8076 0.5
8077 0.5
8078 0.5
8079 0.5
8080 0.5
8081 0.5
8082 0.5
8083 0.5
8084 0.5
8085 0.5
8086 0.5
8087 0.5
8088 0.5
8089 0.5
8090 0.5
8091 0.5
8092 0.5
8093 0.5
8094 0.5
8095 0.5
8096 0.5
8097 0.5
8098 0.5
8099 0.5
8100 0.5
8101 0.5
8102 0.5
8103 0.5
8104 0.5
8105 0.5
8106 0.5
8107 0.5
8108 0.5
8109 0.5
8110 0.5
8111 0.5
8112 0.5
8113 0.5
8114 0.5
8115 0.5
8116 0.5
8117 0.5
8118 0.5
8119 0.5
8120 0.5
8121 0.5
8122 0.5
8123 0.5
8124 0.5
8125 0.5
8126 0.5
8127 0.5
8128 0.5
8129 0.5
8130 0.5
8131 0.5
8132 0.5
8133 0.5
8134 0.5
8135 0.5
8136 0.5
8137 0.5
8138 0.5
8139 0.5
8140 0.5
8141 0.5
8142 0.5
8143 0.5
8144 0.5
8145 0.5
8146 0.5
8147 0.5
8148 0.5
8149 0.5
8150 0.5
8151 0.5
8152 0.5
8153 0.5
8154 0.5
8155 0.5
8156 0.5
8157 0.5
8158 0.5
8159 0.5
8160 0.5
8161 0.5
8162 0.5
8163 0.5
8164 0.5
8165 0.5
8166 0.5
8167 0.5
8168 0.5
8169 0.5
8170 0.5
8171 0.5
8172 0.5
8173 0.5
8174 0.5
8175 0.5
8176 0.5
8177 0.5
8178 0.5
8179 0.5
8180 0.5
8181 0.5
8182 0.5
8183 0.5
8184 0.5
8185 0.5
8186 0.5
8187 0.5
8188 0.5
8189 0.5
8190 0.5
8191 0.5
8192 0.5
8193 0.5
8194 0.5
8195 0.5
8196 0.5
8197 0.5
8198 0.5
8199 0.5
8200 0.5
8201 0.5
8202 0.5
8203 0.5
8204 0.5
8205 0.5
8206 0.5
8207 0.5
8208 0.5
8209 0.5
8210 0.5
8211 0.5
8212 0.5
8213 0.5
8214 0.5
8215 0.5
8216 0.5
8217 0.5
8218 0.5
8219 0.5
8220 0.5
8221 0.5
8222 0.5
8223 0.5
8224 0.5
8225 0.5
8226 0.5
8227 0.5
8228 0.5
8229 0.5
8230 0.5
8231 0.5
8232 0.5
8233 0.5
8234 0.5
8235 0.5
8236 0.5
8237 0.5
8238 0.5
8239 0.5
8240 0.5
8241 0.5
8242 0.5
8243 0.5
8244 0.5
8245 0.5
8246 0.5
8247 0.5
8248 0.5
8249 0.5
8250 0.5
8251 0.5
8252 0.5
8253 0.5
8254 0.5
8255 0.5
8256 0.5
8257 0.5
8258 0.5
8259 0.5
8260 0.5
8261 0.5
8262 0.5
8263 0.5
8264 0.5
8265 0.5
8266 0.5
8267 0.5
8268 0.5
8269 0.5
8270 0.5
8271 0.5
8272 0.5
8273 0.5
8274 0.5
8275 0.5
8276 0.5
8277 0.5
8278 0.5
8279 0.5
8280 0.5
8281 0.5
8282 0.5
8283 0.5
8284 0.5
8285 0.5
8286 0.5
8287 0.5
8288 0.5
8289 0.5
8290 0.5
8291 0.5
8292 0.5
8293 0.5
8294 0.5
8295 0.5
8296 0.5
8297 0.5
8298 0.5
8299 0.5
8300 0.5
8301 0.5
8302 0.5
8303 0.5
8304 0.5
8305 0.5
8306 0.5
8307 0.5
8308 0.5
8309 0.5
8310 0.5
8311 0.5
8312 0.5
8313 0.5
8314 0.5
8315 0.5
8316 0.5
8317 0.5
8318 0.5
8319 0.5
8320 0.5
8321 0.5
8322 0.5
8323 0.5
8324 0.5
8325 0.5
8326 0.5
8327 0.5
8328 0.5
8329 0.5
8330 0.5
8331 0.5
8332 0.5
8333 0.5
8334 0.5
8335 0.5
8336 0.5
8337 0.5
8338 0.5
8339 0.5
8340 0.5
8341 0.5
8342 0.5
8343 0.5
8344 0.5
8345 0.5
8346 0.5
8347 0.5
8348 0.5
8349 0.5
8350 0.5
8351 0.5
8352 0.5
8353 0.5
8354 0.5
8355 0.5
8356 0.5
8357 0.5
8358 0.5
8359 0.5
8360 0.5
8361 0.5
8362 0.5
8363 0.5
8364 0.5
8365 0.5
8366 0.5
8367 0.5
8368 0.5
8369 0.5
8370 0.5
8371 0.5
8372 0.5
8373 0.5
8374 0.5
8375 0.5
8376 0.5
8377 0.5
8378 0.5
8379 0.5
8380 0.5
8381 0.5
8382 0.5
8383 0.5
8384 0.5
8385 0.5
8386 0.5
8387 0.5
8388 0.5
8389 0.5
8390 0.5
8391 0.5
8392 0.5
8393 0.5
8394 0.5
8395 0.5
8396 0.5
8397 0.5
8398 0.5
8399 0.5
8400 0.5
8401 0.5
8402 0.5
8403 0.5
8404 0.5
8405 0.5
8406 0.5
8407 0.5
8408 0.5
8409 0.5
8410 0.5
8411 0.5
8412 0.5
8413 0.5
8414 0.5
8415 0.5
8416 0.5
8417 0.5
8418 0.5
8419 0.5
8420 0.5
8421 0.5
8422 0.5
8423 0.5
8424 0.5
8425 0.5
8426 0.5
8427 0.5
8428 0.5
8429 0.5
8430 0.5
8431 0.5
8432 0.5
8433 0.5
8434 0.5
8435 0.5
8436 0.5
8437 0.5
8438 0.5
8439 0.5
8440 0.5
8441 0.5
8442 0.5
8443 0.5
8444 0.5
8445 0.5
8446 0.5
8447 0.5
8448 0.5
8449 0.5
8450 0.5
8451 0.5
8452 0.5
8453 0.5
8454 0.5
8455 0.5
8456 0.5
8457 0.5
8458 0.5
8459 0.5
8460 0.5
8461 0.5
8462 0.5
8463 0.5
8464 0.5
8465 0.5
8466 0.5
8467 0.5
8468 0.5
8469 0.5
8470 0.5
8471 0.5
8472 0.5
8473 0.5
8474 0.5
8475 0.5
8476 0.5
8477 0.5
8478 0.5
8479 0.5
8480 0.5
8481 0.5
8482 0.5
8483 0.5
8484 0.5
8485 0.5
8486 0.5
8487 0.5
8488 0.5
8489 0.5
8490 0.5
8491 0.5
8492 0.5
8493 0.5
8494 0.5
8495 0.5
8496 0.5
8497 0.5
8498 0.5
8499 0.5
8500 0.5
8501 0.5
8502 0.5
8503 0.5
8504 0.5
8505 0.5
8506 0.5
8507 0.5
8508 0.5
8509 0.5
8510 0.5
8511 0.5
8512 0.5
8513 0.5
8514 0.5
8515 0.5
8516 0.5
8517 0.5
8518 0.5
8519 0.5
8520 0.5
8521 0.5
8522 0.5
8523 0.5
8524 0.5
8525 0.5
8526 0.5
8527 0.5
8528 0.5
8529 0.5
8530 0.5
8531 0.5
8532 0.5
8533 0.5
8534 0.5
8535 0.5
8536 0.5
8537 0.5
8538 0.5
8539 0.5
8540 0.5
8541 0.5
8542 0.5
8543 0.5
8544 0.5
8545 0.5
8546 0.5
8547 0.5
8548 0.5
8549 0.5
8550 0.5
8551 0.5
8552 0.5
8553 0.5
8554 0.5
8555 0.5
8556 0.5
8557 0.5
8558 0.5
8559 0.5
8560 0.5
8561 0.5
8562 0.5
8563 0.5
8564 0.5
8565 0.5
8566 0.5
8567 0.5
8568 0.5
8569 0.5
8570 0.5
8571 0.5
8572 0.5
8573 0.5
8574 0.5
8575 0.5
8576 0.5
8577 0.5
8578 0.5
8579 0.5
8580 0.5
8581 0.5
8582 0.5
8583 0.5
8584 0.5
8585 0.5
8586 0.5
8587 0.5
8588 0.5
8589 0.5
8590 0.5
8591 0.5
8592 0.5
8593 0.5
8594 0.5
8595 0.5
8596 0.5
8597 0.5
8598 0.5
8599 0.5
8600 0.5
8601 0.5
8602 0.5
8603 0.5
8604 0.5
8605 0.5
8606 0.5
8607 0.5
8608 0.5
8609 0.5
8610 0.5
8611 0.5
8612 0.5
8613 0.5
8614 0.5
8615 0.5
8616 0.5
8617 0.5
8618 0.5
8619 0.5
8620 0.5
8621 0.5
8622 0.5
8623 0.5
8624 0.5
8625 0.5
8626 0.5
8627 0.5
8628 0.5
8629 0.5
8630 0.5
8631 0.5
8632 0.5
8633 0.5
8634 0.5
8635 0.5
8636 0.5
8637 0.5
8638 0.5
8639 0.5
8640 0.5
8641 0.5
8642 0.5
8643 0.5
8644 0.5
8645 0.5
8646 0.5
8647 0.5
8648 0.5
8649 0.5
8650 0.5
8651 0.5
8652 0.5
8653 0.5
8654 0.5
8655 0.5
8656 0.5
8657 0.5
8658 0.5
8659 0.5
8660 0.5
8661 0.5
8662 0.5
8663 0.5
8664 0.5
8665 0.5
8666 0.5
8667 0.5
8668 0.5
8669 0.5
8670 0.5
8671 0.5
8672 0.5
8673 0.5
8674 0.5
8675 0.5
8676 0.5
8677 0.5
8678 0.5
8679 0.5
8680 0.5
8681 0.5
8682 0.5
8683 0.5
8684 0.5
8685 0.5
8686 0.5
8687 0.5
8688 0.5
8689 0.5
8690 0.5
8691 0.5
8692 0.5
8693 0.5
8694 0.5
8695 0.5
8696 0.5
8697 0.5
8698 0.5
8699 0.5
8700 0.5
8701 0.5
8702 0.5
8703 0.5
8704 0.5
8705 0.5
8706 0.5
8707 0.5
8708 0.5
8709 0.5
8710 0.5
8711 0.5
8712 0.5
8713 0.5
8714 0.5
8715 0.5
8716 0.5
8717 0.5
8718 0.5
8719 0.5
8720 0.5
8721 0.5
8722 0.5
8723 0.5
8724 0.5
8725 0.5
8726 0.5
8727 0.5
8728 0.5
8729 0.5
8730 0.5
8731 0.5
8732 0.5
8733 0.5
8734 0.5
8735 0.5
8736 0.5
8737 0.5
8738 0.5
8739 0.5
8740 0.5
8741 0.5
8742 0.5
8743 0.5
8744 0.5
8745 0.5
8746 0.5
8747 0.5
8748 0.5
8749 0.5
8750 0.5
8751 0.5
8752 0.5
8753 0.5
8754 0.5
8755 0.5
8756 0.5
8757 0.5
8758 0.5
8759 0.5
8760 0.5
8761 0.5
8762 0.5
8763 0.5
8764 0.5
8765 0.5
8766 0.5
8767 0.5
8768 0.5
8769 0.5
8770 0.5
8771 0.5
8772 0.5
8773 0.5
8774 0.5
8775 0.5
8776 0.5
8777 0.5
8778 0.5
8779 0.5
8780 0.5
8781 0.5
8782 0.5
8783 0.5
8784 0.5
8785 0.5
8786 0.5
8787 0.5
8788 0.5
8789 0.5
8790 0.5
8791 0.5
8792 0.5
8793 0.5
8794 0.5
8795 0.5
8796 0.5
8797 0.5
8798 0.5
8799 0.5
8800 0.5
8801 0.5
8802 0.5
8803 0.5
8804 0.5
8805 0.5
8806 0.5
8807 0.5
8808 0.5
8809 0.5
8810 0.5
8811 0.5
8812 0.5
8813 0.5
8814 0.5
8815 0.5
8816 0.5
8817 0.5
8818 0.5
8819 0.5
8820 0.5
8821 0.5
8822 0.5
8823 0.5
8824 0.5
8825 0.5
8826 0.5
8827 0.5
8828 0.5
8829 0.5
8830 0.5
8831 0.5
8832 0.5
8833 0.5
8834 0.5
8835 0.5
8836 0.5
8837 0.5
8838 0.5
8839 0.5
8840 0.5
8841 0.5
8842 0.5
8843 0.5
8844 0.5
8845 0.5
8846 0.5
8847 0.5
8848 0.5
8849 0.5
8850 0.5
8851 0.5
8852 0.5
8853 0.5
8854 0.5
8855 0.5
8856 0.5
8857 0.5
8858 0.5
8859 0.5
8860 0.5
8861 0.5
8862 0.5
8863 0.5
8864 0.5
8865 0.5
8866 0.5
8867 0.5
8868 0.5
8869 0.5
8870 0.5
8871 0.5
8872 0.5
8873 0.5
8874 0.5
8875 0.5
8876 0.5
8877 0.5
8878 0.5
8879 0.5
8880 0.5
8881 0.5
8882 0.5
8883 0.5
8884 0.5
8885 0.5
8886 0.5
8887 0.5
8888 0.5
8889 0.5
8890 0.5
8891 0.5
8892 0.5
8893 0.5
8894 0.5
8895 0.5
8896 0.5
8897 0.5
8898 0.5
8899 0.5
8900 0.5
8901 0.5
8902 0.5
8903 0.5
8904 0.5
8905 0.5
8906 0.5
8907 0.5
8908 0.5
8909 0.5
8910 0.5
8911 0.5
8912 0.5
8913 0.5
8914 0.5
8915 0.5
8916 0.5
8917 0.5
8918 0.5
8919 0.5
8920 0.5
8921 0.5
8922 0.5
8923 0.5
8924 0.5
8925 0.5
8926 0.5
8927 0.5
8928 0.5
8929 0.5
8930 0.5
8931 0.5
8932 0.5
8933 0.5
8934 0.5
8935 0.5
8936 0.5
8937 0.5
8938 0.5
8939 0.5
8940 0.5
8941 0.5
8942 0.5
8943 0.5
8944 0.5
8945 0.5
8946 0.5
8947 0.5
8948 0.5
8949 0.5
8950 0.5
8951 0.5
8952 0.5
8953 0.5
8954 0.5
8955 0.5
8956 0.5
8957 0.5
8958 0.5
8959 0.5
8960 0.5
8961 0.5
8962 0.5
8963 0.5
8964 0.5
8965 0.5
8966 0.5
8967 0.5
8968 0.5
8969 0.5
8970 0.5
8971 0.5
8972 0.5
8973 0.5
8974 0.5
8975 0.5
8976 0.5
8977 0.5
8978 0.5
8979 0.5
8980 0.5
8981 0.5
8982 0.5
8983 0.5
8984 0.5
8985 0.5
8986 0.5
8987 0.5
8988 0.5
8989 0.5
8990 0.5
8991 0.5
8992 0.5
8993 0.5
8994 0.5
8995 0.5
8996 0.5
8997 0.5
8998 0.5
8999 0.5
9000 0.5
9001 0.5
9002 0.5
9003 0.5
9004 0.5
9005 0.5
9006 0.5
9007 0.5
9008 0.5
9009 0.5
9010 0.5
9011 0.5
9012 0.5
9013 0.5
9014 0.5
9015 0.5
9016 0.5
9017 0.5
9018 0.5
9019 0.5
9020 0.5
9021 0.5
9022 0.5
9023 0.5
9024 0.5
9025 0.5
9026 0.5
9027 0.5
9028 0.5
9029 0.5
9030 0.5
9031 0.5
9032 0.5
9033 0.5
9034 0.5
9035 0.5
9036 0.5
9037 0.5
9038 0.5
9039 0.5
9040 0.5
9041 0.5
9042 0.5
9043 0.5
9044 0.5
9045 0.5
9046 0.5
9047 0.5
9048 0.5
9049 0.5
9050 0.5
9051 0.5
9052 0.5
9053 0.5
9054 0.5
9055 0.5
9056 0.5
9057 0.5
9058 0.5
9059 0.5
9060 0.5
9061 0.5
9062 0.5
9063 0.5
9064 0.5
9065 0.5
9066 0.5
9067 0.5
9068 0.5
9069 0.5
9070 0.5
9071 0.5
9072 0.5
9073 0.5
9074 0.5
9075 0.5
9076 0.5
9077 0.5
9078 0.5
9079 0.5
9080 0.5
9081 0.5
9082 0.5
9083 0.5
9084 0.5
9085 0.5
9086 0.5
9087 0.5
9088 0.5
9089 0.5
9090 0.5
9091 0.5
9092 0.5
9093 0.5
9094 0.5
9095 0.5
9096 0.5
9097 0.5
9098 0.5
9099 0.5
9100 0.5
9101 0.5
9102 0.5
9103 0.5
9104 0.5
9105 0.5
9106 0.5
9107 0.5
9108 0.5
9109 0.5
9110 0.5
9111 0.5
9112 0.5
9113 0.5
9114 0.5
9115 0.5
9116 0.5
9117 0.5
9118 0.5
9119 0.5
9120 0.5
9121 0.5
9122 0.5
9123 0.5
9124 0.5
9125 0.5
9126 0.5
9127 0.5
9128 0.5
9129 0.5
9130 0.5
9131 0.5
9132 0.5
9133 0.5
9134 0.5
9135 0.5
9136 0.5
9137 0.5
9138 0.5
9139 0.5
9140 0.5
9141 0.5
9142 0.5
9143 0.5
9144 0.5
9145 0.5
9146 0.5
9147 0.5
9148 0.5
9149 0.5
9150 0.5
9151 0.5
9152 0.5
9153 0.5
9154 0.5
9155 0.5
9156 0.5
9157 0.5
9158 0.5
9159 0.5
9160 0.5
9161 0.5
9162 0.5
9163 0.5
9164 0.5
9165 0.5
9166 0.5
9167 0.5
9168 0.5
9169 0.5
9170 0.5
9171 0.5
9172 0.5
9173 0.5
9174 0.5
9175 0.5
9176 0.5
9177 0.5
9178 0.5
9179 0.5
9180 0.5
9181 0.5
9182 0.5
9183 0.5
9184 0.5
9185 0.5
9186 0.5
9187 0.5
9188 0.5
9189 0.5
9190 0.5
9191 0.5
9192 0.5
9193 0.5
9194 0.5
9195 0.5
9196 0.5
9197 0.5
9198 0.5
9199 0.5
9200 0.5
9201 0.5
9202 0.5
9203 0.5
9204 0.5
9205 0.5
9206 0.5
9207 0.5
9208 0.5
9209 0.5
9210 0.5
9211 0.5
9212 0.5
9213 0.5
9214 0.5
9215 0.5
9216 0.5
9217 0.5
9218 0.5
9219 0.5
9220 0.5
9221 0.5
9222 0.5
9223 0.5
9224 0.5
9225 0.5
9226 0.5
9227 0.5
9228 0.5
9229 0.5
9230 0.5
9231 0.5
9232 0.5
9233 0.5
9234 0.5
9235 0.5
9236 0.5
9237 0.5
9238 0.5
9239 0.5
9240 0.5
9241 0.5
9242 0.5
9243 0.5
9244 0.5
9245 0.5
9246 0.5
9247 0.5
9248 0.5
9249 0.5
9250 0.5
9251 0.5
9252 0.5
9253 0.5
9254 0.5
9255 0.5
9256 0.5
9257 0.5
9258 0.5
9259 0.5
9260 0.5
9261 0.5
9262 0.5
9263 0.5
9264 0.5
9265 0.5
9266 0.5
9267 0.5
9268 0.5
9269 0.5
9270 0.5
9271 0.5
9272 0.5
9273 0.5
9274 0.5
9275 0.5
9276 0.5
9277 0.5
9278 0.5
9279 0.5
9280 0.5
9281 0.5
9282 0.5
9283 0.5
9284 0.5
9285 0.5
9286 0.5
9287 0.5
9288 0.5
9289 0.5
9290 0.5
9291 0.5
9292 0.5
9293 0.5
9294 0.5
9295 0.5
9296 0.5
9297 0.5
9298 0.5
9299 0.5
9300 0.5
9301 0.5
9302 0.5
9303 0.5
9304 0.5
9305 0.5
9306 0.5
9307 0.5
9308 0.5
9309 0.5
9310 0.5
9311 0.5
9312 0.5
9313 0.5
9314 0.5
9315 0.5
9316 0.5
9317 0.5
9318 0.5
9319 0.5
9320 0.5
9321 0.5
9322 0.5
9323 0.5
9324 0.5
9325 0.5
9326 0.5
9327 0.5
9328 0.5
9329 0.5
9330 0.5
9331 0.5
9332 0.5
9333 0.5
9334 0.5
9335 0.5
9336 0.5
9337 0.5
9338 0.5
9339 0.5
9340 0.5
9341 0.5
9342 0.5
9343 0.5
9344 0.5
9345 0.5
9346 0.5
9347 0.5
9348 0.5
9349 0.5
9350 0.5
9351 0.5
9352 0.5
9353 0.5
9354 0.5
9355 0.5
9356 0.5
9357 0.5
9358 0.5
9359 0.5
9360 0.5
9361 0.5
9362 0.5
9363 0.5
9364 0.5
9365 0.5
9366 0.5
9367 0.5
9368 0.5
9369 0.5
9370 0.5
9371 0.5
9372 0.5
9373 0.5
9374 0.5
9375 0.5
9376 0.5
9377 0.5
9378 0.5
9379 0.5
9380 0.5
9381 0.5
9382 0.5
9383 0.5
9384 0.5
9385 0.5
9386 0.5
9387 0.5
9388 0.5
9389 0.5
9390 0.5
9391 0.5
9392 0.5
9393 0.5
9394 0.5
9395 0.5
9396 0.5
9397 0.5
9398 0.5
9399 0.5
9400 0.5
9401 0.5
9402 0.5
9403 0.5
9404 0.5
9405 0.5
9406 0.5
9407 0.5
9408 0.5
9409 0.5
9410 0.5
9411 0.5
9412 0.5
9413 0.5
9414 0.5
9415 0.5
9416 0.5
9417 0.5
9418 0.5
9419 0.5
9420 0.5
9421 0.5
9422 0.5
9423 0.5
9424 0.5
9425 0.5
9426 0.5
9427 0.5
9428 0.5
9429 0.5
9430 0.5
9431 0.5
9432 0.5
9433 0.5
9434 0.5
9435 0.5
9436 0.5
9437 0.5
9438 0.5
9439 0.5
9440 0.5
9441 0.5
9442 0.5
9443 0.5
9444 0.5
9445 0.5
9446 0.5
9447 0.5
9448 0.5
9449 0.5
9450 0.5
9451 0.5
9452 0.5
9453 0.5
9454 0.5
9455 0.5
9456 0.5
9457 0.5
9458 0.5
9459 0.5
9460 0.5
9461 0.5
9462 0.5
9463 0.5
9464 0.5
9465 0.5
9466 0.5
9467 0.5
9468 0.5
9469 0.5
9470 0.5
9471 0.5
9472 0.5
9473 0.5
9474 0.5
9475 0.5
9476 0.5
9477 0.5
9478 0.5
9479 0.5
9480 0.5
9481 0.5
9482 0.5
9483 0.5
9484 0.5
9485 0.5
9486 0.5
9487 0.5
9488 0.5
9489 0.5
9490 0.5
9491 0.5
9492 0.5
9493 0.5
9494 0.5
9495 0.5
9496 0.5
9497 0.5
9498 0.5
9499 0.5
9500 0.5
9501 0.5
9502 0.5
9503 0.5
9504 0.5
9505 0.5
9506 0.5
9507 0.5
9508 0.5
9509 0.5
9510 0.5
9511 0.5
9512 0.5
9513 0.5
9514 0.5
9515 0.5
9516 0.5
9517 0.5
9518 0.5
9519 0.5
9520 0.5
9521 0.5
9522 0.5
9523 0.5
9524 0.5
9525 0.5
9526 0.5
9527 0.5
9528 0.5
9529 0.5
9530 0.5
9531 0.5
9532 0.5
9533 0.5
9534 0.5
9535 0.5
9536 0.5
9537 0.5
9538 0.5
9539 0.5
9540 0.5
9541 0.5
9542 0.5
9543 0.5
9544 0.5
9545 0.5
9546 0.5
9547 0.5
9548 0.5
9549 0.5
9550 0.5
9551 0.5
9552 0.5
9553 0.5
9554 0.5
9555 0.5
9556 0.5
9557 0.5
9558 0.5
9559 0.5
9560 0.5
9561 0.5
9562 0.5
9563 0.5
9564 0.5
9565 0.5
9566 0.5
9567 0.5
9568 0.5
9569 0.5
9570 0.5
9571 0.5
9572 0.5
9573 0.5
9574 0.5
9575 0.5
9576 0.5
9577 0.5
9578 0.5
9579 0.5
9580 0.5
9581 0.5
9582 0.5
9583 0.5
9584 0.5
9585 0.5
9586 0.5
9587 0.5
9588 0.5
9589 0.5
9590 0.5
9591 0.5
9592 0.5
9593 0.5
9594 0.5
9595 0.5
9596 0.5
9597 0.5
9598 0.5
9599 0.5
9600 0.5
9601 0.5
9602 0.5
9603 0.5
9604 0.5
9605 0.5
9606 0.5
9607 0.5
9608 0.5
9609 0.5
9610 0.5
9611 0.5
9612 0.5
9613 0.5
9614 0.5
9615 0.5
9616 0.5
9617 0.5
9618 0.5
9619 0.5
9620 0.5
9621 0.5
9622 0.5
9623 0.5
9624 0.5
9625 0.5
9626 0.5
9627 0.5
9628 0.5
9629 0.5
9630 0.5
9631 0.5
9632 0.5
9633 0.5
9634 0.5
9635 0.5
9636 0.5
9637 0.5
9638 0.5
9639 0.5
9640 0.5
9641 0.5
9642 0.5
9643 0.5
9644 0.5
9645 0.5
9646 0.5
9647 0.5
9648 0.5
9649 0.5
9650 0.5
9651 0.5
9652 0.5
9653 0.5
9654 0.5
9655 0.5
9656 0.5
9657 0.5
9658 0.5
9659 0.5
9660 0.5
9661 0.5
9662 0.5
9663 0.5
9664 0.5
9665 0.5
9666 0.5
9667 0.5
9668 0.5
9669 0.5
9670 0.5
9671 0.5
9672 0.5
9673 0.5
9674 0.5
9675 0.5
9676 0.5
9677 0.5
9678 0.5
9679 0.5
9680 0.5
9681 0.5
9682 0.5
9683 0.5
9684 0.5
9685 0.5
9686 0.5
9687 0.5
9688 0.5
9689 0.5
9690 0.5
9691 0.5
9692 0.5
9693 0.5
9694 0.5
9695 0.5
9696 0.5
9697 0.5
9698 0.5
9699 0.5
9700 0.5
9701 0.5
9702 0.5
9703 0.5
9704 0.5
9705 0.5
9706 0.5
9707 0.5
9708 0.5
9709 0.5
9710 0.5
9711 0.5
9712 0.5
9713 0.5
9714 0.5
9715 0.5
9716 0.5
9717 0.5
9718 0.5
9719 0.5
9720 0.5
9721 0.5
9722 0.5
9723 0.5
9724 0.5
9725 0.5
9726 0.5
9727 0.5
9728 0.5
9729 0.5
9730 0.5
9731 0.5
9732 0.5
9733 0.5
9734 0.5
9735 0.5
9736 0.5
9737 0.5
9738 0.5
9739 0.5
9740 0.5
9741 0.5
9742 0.5
9743 0.5
9744 0.5
9745 0.5
9746 0.5
9747 0.5
9748 0.5
9749 0.5
9750 0.5
9751 0.5
9752 0.5
9753 0.5
9754 0.5
9755 0.5
9756 0.5
9757 0.5
9758 0.5
9759 0.5
9760 0.5
9761 0.5
9762 0.5
9763 0.5
9764 0.5
9765 0.5
9766 0.5
9767 0.5
9768 0.5
9769 0.5
9770 0.5
9771 0.5
9772 0.5
9773 0.5
9774 0.5
9775 0.5
9776 0.5
9777 0.5
9778 0.5
9779 0.5
9780 0.5
9781 0.5
9782 0.5
9783 0.5
9784 0.5
9785 0.5
9786 0.5
9787 0.5
9788 0.5
9789 0.5
9790 0.5
9791 0.5
9792 0.5
9793 0.5
9794 0.5
9795 0.5
9796 0.5
9797 0.5
9798 0.5
9799 0.5
9800 0.5
9801 0.5
9802 0.5
9803 0.5
9804 0.5
9805 0.5
9806 0.5
9807 0.5
9808 0.5
9809 0.5
9810 0.5
9811 0.5
9812 0.5
9813 0.5
9814 0.5
9815 0.5
9816 0.5
9817 0.5
9818 0.5
9819 0.5
9820 0.5
9821 0.5
9822 0.5
9823 0.5
9824 0.5
9825 0.5
9826 0.5
9827 0.5
9828 0.5
9829 0.5
9830 0.5
9831 0.5
9832 0.5
9833 0.5
9834 0.5
9835 0.5
9836 0.5
9837 0.5
9838 0.5
9839 0.5
9840 0.5
9841 0.5
9842 0.5
9843 0.5
9844 0.5
9845 0.5
9846 0.5
9847 0.5
9848 0.5
9849 0.5
9850 0.5
9851 0.5
9852 0.5
9853 0.5
9854 0.5
9855 0.5
9856 0.5
9857 0.5
9858 0.5
9859 0.5
9860 0.5
9861 0.5
9862 0.5
9863 0.5
9864 0.5
9865 0.5
9866 0.5
9867 0.5
9868 0.5
9869 0.5
9870 0.5
9871 0.5
9872 0.5
9873 0.5
9874 0.5
9875 0.5
9876 0.5
9877 0.5
9878 0.5
9879 0.5
9880 0.5
9881 0.5
9882 0.5
9883 0.5
9884 0.5
9885 0.5
9886 0.5
9887 0.5
9888 0.5
9889 0.5
9890 0.5
9891 0.5
9892 0.5
9893 0.5
9894 0.5
9895 0.5
9896 0.5
9897 0.5
9898 0.5
9899 0.5
9900 0.5
9901 0.5
9902 0.5
9903 0.5
9904 0.5
9905 0.5
9906 0.5
9907 0.5
9908 0.5
9909 0.5
9910 0.5
9911 0.5
9912 0.5
9913 0.5
9914 0.5
9915 0.5
9916 0.5
9917 0.5
9918 0.5
9919 0.5
9920 0.5
9921 0.5
9922 0.5
9923 0.5
9924 0.5
9925 0.5
9926 0.5
9927 0.5
9928 0.5
9929 0.5
9930 0.5
9931 0.5
9932 0.5
9933 0.5
9934 0.5
9935 0.5
9936 0.5
9937 0.5
9938 0.5
9939 0.5
9940 0.5
9941 0.5
9942 0.5
9943 0.5
9944 0.5
9945 0.5
9946 0.5
9947 0.5
9948 0.5
9949 0.5
9950 0.5
9951 0.5
9952 0.5
9953 0.5
9954 0.5
9955 0.5
9956 0.5
9957 0.5
9958 0.5
9959 0.5
9960 0.5
9961 0.5
9962 0.5
9963 0.5
9964 0.5
9965 0.5
9966 0.5
9967 0.5
9968 0.5
9969 0.5
9970 0.5
9971 0.5
9972 0.5
9973 0.5
9974 0.5
9975 0.5
9976 0.5
9977 0.5
9978 0.5
9979 0.5
9980 0.5
9981 0.5
9982 0.5
9983 0.5
9984 0.5
9985 0.5
9986 0.5
9987 0.5
9988 0.5
9989 0.5
9990 0.5
9991 0.5
9992 0.5
9993 0.5
9994 0.5
9995 0.5
9996 0.5
9997 0.5
9998 0.5
9999 0.5
