0 6.6371205159128661e-03
1 5.0773811194000521e-03
2 4.2135254534585668e-03
3 3.7554201751096410e-03
4 3.5229488351208368e-03
5 3.4101318396585738e-03
6 3.3578108210462741e-03
7 3.3346397076498124e-03
8 3.3248476642814551e-03
9 3.3208985115985171e-03
10 3.3193663713772790e-03
11 3.3187515719270786e-03
12 3.3183689439857883e-03
13 3.3177541445355871e-03
14 3.3162220043143481e-03
15 3.3122728516314106e-03
16 3.3024808082630511e-03
17 3.2793096948665903e-03
18 3.2269886762542870e-03
19 3.1141716807920193e-03
20 2.8817003408032043e-03
21 2.4235950624542564e-03
22 1.5597393965127390e-03
23 0.0000000000000000e+00
24 0.0000000000000000e+00
25 0.0000000000000000e+00
26 8.5511289530793272e-32
27 1.3227266504323154e-16
28 1.5597393965129443e-03
29 2.4235950624544285e-03
30 2.8817003408033561e-03
31 3.1141716807921607e-03
32 3.2269886762544228e-03
33 3.2793096948667234e-03
34 3.3024808082631834e-03
35 3.3122728516315407e-03
36 3.3162220043144808e-03
37 3.3177541445357176e-03
38 3.3183689439859180e-03
39 3.3187515719272096e-03
40 3.3193663713774104e-03
41 3.3208985115986472e-03
42 3.3248476642815865e-03
43 3.3346397076499451e-03
44 3.3578108210464068e-03
45 3.4101318396587100e-03
46 3.5229488351209777e-03
47 3.7554201751097923e-03
48 4.2135254534587385e-03
49 5.0773811194002568e-03
50 5.0773811194000521e-03
51 3.5176417228872390e-03
52 2.6537860569457554e-03
53 2.1956807785968283e-03
54 1.9632094386080232e-03
55 1.8503924431457614e-03
56 1.7980714245334614e-03
57 1.7749003111369997e-03
58 1.7651082677686424e-03
59 1.7611591150857044e-03
60 1.7596269748644663e-03
61 1.7590121754142655e-03
62 1.7586295474729748e-03
63 1.7580147480227737e-03
64 1.7564826078015358e-03
65 1.7525334551185966e-03
66 1.7427414117502397e-03
67 1.7195702983537767e-03
68 1.6672492797414739e-03
69 1.5544322842792066e-03
70 1.3219609442903907e-03
71 8.6385566594144475e-04
72 0.0000000000000000e+00
73 0.0000000000000000e+00
74 0.0000000000000000e+00
75 1.1401505270772436e-31
76 2.2464669013899652e-16
77 2.6979276047244629e-03
78 4.2576670012372747e-03
79 5.1215226671787600e-03
80 5.5796279455276859e-03
81 5.8120992855164918e-03
82 5.9249162809787530e-03
83 5.9772372995910523e-03
84 6.0004084129875127e-03
85 6.0102004563558735e-03
86 6.0141496090388089e-03
87 6.0156817492600483e-03
88 6.0162965487102500e-03
89 6.0166791766515402e-03
90 6.0172939761017393e-03
91 6.0188261163229778e-03
92 6.0227752690059175e-03
93 6.0325673123742748e-03
94 6.0557384257707379e-03
95 6.1080594443830415e-03
96 6.2208764398453079e-03
97 6.4533477798341225e-03
98 6.9114530581830700e-03
99 7.7753087241242917e-03
100 4.2135254534585668e-03
101 2.6537860569457554e-03
102 1.7899303910042705e-03
103 1.3318251126553434e-03
104 1.0993537726665388e-03
105 9.8653677720427673e-04
106 9.3421575859197652e-04
107 9.1104464519551503e-04
108 9.0125260182715816e-04
109 8.9730344914421966e-04
110 8.9577130892298123e-04
111 8.9515650947278062e-04
112 8.9477388153149002e-04
113 8.9415908208128952e-04
114 8.9262694186005077e-04
115 8.8867778917711281e-04
116 8.7888574580875464e-04
117 8.5571463241229206e-04
118 8.0339361379998947e-04
119 6.9057661833772177e-04
120 4.5810527834890680e-04
121 0.0000000000000000e+00
122 0.0000000000000000e+00
123 0.0000000000000000e+00
124 2.2803010541544873e-31
125 3.6776137690708310e-16
126 4.4728799762452434e-03
127 7.1708075809694813e-03
128 8.7305469774822952e-03
129 9.5944026434237779e-03
130 1.0052507921772705e-02
131 1.0284979261761510e-02
132 1.0397796257223771e-02
133 1.0450117275836069e-02
134 1.0473288389232532e-02
135 1.0483080432600890e-02
136 1.0487029585283828e-02
137 1.0488561725505068e-02
138 1.0489176524955266e-02
139 1.0489559152896557e-02
140 1.0490173952346759e-02
141 1.0491706092567998e-02
142 1.0495655245250935e-02
143 1.0505447288619293e-02
144 1.0528618402015757e-02
145 1.0580939420628058e-02
146 1.0693756416090324e-02
147 1.0926227756079144e-02
148 1.1384333034427686e-02
149 6.9114530581828064e-03
150 3.7554201751096410e-03
151 2.1956807785968283e-03
152 1.3318251126553434e-03
153 8.7371983430641618e-04
154 6.4124849431761123e-04
155 5.2843149885534939e-04
156 4.7611048024304918e-04
157 4.5293936684658801e-04
158 4.4314732347823060e-04
159 4.3919817079529210e-04
160 4.3766603057405389e-04
161 4.3705123112385312e-04
162 4.3666860318256290e-04
163 4.3605380373236196e-04
164 4.3452166351112381e-04
165 4.3057251082818514e-04
166 4.2078046745982719e-04
167 3.9760935406336478e-04
168 3.4528833545106180e-04
169 2.3247133998879473e-04
170 0.0000000000000000e+00
171 0.0000000000000000e+00
172 0.0000000000000000e+00
173 2.2803010541544873e-31
174 5.7245874707234634e-16
175 7.1107322699271299e-03
176 1.1583612246172006e-02
177 1.4281539850896245e-02
178 1.5841279247409055e-02
179 1.6705134913350544e-02
180 1.7163240191699465e-02
181 1.7395711531688271e-02
182 1.7508528527150530e-02
183 1.7560849545762834e-02
184 1.7584020659159295e-02
185 1.7593812702527654e-02
186 1.7597761855210597e-02
187 1.7599293995431829e-02
188 1.7599908794882029e-02
189 1.7600291422823322e-02
190 1.7600906222273522e-02
191 1.7602438362494761e-02
192 1.7606387515177700e-02
193 1.7616179558546059e-02
194 1.7639350671942517e-02
195 1.7691671690554821e-02
196 1.7804488686017094e-02
197 1.8036960026005317e-02
198 1.0926227756078759e-02
199 6.4533477798338788e-03
200 3.5229488351208368e-03
201 1.9632094386080232e-03
202 1.0993537726665388e-03
203 6.4124849431761123e-04
204 4.0877715432880650e-04
205 2.9596015886654465e-04
206 2.4363914025424445e-04
207 2.2046802685778306e-04
208 2.1067598348942571e-04
209 2.0672683080648742e-04
210 2.0519469058524902e-04
211 2.0457989113504836e-04
212 2.0419726319375800e-04
213 2.0358246374355745e-04
214 2.0205032352231891e-04
215 1.9810117083938035e-04
216 1.8830912747102251e-04
217 1.6513801407455988e-04
218 1.1281699546225713e-04
219 0.0000000000000000e+00
220 0.0000000000000000e+00
221 0.0000000000000000e+00
222 3.4204515812317309e-31
223 8.5868812060851951e-16
224 1.0843866711638721e-02
225 1.7954598981565269e-02
226 2.2427478957810151e-02
227 2.5125406562534383e-02
228 2.6685145959047203e-02
229 2.7549001624988675e-02
230 2.8007106903337610e-02
231 2.8239578243326409e-02
232 2.8352395238788679e-02
233 2.8404716257400979e-02
234 2.8427887370797440e-02
235 2.8437679414165806e-02
236 2.8441628566848735e-02
237 2.8443160707069971e-02
238 2.8443775506520177e-02
239 2.8444158134461467e-02
240 2.8444772933911667e-02
241 2.8446305074132906e-02
242 2.8450254226815849e-02
243 2.8460046270184197e-02
244 2.8483217383580658e-02
245 2.8535538402192969e-02
246 2.8648355397654375e-02
247 1.7804488686016515e-02
248 1.0693756416089953e-02
249 6.2208764398450746e-03
250 3.4101318396585738e-03
251 1.8503924431457614e-03
252 9.8653677720427673e-04
253 5.2843149885534939e-04
254 2.9596015886654465e-04
255 1.8314316340428279e-04
256 1.3082214479198252e-04
257 1.0765103139552120e-04
258 9.7858988027163920e-05
259 9.3909835344225525e-05
260 9.2377695122987152e-05
261 9.1762895672786461e-05
262 9.1380267731496243e-05
263 9.0765468281295552e-05
264 8.9233328060057084e-05
265 8.5284175377118486e-05
266 7.5492132008760587e-05
267 5.2321018612298059e-05
268 0.0000000000000000e+00
269 0.0000000000000000e+00
270 0.0000000000000000e+00
271 2.2803010541544873e-31
272 1.2351231148954867e-15
273 1.5869073236544448e-02
274 2.6712939948182295e-02
275 3.3823672218108856e-02
276 3.8296552194353725e-02
277 4.0994479799077971e-02
278 4.2554219195590777e-02
279 4.3418074861532263e-02
280 4.3876180139881191e-02
281 4.4108651479870004e-02
282 4.4221468475332266e-02
283 4.4273789493944567e-02
284 4.4296960607341035e-02
285 4.4306752650709387e-02
286 4.4310701803392319e-02
287 4.4312233943613569e-02
288 4.4312848743063765e-02
289 4.4313231371005048e-02
290 4.4313846170455251e-02
291 4.4315378310676501e-02
292 4.4319327463359419e-02
293 4.4329119506727785e-02
294 4.4352290620124253e-02
295 4.4404611638735325e-02
296 2.8535538402192112e-02
297 1.7691671690554248e-02
298 1.0580939420627690e-02
299 6.1080594443828126e-03
300 3.3578108210462741e-03
301 1.7980714245334614e-03
302 9.3421575859197652e-04
303 4.7611048024304918e-04
304 2.4363914025424445e-04
305 1.3082214479198252e-04
306 7.8501126179682343e-05
307 5.5330012783221029e-05
308 4.5537969414863699e-05
309 4.1588816731925331e-05
310 4.0056676510686938e-05
311 3.9441877060486294e-05
312 3.9059249119196043e-05
313 3.8444449668995351e-05
314 3.6912309447756876e-05
315 3.2963156764818265e-05
316 2.3171113396460420e-05
317 0.0000000000000000e+00
318 0.0000000000000000e+00
319 0.0000000000000000e+00
320 0.0000000000000000e+00
321 1.7000290064572710e-15
322 2.2292269546574331e-02
323 3.8161342783117544e-02
324 4.9005209494755411e-02
325 5.6115941764681931e-02
326 6.0588821740926828e-02
327 6.3286749345651067e-02
328 6.4846488742163880e-02
329 6.5710344408105359e-02
330 6.6168449686454300e-02
331 6.6400921026443099e-02
332 6.6513738021905355e-02
333 6.6566059040517683e-02
334 6.6589230153914145e-02
335 6.6599022197282476e-02
336 6.6602971349965429e-02
337 6.6604503490186664e-02
338 6.6605118289636861e-02
339 6.6605500917578150e-02
340 6.6606115717028375e-02
341 6.6607647857249583e-02
342 6.6611597009932522e-02
343 6.6621389053300895e-02
344 6.6644560166695663e-02
345 4.4352290620123018e-02
346 2.8483217383579808e-02
347 1.7639350671941952e-02
348 1.0528618402015390e-02
349 6.0557384257705123e-03
350 3.3346397076498124e-03
351 1.7749003111369997e-03
352 9.1104464519551503e-04
353 4.5293936684658801e-04
354 2.2046802685778306e-04
355 1.0765103139552120e-04
356 5.5330012783221029e-05
357 3.2158899386759694e-05
358 2.2366856018402378e-05
359 1.8417703335463990e-05
360 1.6885563114225617e-05
361 1.6270763664024959e-05
362 1.5888135722734708e-05
363 1.5273336272534016e-05
364 1.3741196051295548e-05
365 9.7920433683569458e-06
366 0.0000000000000000e+00
367 0.0000000000000000e+00
368 0.0000000000000000e+00
369 -4.5606021083089745e-31
370 2.2482016248659420e-15
371 3.0068642644216537e-02
372 5.2360912190789172e-02
373 6.8229985427332385e-02
374 7.9073852138970210e-02
375 8.6184584408896786e-02
376 9.0657464385141662e-02
377 9.3355391989865893e-02
378 9.4915131386378720e-02
379 9.5778987052320200e-02
380 9.6237092330669141e-02
381 9.6469563670657926e-02
382 9.6582380666120238e-02
383 9.6634701684732524e-02
384 9.6657872798128930e-02
385 9.6667664841497331e-02
386 9.6671613994180255e-02
387 9.6673146134401505e-02
388 9.6673760933851688e-02
389 9.6674143561793019e-02
390 9.6674758361243188e-02
391 9.6676290501464424e-02
392 9.6680239654147376e-02
393 9.6690031697513487e-02
394 6.6621389053299188e-02
395 4.4329119506726564e-02
396 2.8460046270183347e-02
397 1.7616179558545487e-02
398 1.0505447288618928e-02
399 6.0325673123740511e-03
400 3.3248476642814551e-03
401 1.7651082677686424e-03
402 9.0125260182715816e-04
403 4.4314732347823060e-04
404 2.1067598348942571e-04
405 9.7858988027163920e-05
406 4.5537969414863699e-05
407 2.2366856018402378e-05
408 1.2574812650045054e-05
409 8.6256599671066800e-06
410 7.0935197458683018e-06
411 6.4787202956676389e-06
412 6.0960923543773913e-06
413 5.4812929041766996e-06
414 3.9491526829382359e-06
415 0.0000000000000000e+00
416 0.0000000000000000e+00
417 0.0000000000000000e+00
418 -4.5606021083089745e-31
419 2.8657631823136853e-15
420 3.8952559789098701e-02
421 6.9021202433313000e-02
422 9.1313471979885638e-02
423 1.0718254521642881e-01
424 1.1802641192806665e-01
425 1.2513714419799324e-01
426 1.2961002417423806e-01
427 1.3230795177896235e-01
428 1.3386769117547517e-01
429 1.3473154684141667e-01
430 1.3518965211976558e-01
431 1.3542212345975441e-01
432 1.3553494045521666e-01
433 1.3558726147382891e-01
434 1.3561043258722541e-01
435 1.3562022463059376e-01
436 1.3562417378327671e-01
437 1.3562570592349793e-01
438 1.3562632072294817e-01
439 1.3562670335088944e-01
440 1.3562731815033963e-01
441 1.3562885029056088e-01
442 1.3563279944324094e-01
443 9.6680239654145114e-02
444 6.6611597009930842e-02
445 4.4319327463358198e-02
446 2.8450254226814988e-02
447 1.7606387515177128e-02
448 1.0495655245250571e-02
449 6.0227752690056946e-03
450 3.3208985115985171e-03
451 1.7611591150857044e-03
452 8.9730344914421966e-04
453 4.3919817079529210e-04
454 2.0672683080648742e-04
455 9.3909835344225525e-05
456 4.1588816731925331e-05
457 1.8417703335463990e-05
458 8.6256599671066800e-06
459 4.6765072841682976e-06
460 3.1443670629299211e-06
461 2.5295676127292599e-06
462 2.1469396714390123e-06
463 1.5321402212383216e-06
464 0.0000000000000000e+00
465 0.0000000000000000e+00
466 0.0000000000000000e+00
467 -9.1212042166179490e-31
468 3.4972025275692431e-15
469 4.8474296626433926e-02
470 8.7426856415529774e-02
471 1.1749549905974410e-01
472 1.3978776860631667e-01
473 1.5565684184285986e-01
474 1.6650070855449778e-01
475 1.7361144082442426e-01
476 1.7808432080066916e-01
477 1.8078224840539342e-01
478 1.8234198780190625e-01
479 1.8320584346784774e-01
480 1.8366394874619668e-01
481 1.8389642008618545e-01
482 1.8400923708164768e-01
483 1.8406155810026004e-01
484 1.8408472921365648e-01
485 1.8409452125702483e-01
486 1.8409847040970778e-01
487 1.8410000254992903e-01
488 1.8410061734937921e-01
489 1.8410099997732049e-01
490 1.8410161477677073e-01
491 1.8410314691698845e-01
492 1.3562885029055802e-01
493 9.6676290501462189e-02
494 6.6607647857247890e-02
495 4.4315378310675259e-02
496 2.8446305074132042e-02
497 1.7602438362494192e-02
498 1.0491706092567638e-02
499 6.0188261163227549e-03
500 3.3193663713772790e-03
501 1.7596269748644663e-03
502 8.9577130892298123e-04
503 4.3766603057405389e-04
504 2.0519469058524902e-04
505 9.2377695122987152e-05
506 4.0056676510686938e-05
507 1.6885563114225617e-05
508 7.0935197458683018e-06
509 3.1443670629299211e-06
510 1.6122268416915442e-06
511 9.9742739149088346e-07
512 6.1479945020063610e-07
513 0.0000000000000000e+00
514 0.0000000000000000e+00
515 0.0000000000000000e+00
516 -9.1212042166179490e-31
517 4.1078251911130792e-15
518 5.7958398140301438e-02
519 1.0643269476673189e-01
520 1.4538525455582776e-01
521 1.7545389720004198e-01
522 1.9774616674661460e-01
523 2.1361523998315785e-01
524 2.2445910669479563e-01
525 2.3156983896472222e-01
526 2.3604271894096712e-01
527 2.3874064654569138e-01
528 2.4030038594220418e-01
529 2.4116424160814567e-01
530 2.4162234688649459e-01
531 2.4185481822648336e-01
532 2.4196763522194570e-01
533 2.4201995624055797e-01
534 2.4204312735395439e-01
535 2.4205291939732276e-01
536 2.4205686855000574e-01
537 2.4205840069022694e-01
538 2.4205901548967723e-01
539 2.4205939811761848e-01
540 2.4206001291706458e-01
541 1.8410161477676720e-01
542 1.3562731815033680e-01
543 9.6674758361240939e-02
544 6.6606115717026654e-02
545 4.4313846170454009e-02
546 2.8444772933910813e-02
547 1.7600906222272960e-02
548 1.0490173952346395e-02
549 6.0172939761015173e-03
550 3.3187515719270786e-03
551 1.7590121754142655e-03
552 8.9515650947278062e-04
553 4.3705123112385312e-04
554 2.0457989113504836e-04
555 9.1762895672786461e-05
556 3.9441877060486294e-05
557 1.6270763664024959e-05
558 6.4787202956676389e-06
559 2.5295676127292599e-06
560 9.9742739149088346e-07
561 3.8262794129022269e-07
562 0.0000000000000000e+00
563 0.0000000000000000e+00
564 0.0000000000000000e+00
565 -9.1212042166179490e-31
566 4.6351811278100286e-15
567 6.6590499990984625e-02
568 1.2454889813128198e-01
569 1.7302319475771244e-01
570 2.1197575454680823e-01
571 2.4204439719102250e-01
572 2.6433666673759515e-01
573 2.8020573997413828e-01
574 2.9104960668577623e-01
575 2.9816033895570276e-01
576 3.0263321893194761e-01
577 3.0533114653667193e-01
578 3.0689088593318475e-01
579 3.0775474159912619e-01
580 3.0821284687747508e-01
581 3.0844531821746396e-01
582 3.0855813521292624e-01
583 3.0861045623153843e-01
584 3.0863362734493494e-01
585 3.0864341938830331e-01
586 3.0864736854098618e-01
587 3.0864890068120759e-01
588 3.0864951548065772e-01
589 3.0864989810859439e-01
590 2.4205939811761434e-01
591 1.8410099997731702e-01
592 1.3562670335088658e-01
593 9.6674143561790743e-02
594 6.6605500917576443e-02
595 4.4313231371003826e-02
596 2.8444158134460620e-02
597 1.7600291422822753e-02
598 1.0489559152896195e-02
599 6.0166791766513173e-03
600 3.3183689439857883e-03
601 1.7586295474729748e-03
602 8.9477388153149002e-04
603 4.3666860318256290e-04
604 2.0419726319375800e-04
605 9.1380267731496243e-05
606 3.9059249119196043e-05
607 1.5888135722734708e-05
608 6.0960923543773913e-06
609 2.1469396714390123e-06
610 6.1479945020063610e-07
611 0.0000000000000000e+00
612 0.0000000000000000e+00
613 0.0000000000000000e+00
614 -9.1212042166179490e-31
615 5.0098813986210189e-15
616 7.3527010406712209e-02
617 1.4011751039769221e-01
618 1.9807590853798956e-01
619 2.4655020516441994e-01
620 2.8550276495351579e-01
621 3.1557140759773006e-01
622 3.3786367714430265e-01
623 3.5373275038084595e-01
624 3.6457661709248379e-01
625 3.7168734936241032e-01
626 3.7616022933865523e-01
627 3.7885815694337954e-01
628 3.8041789633989231e-01
629 3.8128175200583370e-01
630 3.8173985728418269e-01
631 3.8197232862417152e-01
632 3.8208514561963369e-01
633 3.8213746663824610e-01
634 3.8216063775164244e-01
635 3.8217042979501081e-01
636 3.8217437894769390e-01
637 3.8217591108791504e-01
638 3.8217652588736029e-01
639 3.0864951548065311e-01
640 2.4205901548967307e-01
641 1.8410061734937572e-01
642 1.3562632072294528e-01
643 9.6673760933849440e-02
644 6.6605118289635168e-02
645 4.4312848743062544e-02
646 2.8443775506519331e-02
647 1.7599908794881467e-02
648 1.0489176524954904e-02
649 6.0162965487100270e-03
650 3.3177541445355871e-03
651 1.7580147480227737e-03
652 8.9415908208128952e-04
653 4.3605380373236196e-04
654 2.0358246374355745e-04
655 9.0765468281295552e-05
656 3.8444449668995351e-05
657 1.5273336272534016e-05
658 5.4812929041766996e-06
659 1.5321402212383216e-06
660 0.0000000000000000e+00
661 0.0000000000000000e+00
662 0.0000000000000000e+00
663 -9.1212042166179490e-31
664 5.2180482157382357e-15
665 7.8028664105082357e-02
666 1.5155567451178953e-01
667 2.1814617450276952e-01
668 2.7610457264306681e-01
669 3.2457886926949731e-01
670 3.6353142905859309e-01
671 3.9360007170280736e-01
672 4.1589234124938002e-01
673 4.3176141448592326e-01
674 4.4260528119756110e-01
675 4.4971601346748763e-01
676 4.5418889344373264e-01
677 4.5688682104845679e-01
678 4.5844656044496951e-01
679 4.5931041611091117e-01
680 4.5976852138926000e-01
681 4.6000099272924883e-01
682 4.6011380972471116e-01
683 4.6016613074332330e-01
684 4.6018930185671986e-01
685 4.6019909390008834e-01
686 4.6020304305277110e-01
687 4.6020457519298719e-01
688 3.8217591108791010e-01
689 3.0864890068120288e-01
690 2.4205840069022289e-01
691 1.8410000254992551e-01
692 1.3562570592349507e-01
693 9.6673146134399285e-02
694 6.6604503490184985e-02
695 4.4312233943612341e-02
696 2.8443160707069128e-02
697 1.7599293995431260e-02
698 1.0488561725504704e-02
699 6.0156817492598262e-03
700 3.3162220043143481e-03
701 1.7564826078015358e-03
702 8.9262694186005077e-04
703 4.3452166351112381e-04
704 2.0205032352231891e-04
705 8.9233328060057084e-05
706 3.6912309447756876e-05
707 1.3741196051295548e-05
708 3.9491526829382359e-06
709 0.0000000000000000e+00
710 0.0000000000000000e+00
711 0.0000000000000000e+00
712 -9.1212042166179490e-31
713 5.2180482157382357e-15
714 7.9589237387184000e-02
715 1.5761790149226113e-01
716 2.3114491189896824e-01
717 2.9773541188994823e-01
718 3.5569381003024558e-01
719 4.0416810665667602e-01
720 4.4312066644577180e-01
721 4.7318930908998608e-01
722 4.9548157863655884e-01
723 5.1135065187310202e-01
724 5.2219451858473986e-01
725 5.2930525085466651e-01
726 5.3377813083091130e-01
727 5.3647605843563551e-01
728 5.3803579783214850e-01
729 5.3889965349808988e-01
730 5.3935775877643877e-01
731 5.3959023011642782e-01
732 5.3970304711188977e-01
733 5.3975536813050218e-01
734 5.3977853924389874e-01
735 5.3978833128726689e-01
736 5.3979228043994465e-01
737 4.6020304305276599e-01
738 3.8217437894768880e-01
739 3.0864736854098168e-01
740 2.4205686855000161e-01
741 1.8409847040970426e-01
742 1.3562417378327390e-01
743 9.6671613994178035e-02
744 6.6602971349963735e-02
745 4.4310701803391098e-02
746 2.8441628566847885e-02
747 1.7597761855210021e-02
748 1.0487029585283469e-02
749 6.0141496090385868e-03
750 3.3122728516314106e-03
751 1.7525334551185966e-03
752 8.8867778917711281e-04
753 4.3057251082818514e-04
754 1.9810117083938035e-04
755 8.5284175377118486e-05
756 3.2963156764818265e-05
757 9.7920433683569458e-06
758 0.0000000000000000e+00
759 0.0000000000000000e+00
760 0.0000000000000000e+00
761 -9.1212042166179490e-31
762 5.0098813986210189e-15
763 7.8028664105082357e-02
764 1.5761790149226113e-01
765 2.3564656559733818e-01
766 3.0917357600404533e-01
767 3.7576407599502537e-01
768 4.3372247413532272e-01
769 4.8219677076175310e-01
770 5.2114933055084889e-01
771 5.5121797319506327e-01
772 5.7351024274163598e-01
773 5.8937931597817916e-01
774 6.0022318268981711e-01
775 6.0733391495974354e-01
776 6.1180679493598833e-01
777 6.1450472254071276e-01
778 6.1606446193722553e-01
779 6.1692831760316702e-01
780 6.1738642288151613e-01
781 6.1761889422150473e-01
782 6.1773171121696702e-01
783 6.1778403223557943e-01
784 6.1780720334897554e-01
785 6.1781699539233892e-01
786 5.3978833128726178e-01
787 4.6019909390008296e-01
788 3.8217042979500598e-01
789 3.0864341938829870e-01
790 2.4205291939731866e-01
791 1.8409452125702142e-01
792 1.3562022463059092e-01
793 9.6667664841495096e-02
794 6.6599022197280797e-02
795 4.4306752650708159e-02
796 2.8437679414164939e-02
797 1.7593812702527092e-02
798 1.0483080432600527e-02
799 6.0102004563556480e-03
800 3.3024808082630511e-03
801 1.7427414117502397e-03
802 8.7888574580875464e-04
803 4.2078046745982719e-04
804 1.8830912747102251e-04
805 7.5492132008760587e-05
806 2.3171113396460420e-05
807 0.0000000000000000e+00
808 0.0000000000000000e+00
809 0.0000000000000000e+00
810 -9.1212042166179490e-31
811 4.6351811278100286e-15
812 7.3527010406712209e-02
813 1.5155567451178953e-01
814 2.3114491189896824e-01
815 3.0917357600404533e-01
816 3.8270058641075255e-01
817 4.4929108640173254e-01
818 5.0724948454202989e-01
819 5.5572378116846033e-01
820 5.9467634095755628e-01
821 6.2474498360177055e-01
822 6.4703725314834315e-01
823 6.6290632638488645e-01
824 6.7375019309652417e-01
825 6.8086092536645071e-01
826 6.8533380534269572e-01
827 6.8803173294741982e-01
828 6.8959147234393270e-01
829 6.9045532800987430e-01
830 6.9091343328822319e-01
831 6.9114590462821190e-01
832 6.9125872162367430e-01
833 6.9131104264228627e-01
834 6.9133421375567827e-01
835 6.1780720334897066e-01
836 5.3977853924389341e-01
837 4.6018930185671469e-01
838 3.8216063775163756e-01
839 3.0863362734493027e-01
840 2.4204312735395039e-01
841 1.8408472921365299e-01
842 1.3561043258722255e-01
843 9.6657872798126723e-02
844 6.6589230153912438e-02
845 4.4296960607339786e-02
846 2.8427887370796597e-02
847 1.7584020659158726e-02
848 1.0473288389232168e-02
849 6.0004084129872924e-03
850 3.2793096948665903e-03
851 1.7195702983537767e-03
852 8.5571463241229206e-04
853 3.9760935406336478e-04
854 1.6513801407455988e-04
855 5.2321018612298059e-05
856 0.0000000000000000e+00
857 0.0000000000000000e+00
858 0.0000000000000000e+00
859 -9.1212042166179490e-31
860 4.1078251911130792e-15
861 6.6590499990984625e-02
862 1.4011751039769221e-01
863 2.1814617450276952e-01
864 2.9773541188994823e-01
865 3.7576407599502537e-01
866 4.4929108640173254e-01
867 5.1588158639271253e-01
868 5.7383998453300999e-01
869 6.2231428115944043e-01
870 6.6126684094853638e-01
871 6.9133548359275054e-01
872 7.1362775313932314e-01
873 7.2949682637586633e-01
874 7.4034069308750416e-01
875 7.4745142535743081e-01
876 7.5192430533367560e-01
877 7.5462223293839992e-01
878 7.5618197233491269e-01
879 7.5704582800085429e-01
880 7.5750393327920318e-01
881 7.5773640461919201e-01
882 7.5784922161465407e-01
883 7.5790154263326226e-01
884 6.9131104264228183e-01
885 6.1778403223557421e-01
886 5.3975536813049696e-01
887 4.6016613074331825e-01
888 3.8213746663824100e-01
889 3.0861045623153394e-01
890 2.4201995624055386e-01
891 1.8406155810025654e-01
892 1.3558726147382608e-01
893 9.6634701684730262e-02
894 6.6566059040515962e-02
895 4.4273789493943345e-02
896 2.8404716257400122e-02
897 1.7560849545762265e-02
898 1.0450117275835709e-02
899 5.9772372995908259e-03
900 3.2269886762542870e-03
901 1.6672492797414739e-03
902 8.0339361379998947e-04
903 3.4528833545106180e-04
904 1.1281699546225713e-04
905 0.0000000000000000e+00
906 0.0000000000000000e+00
907 0.0000000000000000e+00
908 -4.5606021083089745e-31
909 3.4972025275692431e-15
910 5.7958398140301438e-02
911 1.2454889813128198e-01
912 1.9807590853798956e-01
913 2.7610457264306681e-01
914 3.5569381003024558e-01
915 4.3372247413532272e-01
916 5.0724948454202989e-01
917 5.7383998453300999e-01
918 6.3179838267330746e-01
919 6.8027267929973789e-01
920 7.1922523908883362e-01
921 7.4929388173304778e-01
922 7.7158615127962038e-01
923 7.8745522451616357e-01
924 7.9829909122780152e-01
925 8.0540982349772794e-01
926 8.0988270347397295e-01
927 8.1258063107869716e-01
928 8.1414037047521015e-01
929 8.1500422614115153e-01
930 8.1546233141950042e-01
931 8.1569480275948913e-01
932 8.1580761975494798e-01
933 7.5784922161465007e-01
934 6.9125872162366953e-01
935 6.1773171121696202e-01
936 5.3970304711188466e-01
937 4.6011380972470578e-01
938 3.8208514561962875e-01
939 3.0855813521292158e-01
940 2.4196763522194159e-01
941 1.8400923708164418e-01
942 1.3553494045521380e-01
943 9.6582380666117948e-02
944 6.6513738021903676e-02
945 4.4221468475331031e-02
946 2.8352395238787818e-02
947 1.7508528527149965e-02
948 1.0397796257223401e-02
949 5.9249162809785257e-03
950 3.1141716807920193e-03
951 1.5544322842792066e-03
952 6.9057661833772177e-04
953 2.3247133998879473e-04
954 0.0000000000000000e+00
955 0.0000000000000000e+00
956 0.0000000000000000e+00
957 -4.5606021083089745e-31
958 2.8657631823136853e-15
959 4.8474296626433926e-02
960 1.0643269476673189e-01
961 1.7302319475771244e-01
962 2.4655020516441994e-01
963 3.2457886926949731e-01
964 4.0416810665667602e-01
965 4.8219677076175310e-01
966 5.5572378116846033e-01
967 6.2231428115944043e-01
968 6.8027267929973789e-01
969 7.2874697592616822e-01
970 7.6769953571526395e-01
971 7.9776817835947822e-01
972 8.2006044790605082e-01
973 8.3592952114259411e-01
974 8.4677338785423195e-01
975 8.5388412012415849e-01
976 8.5835700010040328e-01
977 8.6105492770512770e-01
978 8.6261466710164048e-01
979 8.6347852276758197e-01
980 8.6393662804593085e-01
981 8.6416909938591679e-01
982 8.1569480275948569e-01
983 7.5773640461918779e-01
984 6.9114590462820735e-01
985 6.1761889422149974e-01
986 5.3959023011642238e-01
987 4.6000099272924361e-01
988 3.8197232862416647e-01
989 3.0844531821745930e-01
990 2.4185481822647925e-01
991 1.8389642008618196e-01
992 1.3542212345975152e-01
993 9.6469563670655706e-02
994 6.6400921026441392e-02
995 4.4108651479868762e-02
996 2.8239578243325559e-02
997 1.7395711531687692e-02
998 1.0284979261761137e-02
999 5.8120992855162593e-03
1000 2.8817003408032043e-03
1001 1.3219609442903907e-03
1002 4.5810527834890680e-04
1003 0.0000000000000000e+00
1004 0.0000000000000000e+00
1005 0.0000000000000000e+00
1006 0.0000000000000000e+00
1007 2.2482016248659420e-15
1008 3.8952559789098701e-02
1009 8.7426856415529774e-02
1010 1.4538525455582776e-01
1011 2.1197575454680823e-01
1012 2.8550276495351579e-01
1013 3.6353142905859309e-01
1014 4.4312066644577180e-01
1015 5.2114933055084889e-01
1016 5.9467634095755628e-01
1017 6.6126684094853638e-01
1018 7.1922523908883362e-01
1019 7.6769953571526395e-01
1020 8.0665209550435968e-01
1021 8.3672073814857417e-01
1022 8.5901300769514677e-01
1023 8.7488208093168995e-01
1024 8.8572594764332768e-01
1025 8.9283667991325433e-01
1026 8.9730955988949934e-01
1027 9.0000748749422343e-01
1028 9.0156722689073632e-01
1029 9.0243108255667781e-01
1030 9.0288918783502448e-01
1031 8.6393662804592786e-01
1032 8.1546233141949687e-01
1033 7.5750393327919896e-01
1034 6.9091343328821853e-01
1035 6.1738642288151091e-01
1036 5.3935775877643355e-01
1037 4.5976852138925478e-01
1038 3.8173985728417764e-01
1039 3.0821284687747041e-01
1040 2.4162234688649048e-01
1041 1.8366394874619313e-01
1042 1.3518965211976272e-01
1043 9.6237092330666865e-02
1044 6.6168449686452580e-02
1045 4.3876180139879963e-02
1046 2.8007106903336736e-02
1047 1.7163240191698882e-02
1048 1.0052507921772322e-02
1049 5.5796279455274430e-03
1050 2.4235950624542564e-03
1051 8.6385566594144475e-04
1052 0.0000000000000000e+00
1053 0.0000000000000000e+00
1054 0.0000000000000000e+00
1055 2.2803010541544873e-31
1056 1.7000290064572710e-15
1057 3.0068642644216537e-02
1058 6.9021202433313000e-02
1059 1.1749549905974410e-01
1060 1.7545389720004198e-01
1061 2.4204439719102250e-01
1062 3.1557140759773006e-01
1063 3.9360007170280736e-01
1064 4.7318930908998608e-01
1065 5.5121797319506327e-01
1066 6.2474498360177055e-01
1067 6.9133548359275054e-01
1068 7.4929388173304778e-01
1069 7.9776817835947822e-01
1070 8.3672073814857417e-01
1071 8.6678938079278833e-01
1072 8.8908165033936093e-01
1073 9.0495072357590400e-01
1074 9.1579459028754207e-01
1075 9.2290532255746871e-01
1076 9.2737820253371350e-01
1077 9.3007613013843771e-01
1078 9.3163586953495070e-01
1079 9.3249972520089031e-01
1080 9.0243108255667548e-01
1081 8.6347852276757897e-01
1082 8.1500422614114798e-01
1083 7.5704582800085007e-01
1084 6.9045532800986953e-01
1085 6.1692831760316191e-01
1086 5.3889965349808455e-01
1087 4.5931041611090578e-01
1088 3.8128175200582864e-01
1089 3.0775474159912153e-01
1090 2.4116424160814154e-01
1091 1.8320584346784421e-01
1092 1.3473154684141375e-01
1093 9.5778987052317924e-02
1094 6.5710344408103652e-02
1095 4.3418074861531000e-02
1096 2.7549001624987798e-02
1097 1.6705134913349934e-02
1098 9.5944026434233737e-03
1099 5.1215226671784964e-03
1100 1.5597393965127390e-03
1101 0.0000000000000000e+00
1102 0.0000000000000000e+00
1103 0.0000000000000000e+00
1104 3.4204515812317309e-31
1105 1.2351231148954867e-15
1106 2.2292269546574331e-02
1107 5.2360912190789172e-02
1108 9.1313471979885638e-02
1109 1.3978776860631667e-01
1110 1.9774616674661460e-01
1111 2.6433666673759515e-01
1112 3.3786367714430265e-01
1113 4.1589234124938002e-01
1114 4.9548157863655884e-01
1115 5.7351024274163598e-01
1116 6.4703725314834315e-01
1117 7.1362775313932314e-01
1118 7.7158615127962038e-01
1119 8.2006044790605082e-01
1120 8.5901300769514677e-01
1121 8.8908165033936093e-01
1122 9.1137391988593353e-01
1123 9.2724299312247682e-01
1124 9.3808685983411488e-01
1125 9.4519759210404108e-01
1126 9.4967047208028610e-01
1127 9.5236839968501064e-01
1128 9.5392813908152185e-01
1129 9.3163586953494892e-01
1130 9.0156722689073387e-01
1131 8.6261466710163748e-01
1132 8.1414037047520649e-01
1133 7.5618197233490847e-01
1134 6.8959147234392804e-01
1135 6.1606446193722042e-01
1136 5.3803579783214295e-01
1137 4.5844656044496424e-01
1138 3.8041789633988721e-01
1139 3.0689088593318004e-01
1140 2.4030038594220005e-01
1141 1.8234198780190267e-01
1142 1.3386769117547226e-01
1143 9.4915131386376417e-02
1144 6.4846488742162117e-02
1145 4.2554219195589493e-02
1146 2.6685145959046277e-02
1147 1.5841279247408413e-02
1148 8.7305469774818564e-03
1149 4.2576670012369755e-03
1150 0.0000000000000000e+00
1151 0.0000000000000000e+00
1152 0.0000000000000000e+00
1153 2.2803010541544873e-31
1154 8.5868812060851951e-16
1155 1.5869073236544448e-02
1156 3.8161342783117544e-02
1157 6.8229985427332385e-02
1158 1.0718254521642881e-01
1159 1.5565684184285986e-01
1160 2.1361523998315785e-01
1161 2.8020573997413828e-01
1162 3.5373275038084595e-01
1163 4.3176141448592326e-01
1164 5.1135065187310202e-01
1165 5.8937931597817916e-01
1166 6.6290632638488645e-01
1167 7.2949682637586633e-01
1168 7.8745522451616357e-01
1169 8.3592952114259411e-01
1170 8.7488208093168995e-01
1171 9.0495072357590400e-01
1172 9.2724299312247682e-01
1173 9.4311206635902023e-01
1174 9.5395593307065774e-01
1175 9.6106666534058438e-01
1176 9.6553954531682962e-01
1177 9.6823747292155260e-01
1178 9.5236839968500919e-01
1179 9.3007613013843582e-01
1180 9.0000748749422110e-01
1181 8.6105492770512471e-01
1182 8.1258063107869349e-01
1183 7.5462223293839570e-01
1184 6.8803173294741504e-01
1185 6.1450472254070743e-01
1186 5.3647605843563007e-01
1187 4.5688682104845141e-01
1188 3.7885815694337432e-01
1189 3.0533114653666715e-01
1190 2.3874064654568716e-01
1191 1.8078224840538984e-01
1192 1.3230795177895938e-01
1193 9.3355391989863534e-02
1194 6.3286749345649262e-02
1195 4.0994479799076618e-02
1196 2.5125406562533398e-02
1197 1.4281539850895544e-02
1198 7.1708075809689825e-03
1199 2.6979276047241073e-03
1200 0.0000000000000000e+00
1201 0.0000000000000000e+00
1202 2.2803010541544873e-31
1203 5.7245874707234634e-16
1204 1.0843866711638721e-02
1205 2.6712939948182295e-02
1206 4.9005209494755411e-02
1207 7.9073852138970210e-02
1208 1.1802641192806665e-01
1209 1.6650070855449778e-01
1210 2.2445910669479563e-01
1211 2.9104960668577623e-01
1212 3.6457661709248379e-01
1213 4.4260528119756110e-01
1214 5.2219451858473986e-01
1215 6.0022318268981711e-01
1216 6.7375019309652417e-01
1217 7.4034069308750416e-01
1218 7.9829909122780152e-01
1219 8.4677338785423195e-01
1220 8.8572594764332768e-01
1221 9.1579459028754207e-01
1222 9.3808685983411488e-01
1223 9.5395593307065774e-01
1224 9.6479979978229580e-01
1225 9.7191053205222266e-01
1226 9.7638341202846635e-01
1227 9.6553954531682862e-01
1228 9.4967047208028454e-01
1229 9.2737820253371150e-01
1230 8.9730955988949679e-01
1231 8.5835700010040028e-01
1232 8.0988270347396929e-01
1233 7.5192430533367127e-01
1234 6.8533380534269062e-01
1235 6.1180679493598300e-01
1236 5.3377813083090586e-01
1237 4.5418889344372704e-01
1238 3.7616022933865001e-01
1239 3.0263321893194284e-01
1240 2.3604271894096285e-01
1241 1.7808432080066547e-01
1242 1.2961002417423503e-01
1243 9.0657464385139219e-02
1244 6.0588821740924920e-02
1245 3.8296552194352282e-02
1246 2.2427478957809076e-02
1247 1.1583612246171208e-02
1248 4.4728799762446545e-03
1249 0.0000000000000000e+00
1250 0.0000000000000000e+00
1251 1.1401505270772436e-31
1252 3.6776137690708310e-16
1253 7.1107322699271299e-03
1254 1.7954598981565269e-02
1255 3.3823672218108856e-02
1256 5.6115941764681931e-02
1257 8.6184584408896786e-02
1258 1.2513714419799324e-01
1259 1.7361144082442426e-01
1260 2.3156983896472222e-01
1261 2.9816033895570276e-01
1262 3.7168734936241032e-01
1263 4.4971601346748763e-01
1264 5.2930525085466651e-01
1265 6.0733391495974354e-01
1266 6.8086092536645071e-01
1267 7.4745142535743081e-01
1268 8.0540982349772794e-01
1269 8.5388412012415849e-01
1270 8.9283667991325433e-01
1271 9.2290532255746871e-01
1272 9.4519759210404108e-01
1273 9.6106666534058438e-01
1274 9.7191053205222266e-01
1275 9.7902126432214820e-01
1276 9.7191053205222178e-01
1277 9.6106666534058327e-01
1278 9.4519759210403953e-01
1279 9.2290532255746671e-01
1280 8.9283667991325166e-01
1281 8.5388412012415527e-01
1282 8.0540982349772428e-01
1283 7.4745142535742615e-01
1284 6.8086092536644560e-01
1285 6.0733391495973821e-01
1286 5.2930525085466074e-01
1287 4.4971601346748213e-01
1288 3.7168734936240500e-01
1289 2.9816033895569782e-01
1290 2.3156983896471783e-01
1291 1.7361144082442048e-01
1292 1.2513714419799005e-01
1293 8.6184584408894191e-02
1294 5.6115941764679891e-02
1295 3.3823672218107267e-02
1296 1.7954598981564054e-02
1297 7.1107322699261932e-03
1298 0.0000000000000000e+00
1299 0.0000000000000000e+00
1300 8.5511289530793272e-32
1301 2.2464669013899652e-16
1302 4.4728799762452434e-03
1303 1.1583612246172006e-02
1304 2.2427478957810151e-02
1305 3.8296552194353725e-02
1306 6.0588821740926828e-02
1307 9.0657464385141662e-02
1308 1.2961002417423806e-01
1309 1.7808432080066916e-01
1310 2.3604271894096712e-01
1311 3.0263321893194761e-01
1312 3.7616022933865523e-01
1313 4.5418889344373264e-01
1314 5.3377813083091130e-01
1315 6.1180679493598833e-01
1316 6.8533380534269572e-01
1317 7.5192430533367560e-01
1318 8.0988270347397295e-01
1319 8.5835700010040328e-01
1320 8.9730955988949934e-01
1321 9.2737820253371350e-01
1322 9.4967047208028610e-01
1323 9.6553954531682962e-01
1324 9.7638341202846635e-01
1325 9.7191053205222178e-01
1326 9.6479979978229469e-01
1327 9.5395593307065629e-01
1328 9.3808685983411300e-01
1329 9.1579459028753973e-01
1330 8.8572594764332491e-01
1331 8.4677338785422851e-01
1332 7.9829909122779741e-01
1333 7.4034069308749939e-01
1334 6.7375019309651907e-01
1335 6.0022318268981123e-01
1336 5.2219451858473409e-01
1337 4.4260528119755532e-01
1338 3.6457661709247824e-01
1339 2.9104960668577107e-01
1340 2.2445910669479108e-01
1341 1.6650070855449373e-01
1342 1.1802641192806326e-01
1343 7.9073852138967407e-02
1344 4.9005209494753135e-02
1345 2.6712939948180504e-02
1346 1.0843866711637290e-02
1347 0.0000000000000000e+00
1348 0.0000000000000000e+00
1349 0.0000000000000000e+00
1350 1.3227266504323154e-16
1351 2.6979276047244629e-03
1352 7.1708075809694813e-03
1353 1.4281539850896245e-02
1354 2.5125406562534383e-02
1355 4.0994479799077971e-02
1356 6.3286749345651067e-02
1357 9.3355391989865893e-02
1358 1.3230795177896235e-01
1359 1.8078224840539342e-01
1360 2.3874064654569138e-01
1361 3.0533114653667193e-01
1362 3.7885815694337954e-01
1363 4.5688682104845679e-01
1364 5.3647605843563551e-01
1365 6.1450472254071276e-01
1366 6.8803173294741982e-01
1367 7.5462223293839992e-01
1368 8.1258063107869716e-01
1369 8.6105492770512770e-01
1370 9.0000748749422343e-01
1371 9.3007613013843771e-01
1372 9.5236839968501064e-01
1373 9.6823747292155260e-01
1374 9.6553954531682862e-01
1375 9.6106666534058327e-01
1376 9.5395593307065629e-01
1377 9.4311206635901845e-01
1378 9.2724299312247471e-01
1379 9.0495072357590156e-01
1380 8.7488208093168696e-01
1381 8.3592952114259045e-01
1382 7.8745522451615912e-01
1383 7.2949682637586144e-01
1384 6.6290632638488067e-01
1385 5.8937931597817328e-01
1386 5.1135065187309592e-01
1387 4.3176141448591721e-01
1388 3.5373275038084018e-01
1389 2.8020573997413295e-01
1390 2.1361523998315293e-01
1391 1.5565684184285555e-01
1392 1.0718254521642510e-01
1393 6.8229985427329276e-02
1394 3.8161342783114990e-02
1395 1.5869073236542356e-02
1396 0.0000000000000000e+00
1397 0.0000000000000000e+00
1398 0.0000000000000000e+00
1399 1.4251881588465545e-32
1400 1.5597393965129443e-03
1401 4.2576670012372747e-03
1402 8.7305469774822952e-03
1403 1.5841279247409055e-02
1404 2.6685145959047203e-02
1405 4.2554219195590777e-02
1406 6.4846488742163880e-02
1407 9.4915131386378720e-02
1408 1.3386769117547517e-01
1409 1.8234198780190625e-01
1410 2.4030038594220418e-01
1411 3.0689088593318475e-01
1412 3.8041789633989231e-01
1413 4.5844656044496951e-01
1414 5.3803579783214850e-01
1415 6.1606446193722553e-01
1416 6.8959147234393270e-01
1417 7.5618197233491269e-01
1418 8.1414037047521015e-01
1419 8.6261466710164048e-01
1420 9.0156722689073632e-01
1421 9.3163586953495070e-01
1422 9.5392813908152185e-01
1423 9.5236839968500919e-01
1424 9.4967047208028454e-01
1425 9.4519759210403953e-01
1426 9.3808685983411300e-01
1427 9.2724299312247471e-01
1428 9.1137391988593108e-01
1429 8.8908165033935826e-01
1430 8.5901300769514322e-01
1431 8.2006044790604682e-01
1432 7.7158615127961572e-01
1433 7.1362775313931759e-01
1434 6.4703725314833715e-01
1435 5.7351024274162954e-01
1436 4.9548157863655229e-01
1437 4.1589234124937369e-01
1438 3.3786367714429660e-01
1439 2.6433666673758938e-01
1440 1.9774616674660930e-01
1441 1.3978776860631198e-01
1442 9.1313471979881544e-02
1443 5.2360912190785702e-02
1444 2.2292269546571403e-02
1445 0.0000000000000000e+00
1446 0.0000000000000000e+00
1447 0.0000000000000000e+00
1448 7.1259407942327727e-33
1449 7.3942588163511402e-17
1450 2.4235950624544285e-03
1451 5.1215226671787600e-03
1452 9.5944026434237779e-03
1453 1.6705134913350544e-02
1454 2.7549001624988675e-02
1455 4.3418074861532263e-02
1456 6.5710344408105359e-02
1457 9.5778987052320200e-02
1458 1.3473154684141667e-01
1459 1.8320584346784774e-01
1460 2.4116424160814567e-01
1461 3.0775474159912619e-01
1462 3.8128175200583370e-01
1463 4.5931041611091117e-01
1464 5.3889965349808988e-01
1465 6.1692831760316702e-01
1466 6.9045532800987430e-01
1467 7.5704582800085429e-01
1468 8.1500422614115153e-01
1469 8.6347852276758197e-01
1470 9.0243108255667781e-01
1471 9.3249972520089031e-01
1472 9.3163586953494892e-01
1473 9.3007613013843582e-01
1474 9.2737820253371150e-01
1475 9.2290532255746671e-01
1476 9.1579459028753973e-01
1477 9.0495072357590156e-01
1478 8.8908165033935826e-01
1479 8.6678938079278500e-01
1480 8.3672073814857018e-01
1481 7.9776817835947356e-01
1482 7.4929388173304246e-01
1483 6.9133548359274455e-01
1484 6.2474498360176400e-01
1485 5.5121797319505639e-01
1486 4.7318930908997930e-01
1487 3.9360007170280059e-01
1488 3.1557140759772340e-01
1489 2.4204439719101617e-01
1490 1.7545389720003624e-01
1491 1.1749549905973890e-01
1492 6.9021202433308421e-02
1493 3.0068642644212589e-02
1494 0.0000000000000000e+00
1495 0.0000000000000000e+00
1496 0.0000000000000000e+00
1497 7.1259407942327727e-33
1498 3.9898639947466563e-17
1499 8.6385566594155869e-04
1500 2.8817003408033561e-03
1501 5.5796279455276859e-03
1502 1.0052507921772705e-02
1503 1.7163240191699465e-02
1504 2.8007106903337610e-02
1505 4.3876180139881191e-02
1506 6.6168449686454300e-02
1507 9.6237092330669141e-02
1508 1.3518965211976558e-01
1509 1.8366394874619668e-01
1510 2.4162234688649459e-01
1511 3.0821284687747508e-01
1512 3.8173985728418269e-01
1513 4.5976852138926000e-01
1514 5.3935775877643877e-01
1515 6.1738642288151613e-01
1516 6.9091343328822319e-01
1517 7.5750393327920318e-01
1518 8.1546233141950042e-01
1519 8.6393662804593085e-01
1520 9.0288918783502448e-01
1521 9.0243108255667548e-01
1522 9.0156722689073387e-01
1523 9.0000748749422110e-01
1524 8.9730955988949679e-01
1525 8.9283667991325166e-01
1526 8.8572594764332491e-01
1527 8.7488208093168696e-01
1528 8.5901300769514322e-01
1529 8.3672073814857018e-01
1530 8.0665209550435524e-01
1531 7.6769953571525862e-01
1532 7.1922523908882763e-01
1533 6.6126684094852972e-01
1534 5.9467634095754907e-01
1535 5.2114933055084178e-01
1536 4.4312066644576453e-01
1537 3.6353142905858565e-01
1538 2.8550276495350851e-01
1539 2.1197575454680140e-01
1540 1.4538525455582138e-01
1541 8.7426856415524001e-02
1542 3.8952559789093587e-02
1543 0.0000000000000000e+00
1544 0.0000000000000000e+00
1545 0.0000000000000000e+00
1546 5.3444555956745795e-33
1547 2.0545631168600309e-17
1548 4.5810527834896724e-04
1549 1.3219609442904857e-03
1550 3.1141716807921607e-03
1551 5.8120992855164918e-03
1552 1.0284979261761510e-02
1553 1.7395711531688271e-02
1554 2.8239578243326409e-02
1555 4.4108651479870004e-02
1556 6.6400921026443099e-02
1557 9.6469563670657926e-02
1558 1.3542212345975441e-01
1559 1.8389642008618545e-01
1560 2.4185481822648336e-01
1561 3.0844531821746396e-01
1562 3.8197232862417152e-01
1563 4.6000099272924883e-01
1564 5.3959023011642782e-01
1565 6.1761889422150473e-01
1566 6.9114590462821190e-01
1567 7.5773640461919201e-01
1568 8.1569480275948913e-01
1569 8.6416909938591679e-01
1570 8.6393662804592786e-01
1571 8.6347852276757897e-01
1572 8.6261466710163748e-01
1573 8.6105492770512471e-01
1574 8.5835700010040028e-01
1575 8.5388412012415527e-01
1576 8.4677338785422851e-01
1577 8.3592952114259045e-01
1578 8.2006044790604682e-01
1579 7.9776817835947356e-01
1580 7.6769953571525862e-01
1581 7.2874697592616222e-01
1582 6.8027267929973123e-01
1583 6.2231428115943310e-01
1584 5.5572378116845289e-01
1585 4.8219677076174544e-01
1586 4.0416810665666791e-01
1587 3.2457886926948920e-01
1588 2.4655020516441215e-01
1589 1.7302319475770492e-01
1590 1.0643269476672486e-01
1591 4.8474296626427570e-02
1592 0.0000000000000000e+00
1593 0.0000000000000000e+00
1594 0.0000000000000000e+00
1595 1.7814851985581932e-33
1596 1.0137290312739466e-17
1597 2.3247133998882533e-04
1598 6.9057661833777176e-04
1599 1.5544322842792908e-03
1600 3.2269886762544228e-03
1601 5.9249162809787530e-03
1602 1.0397796257223771e-02
1603 1.7508528527150530e-02
1604 2.8352395238788679e-02
1605 4.4221468475332266e-02
1606 6.6513738021905355e-02
1607 9.6582380666120238e-02
1608 1.3553494045521666e-01
1609 1.8400923708164768e-01
1610 2.4196763522194570e-01
1611 3.0855813521292624e-01
1612 3.8208514561963369e-01
1613 4.6011380972471116e-01
1614 5.3970304711188977e-01
1615 6.1773171121696702e-01
1616 6.9125872162367430e-01
1617 7.5784922161465407e-01
1618 8.1580761975494798e-01
1619 8.1569480275948569e-01
1620 8.1546233141949687e-01
1621 8.1500422614114798e-01
1622 8.1414037047520649e-01
1623 8.1258063107869349e-01
1624 8.0988270347396929e-01
1625 8.0540982349772428e-01
1626 7.9829909122779741e-01
1627 7.8745522451615912e-01
1628 7.7158615127961572e-01
1629 7.4929388173304246e-01
1630 7.1922523908882763e-01
1631 6.8027267929973123e-01
1632 6.3179838267329980e-01
1633 5.7383998453300233e-01
1634 5.0724948454202190e-01
1635 4.3372247413531417e-01
1636 3.5569381003023687e-01
1637 2.7610457264305821e-01
1638 1.9807590853798102e-01
1639 1.2454889813127379e-01
1640 5.7958398140293826e-02
1641 0.0000000000000000e+00
1642 0.0000000000000000e+00
1643 0.0000000000000000e+00
1644 4.4537129963954829e-34
1645 4.7569370317801507e-18
1646 1.1281699546227195e-04
1647 3.4528833545108707e-04
1648 8.0339361380003381e-04
1649 1.6672492797415524e-03
1650 3.2793096948667234e-03
1651 5.9772372995910523e-03
1652 1.0450117275836069e-02
1653 1.7560849545762834e-02
1654 2.8404716257400979e-02
1655 4.4273789493944567e-02
1656 6.6566059040517683e-02
1657 9.6634701684732524e-02
1658 1.3558726147382891e-01
1659 1.8406155810026004e-01
1660 2.4201995624055797e-01
1661 3.0861045623153843e-01
1662 3.8213746663824610e-01
1663 4.6016613074332330e-01
1664 5.3975536813050218e-01
1665 6.1778403223557943e-01
1666 6.9131104264228627e-01
1667 7.5790154263326226e-01
1668 7.5784922161465007e-01
1669 7.5773640461918779e-01
1670 7.5750393327919896e-01
1671 7.5704582800085007e-01
1672 7.5618197233490847e-01
1673 7.5462223293839570e-01
1674 7.5192430533367127e-01
1675 7.4745142535742615e-01
1676 7.4034069308749939e-01
1677 7.2949682637586144e-01
1678 7.1362775313931759e-01
1679 6.9133548359274455e-01
1680 6.6126684094852972e-01
1681 6.2231428115943310e-01
1682 5.7383998453300233e-01
1683 5.1588158639270443e-01
1684 4.4929108640172377e-01
1685 3.7576407599501621e-01
1686 2.9773541188993902e-01
1687 2.1814617450276019e-01
1688 1.4011751039768303e-01
1689 6.6590499990975882e-02
1690 0.0000000000000000e+00
1691 0.0000000000000000e+00
1692 0.0000000000000000e+00
1693 0.0000000000000000e+00
1694 2.1345230270808369e-18
1695 5.2321018612304958e-05
1696 1.6513801407457208e-04
1697 3.9760935406338738e-04
1698 8.5571463241233380e-04
1699 1.7195702983538526e-03
1700 3.3024808082631834e-03
1701 6.0004084129875127e-03
1702 1.0473288389232532e-02
1703 1.7584020659159295e-02
1704 2.8427887370797440e-02
1705 4.4296960607341035e-02
1706 6.6589230153914145e-02
1707 9.6657872798128930e-02
1708 1.3561043258722541e-01
1709 1.8408472921365648e-01
1710 2.4204312735395439e-01
1711 3.0863362734493494e-01
1712 3.8216063775164244e-01
1713 4.6018930185671986e-01
1714 5.3977853924389874e-01
1715 6.1780720334897554e-01
1716 6.9133421375567827e-01
1717 6.9131104264228183e-01
1718 6.9125872162366953e-01
1719 6.9114590462820735e-01
1720 6.9091343328821853e-01
1721 6.9045532800986953e-01
1722 6.8959147234392804e-01
1723 6.8803173294741504e-01
1724 6.8533380534269062e-01
1725 6.8086092536644560e-01
1726 6.7375019309651907e-01
1727 6.6290632638488067e-01
1728 6.4703725314833715e-01
1729 6.2474498360176400e-01
1730 5.9467634095754907e-01
1731 5.5572378116845289e-01
1732 5.0724948454202190e-01
1733 4.4929108640172377e-01
1734 3.8270058641074323e-01
1735 3.0917357600403578e-01
1736 2.3114491189895839e-01
1737 1.5155567451177962e-01
1738 7.3527010406702537e-02
1739 0.0000000000000000e+00
1740 0.0000000000000000e+00
1741 0.0000000000000000e+00
1742 -2.2268564981977415e-34
1743 9.1310151714013577e-19
1744 2.3171113396463469e-05
1745 7.5492132008766265e-05
1746 1.8830912747103349e-04
1747 4.2078046745984865e-04
1748 8.7888574580879519e-04
1749 1.7427414117503143e-03
1750 3.3122728516315407e-03
1751 6.0102004563558735e-03
1752 1.0483080432600890e-02
1753 1.7593812702527654e-02
1754 2.8437679414165806e-02
1755 4.4306752650709387e-02
1756 6.6599022197282476e-02
1757 9.6667664841497331e-02
1758 1.3562022463059376e-01
1759 1.8409452125702483e-01
1760 2.4205291939732276e-01
1761 3.0864341938830331e-01
1762 3.8217042979501081e-01
1763 4.6019909390008834e-01
1764 5.3978833128726689e-01
1765 6.1781699539233892e-01
1766 6.1780720334897066e-01
1767 6.1778403223557421e-01
1768 6.1773171121696202e-01
1769 6.1761889422149974e-01
1770 6.1738642288151091e-01
1771 6.1692831760316191e-01
1772 6.1606446193722042e-01
1773 6.1450472254070743e-01
1774 6.1180679493598300e-01
1775 6.0733391495973821e-01
1776 6.0022318268981123e-01
1777 5.8937931597817328e-01
1778 5.7351024274162954e-01
1779 5.5121797319505639e-01
1780 5.2114933055084178e-01
1781 4.8219677076174544e-01
1782 4.3372247413531417e-01
1783 3.7576407599501621e-01
1784 3.0917357600403578e-01
1785 2.3564656559732813e-01
1786 1.5761790149225080e-01
1787 7.8028664105072087e-02
1788 0.0000000000000000e+00
1789 0.0000000000000000e+00
1790 0.0000000000000000e+00
1791 0.0000000000000000e+00
1792 3.7184746384463785e-19
1793 9.7920433683582316e-06
1794 3.2963156764820772e-05
1795 8.5284175377123609e-05
1796 1.9810117083939079e-04
1797 4.3057251082820596e-04
1798 8.8867778917715260e-04
1799 1.7525334551186707e-03
1800 3.3162220043144808e-03
1801 6.0141496090388089e-03
1802 1.0487029585283828e-02
1803 1.7597761855210597e-02
1804 2.8441628566848735e-02
1805 4.4310701803392319e-02
1806 6.6602971349965429e-02
1807 9.6671613994180255e-02
1808 1.3562417378327671e-01
1809 1.8409847040970778e-01
1810 2.4205686855000574e-01
1811 3.0864736854098618e-01
1812 3.8217437894769390e-01
1813 4.6020304305277110e-01
1814 5.3979228043994465e-01
1815 5.3978833128726178e-01
1816 5.3977853924389341e-01
1817 5.3975536813049696e-01
1818 5.3970304711188466e-01
1819 5.3959023011642238e-01
1820 5.3935775877643355e-01
1821 5.3889965349808455e-01
1822 5.3803579783214295e-01
1823 5.3647605843563007e-01
1824 5.3377813083090586e-01
1825 5.2930525085466074e-01
1826 5.2219451858473409e-01
1827 5.1135065187309592e-01
1828 4.9548157863655229e-01
1829 4.7318930908997930e-01
1830 4.4312066644576453e-01
1831 4.0416810665666791e-01
1832 3.5569381003023687e-01
1833 2.9773541188993902e-01
1834 2.3114491189895839e-01
1835 1.5761790149225080e-01
1836 7.9589237387173523e-02
1837 0.0000000000000000e+00
1838 0.0000000000000000e+00
1839 0.0000000000000000e+00
1840 0.0000000000000000e+00
1841 1.4568966692773966e-19
1842 3.9491526829387534e-06
1843 1.3741196051296607e-05
1844 3.6912309447759167e-05
1845 8.9233328060061976e-05
1846 2.0205032352232916e-04
1847 4.3452166351114435e-04
1848 8.9262694186009078e-04
1849 1.7564826078016091e-03
1850 3.3177541445357176e-03
1851 6.0156817492600483e-03
1852 1.0488561725505068e-02
1853 1.7599293995431829e-02
1854 2.8443160707069971e-02
1855 4.4312233943613569e-02
1856 6.6604503490186664e-02
1857 9.6673146134401505e-02
1858 1.3562570592349793e-01
1859 1.8410000254992903e-01
1860 2.4205840069022694e-01
1861 3.0864890068120759e-01
1862 3.8217591108791504e-01
1863 4.6020457519298719e-01
1864 4.6020304305276599e-01
1865 4.6019909390008296e-01
1866 4.6018930185671469e-01
1867 4.6016613074331825e-01
1868 4.6011380972470578e-01
1869 4.6000099272924361e-01
1870 4.5976852138925478e-01
1871 4.5931041611090578e-01
1872 4.5844656044496424e-01
1873 4.5688682104845141e-01
1874 4.5418889344372704e-01
1875 4.4971601346748213e-01
1876 4.4260528119755532e-01
1877 4.3176141448591721e-01
1878 4.1589234124937369e-01
1879 3.9360007170280059e-01
1880 3.6353142905858565e-01
1881 3.2457886926948920e-01
1882 2.7610457264305821e-01
1883 2.1814617450276019e-01
1884 1.5155567451177962e-01
1885 7.8028664105072087e-02
1886 0.0000000000000000e+00
1887 0.0000000000000000e+00
1888 0.0000000000000000e+00
1889 3.4794632784339710e-36
1890 5.5692416281970247e-20
1891 1.5321402212385224e-06
1892 5.4812929041771290e-06
1893 1.5273336272534992e-05
1894 3.8444449668997540e-05
1895 9.0765468281300336e-05
1896 2.0358246374356758e-04
1897 4.3605380373238267e-04
1898 8.9415908208132920e-04
1899 1.7580147480228481e-03
1900 3.3183689439859180e-03
1901 6.0162965487102500e-03
1902 1.0489176524955266e-02
1903 1.7599908794882029e-02
1904 2.8443775506520177e-02
1905 4.4312848743063765e-02
1906 6.6605118289636861e-02
1907 9.6673760933851688e-02
1908 1.3562632072294817e-01
1909 1.8410061734937921e-01
1910 2.4205901548967723e-01
1911 3.0864951548065772e-01
1912 3.8217652588736029e-01
1913 3.8217591108791010e-01
1914 3.8217437894768880e-01
1915 3.8217042979500598e-01
1916 3.8216063775163756e-01
1917 3.8213746663824100e-01
1918 3.8208514561962875e-01
1919 3.8197232862416647e-01
1920 3.8173985728417764e-01
1921 3.8128175200582864e-01
1922 3.8041789633988721e-01
1923 3.7885815694337432e-01
1924 3.7616022933865001e-01
1925 3.7168734936240500e-01
1926 3.6457661709247824e-01
1927 3.5373275038084018e-01
1928 3.3786367714429660e-01
1929 3.1557140759772340e-01
1930 2.8550276495350851e-01
1931 2.4655020516441215e-01
1932 1.9807590853798102e-01
1933 1.4011751039768303e-01
1934 7.3527010406702537e-02
1935 0.0000000000000000e+00
1936 0.0000000000000000e+00
1937 0.0000000000000000e+00
1938 0.0000000000000000e+00
1939 2.5199230180815435e-20
1940 6.1479945020071678e-07
1941 2.1469396714391838e-06
1942 6.0960923543777928e-06
1943 1.5888135722735650e-05
1944 3.9059249119198191e-05
1945 9.1380267731501027e-05
1946 2.0419726319376820e-04
1947 4.3666860318258339e-04
1948 8.9477388153153003e-04
1949 1.7586295474730483e-03
1950 3.3187515719272096e-03
1951 6.0166791766515402e-03
1952 1.0489559152896557e-02
1953 1.7600291422823322e-02
1954 2.8444158134461467e-02
1955 4.4313231371005048e-02
1956 6.6605500917578150e-02
1957 9.6674143561793019e-02
1958 1.3562670335088944e-01
1959 1.8410099997732049e-01
1960 2.4205939811761848e-01
1961 3.0864989810859439e-01
1962 3.0864951548065311e-01
1963 3.0864890068120288e-01
1964 3.0864736854098168e-01
1965 3.0864341938829870e-01
1966 3.0863362734493027e-01
1967 3.0861045623153394e-01
1968 3.0855813521292158e-01
1969 3.0844531821745930e-01
1970 3.0821284687747041e-01
1971 3.0775474159912153e-01
1972 3.0689088593318004e-01
1973 3.0533114653666715e-01
1974 3.0263321893194284e-01
1975 2.9816033895569782e-01
1976 2.9104960668577107e-01
1977 2.8020573997413295e-01
1978 2.6433666673758938e-01
1979 2.4204439719101617e-01
1980 2.1197575454680140e-01
1981 1.7302319475770492e-01
1982 1.2454889813127379e-01
1983 6.6590499990975882e-02
1984 0.0000000000000000e+00
1985 0.0000000000000000e+00
1986 0.0000000000000000e+00
1987 3.4794632784339710e-36
1988 2.5199230180815435e-20
1989 3.8262794129027292e-07
1990 9.9742739149096456e-07
1991 2.5295676127294319e-06
1992 6.4787202956680396e-06
1993 1.6270763664025894e-05
1994 3.9441877060488462e-05
1995 9.1762895672791258e-05
1996 2.0457989113505847e-04
1997 4.3705123112387366e-04
1998 8.9515650947282008e-04
1999 1.7590121754143383e-03
2000 3.3193663713774104e-03
2001 6.0172939761017393e-03
2002 1.0490173952346759e-02
2003 1.7600906222273522e-02
2004 2.8444772933911667e-02
2005 4.4313846170455251e-02
2006 6.6606115717028375e-02
2007 9.6674758361243188e-02
2008 1.3562731815033963e-01
2009 1.8410161477677073e-01
2010 2.4206001291706458e-01
2011 2.4205939811761434e-01
2012 2.4205901548967307e-01
2013 2.4205840069022289e-01
2014 2.4205686855000161e-01
2015 2.4205291939731866e-01
2016 2.4204312735395039e-01
2017 2.4201995624055386e-01
2018 2.4196763522194159e-01
2019 2.4185481822647925e-01
2020 2.4162234688649048e-01
2021 2.4116424160814154e-01
2022 2.4030038594220005e-01
2023 2.3874064654568716e-01
2024 2.3604271894096285e-01
2025 2.3156983896471783e-01
2026 2.2445910669479108e-01
2027 2.1361523998315293e-01
2028 1.9774616674660930e-01
2029 1.7545389720003624e-01
2030 1.4538525455582138e-01
2031 1.0643269476672486e-01
2032 5.7958398140293826e-02
2033 0.0000000000000000e+00
2034 0.0000000000000000e+00
2035 0.0000000000000000e+00
2036 0.0000000000000000e+00
2037 5.5692416281970247e-20
2038 6.1479945020071678e-07
2039 9.9742739149096456e-07
2040 1.6122268416916565e-06
2041 3.1443670629301236e-06
2042 7.0935197458687304e-06
2043 1.6885563114226589e-05
2044 4.0056676510689147e-05
2045 9.2377695122991963e-05
2046 2.0519469058525919e-04
2047 4.3766603057407427e-04
2048 8.9577130892302070e-04
2049 1.7596269748645396e-03
2050 3.3208985115986472e-03
2051 6.0188261163229778e-03
2052 1.0491706092567998e-02
2053 1.7602438362494761e-02
2054 2.8446305074132906e-02
2055 4.4315378310676501e-02
2056 6.6607647857249583e-02
2057 9.6676290501464424e-02
2058 1.3562885029056088e-01
2059 1.8410314691698845e-01
2060 1.8410161477676720e-01
2061 1.8410099997731702e-01
2062 1.8410061734937572e-01
2063 1.8410000254992551e-01
2064 1.8409847040970426e-01
2065 1.8409452125702142e-01
2066 1.8408472921365299e-01
2067 1.8406155810025654e-01
2068 1.8400923708164418e-01
2069 1.8389642008618196e-01
2070 1.8366394874619313e-01
2071 1.8320584346784421e-01
2072 1.8234198780190267e-01
2073 1.8078224840538984e-01
2074 1.7808432080066547e-01
2075 1.7361144082442048e-01
2076 1.6650070855449373e-01
2077 1.5565684184285555e-01
2078 1.3978776860631198e-01
2079 1.1749549905973890e-01
2080 8.7426856415524001e-02
2081 4.8474296626427570e-02
2082 0.0000000000000000e+00
2083 0.0000000000000000e+00
2084 0.0000000000000000e+00
2085 0.0000000000000000e+00
2086 1.4568966692773966e-19
2087 1.5321402212385224e-06
2088 2.1469396714391838e-06
2089 2.5295676127294319e-06
2090 3.1443670629301236e-06
2091 4.6765072841685890e-06
2092 8.6256599671071984e-06
2093 1.8417703335465057e-05
2094 4.1588816731927622e-05
2095 9.3909835344230418e-05
2096 2.0672683080649759e-04
2097 4.3919817079531270e-04
2098 8.9730344914425945e-04
2099 1.7611591150857781e-03
2100 3.3248476642815865e-03
2101 6.0227752690059175e-03
2102 1.0495655245250935e-02
2103 1.7606387515177700e-02
2104 2.8450254226815849e-02
2105 4.4319327463359419e-02
2106 6.6611597009932522e-02
2107 9.6680239654147376e-02
2108 1.3563279944324094e-01
2109 1.3562885029055802e-01
2110 1.3562731815033680e-01
2111 1.3562670335088658e-01
2112 1.3562632072294528e-01
2113 1.3562570592349507e-01
2114 1.3562417378327390e-01
2115 1.3562022463059092e-01
2116 1.3561043258722255e-01
2117 1.3558726147382608e-01
2118 1.3553494045521380e-01
2119 1.3542212345975152e-01
2120 1.3518965211976272e-01
2121 1.3473154684141375e-01
2122 1.3386769117547226e-01
2123 1.3230795177895938e-01
2124 1.2961002417423503e-01
2125 1.2513714419799005e-01
2126 1.1802641192806326e-01
2127 1.0718254521642510e-01
2128 9.1313471979881544e-02
2129 6.9021202433308421e-02
2130 3.8952559789093587e-02
2131 0.0000000000000000e+00
2132 0.0000000000000000e+00
2133 0.0000000000000000e+00
2134 -2.2268564981977415e-34
2135 3.7184746384463785e-19
2136 3.9491526829387534e-06
2137 5.4812929041771290e-06
2138 6.0960923543777928e-06
2139 6.4787202956680396e-06
2140 7.0935197458687304e-06
2141 8.6256599671071984e-06
2142 1.2574812650045806e-05
2143 2.2366856018403665e-05
2144 4.5537969414866219e-05
2145 9.7858988027169015e-05
2146 2.1067598348943620e-04
2147 4.4314732347825142e-04
2148 9.0125260182719806e-04
2149 1.7651082677687163e-03
2150 3.3346397076499451e-03
2151 6.0325673123742748e-03
2152 1.0505447288619293e-02
2153 1.7616179558546059e-02
2154 2.8460046270184197e-02
2155 4.4329119506727785e-02
2156 6.6621389053300895e-02
2157 9.6690031697513487e-02
2158 9.6680239654145114e-02
2159 9.6676290501462189e-02
2160 9.6674758361240939e-02
2161 9.6674143561790743e-02
2162 9.6673760933849440e-02
2163 9.6673146134399285e-02
2164 9.6671613994178035e-02
2165 9.6667664841495096e-02
2166 9.6657872798126723e-02
2167 9.6634701684730262e-02
2168 9.6582380666117948e-02
2169 9.6469563670655706e-02
2170 9.6237092330666865e-02
2171 9.5778987052317924e-02
2172 9.4915131386376417e-02
2173 9.3355391989863534e-02
2174 9.0657464385139219e-02
2175 8.6184584408894191e-02
2176 7.9073852138967407e-02
2177 6.8229985427329276e-02
2178 5.2360912190785702e-02
2179 3.0068642644212589e-02
2180 0.0000000000000000e+00
2181 0.0000000000000000e+00
2182 0.0000000000000000e+00
2183 0.0000000000000000e+00
2184 9.1310151714013577e-19
2185 9.7920433683582316e-06
2186 1.3741196051296607e-05
2187 1.5273336272534992e-05
2188 1.5888135722735650e-05
2189 1.6270763664025894e-05
2190 1.6885563114226589e-05
2191 1.8417703335465057e-05
2192 2.2366856018403665e-05
2193 3.2158899386761524e-05
2194 5.5330012783224058e-05
2195 1.0765103139552689e-04
2196 2.2046802685779407e-04
2197 4.5293936684660926e-04
2198 9.1104464519555580e-04
2199 1.7749003111370743e-03
2200 3.3578108210464068e-03
2201 6.0557384257707379e-03
2202 1.0528618402015757e-02
2203 1.7639350671942517e-02
2204 2.8483217383580658e-02
2205 4.4352290620124253e-02
2206 6.6644560166695663e-02
2207 6.6621389053299188e-02
2208 6.6611597009930842e-02
2209 6.6607647857247890e-02
2210 6.6606115717026654e-02
2211 6.6605500917576443e-02
2212 6.6605118289635168e-02
2213 6.6604503490184985e-02
2214 6.6602971349963735e-02
2215 6.6599022197280797e-02
2216 6.6589230153912438e-02
2217 6.6566059040515962e-02
2218 6.6513738021903676e-02
2219 6.6400921026441392e-02
2220 6.6168449686452580e-02
2221 6.5710344408103652e-02
2222 6.4846488742162117e-02
2223 6.3286749345649262e-02
2224 6.0588821740924920e-02
2225 5.6115941764679891e-02
2226 4.9005209494753135e-02
2227 3.8161342783114990e-02
2228 2.2292269546571403e-02
2229 0.0000000000000000e+00
2230 0.0000000000000000e+00
2231 0.0000000000000000e+00
2232 4.4537129963954829e-34
2233 2.1345230270808369e-18
2234 2.3171113396463469e-05
2235 3.2963156764820772e-05
2236 3.6912309447759167e-05
2237 3.8444449668997540e-05
2238 3.9059249119198191e-05
2239 3.9441877060488462e-05
2240 4.0056676510689147e-05
2241 4.1588816731927622e-05
2242 4.5537969414866219e-05
2243 5.5330012783224058e-05
2244 7.8501126179686626e-05
2245 1.3082214479198944e-04
2246 2.4363914025425664e-04
2247 4.7611048024307173e-04
2248 9.3421575859201837e-04
2249 1.7980714245335371e-03
2250 3.4101318396587100e-03
2251 6.1080594443830415e-03
2252 1.0580939420628058e-02
2253 1.7691671690554821e-02
2254 2.8535538402192969e-02
2255 4.4404611638735325e-02
2256 4.4352290620123018e-02
2257 4.4329119506726564e-02
2258 4.4319327463358198e-02
2259 4.4315378310675259e-02
2260 4.4313846170454009e-02
2261 4.4313231371003826e-02
2262 4.4312848743062544e-02
2263 4.4312233943612341e-02
2264 4.4310701803391098e-02
2265 4.4306752650708159e-02
2266 4.4296960607339786e-02
2267 4.4273789493943345e-02
2268 4.4221468475331031e-02
2269 4.4108651479868762e-02
2270 4.3876180139879963e-02
2271 4.3418074861531000e-02
2272 4.2554219195589493e-02
2273 4.0994479799076618e-02
2274 3.8296552194352282e-02
2275 3.3823672218107267e-02
2276 2.6712939948180504e-02
2277 1.5869073236542356e-02
2278 0.0000000000000000e+00
2279 0.0000000000000000e+00
2280 0.0000000000000000e+00
2281 1.7814851985581932e-33
2282 4.7569370317801507e-18
2283 5.2321018612304958e-05
2284 7.5492132008766265e-05
2285 8.5284175377123609e-05
2286 8.9233328060061976e-05
2287 9.0765468281300336e-05
2288 9.1380267731501027e-05
2289 9.1762895672791258e-05
2290 9.2377695122991963e-05
2291 9.3909835344230418e-05
2292 9.7858988027169015e-05
2293 1.0765103139552689e-04
2294 1.3082214479198944e-04
2295 1.8314316340429222e-04
2296 2.9596015886655940e-04
2297 5.2843149885537476e-04
2298 9.8653677720432096e-04
2299 1.8503924431458397e-03
2300 3.5229488351209777e-03
2301 6.2208764398453079e-03
2302 1.0693756416090324e-02
2303 1.7804488686017094e-02
2304 2.8648355397654375e-02
2305 2.8535538402192112e-02
2306 2.8483217383579808e-02
2307 2.8460046270183347e-02
2308 2.8450254226814988e-02
2309 2.8446305074132042e-02
2310 2.8444772933910813e-02
2311 2.8444158134460620e-02
2312 2.8443775506519331e-02
2313 2.8443160707069128e-02
2314 2.8441628566847885e-02
2315 2.8437679414164939e-02
2316 2.8427887370796597e-02
2317 2.8404716257400122e-02
2318 2.8352395238787818e-02
2319 2.8239578243325559e-02
2320 2.8007106903336736e-02
2321 2.7549001624987798e-02
2322 2.6685145959046277e-02
2323 2.5125406562533398e-02
2324 2.2427478957809076e-02
2325 1.7954598981564054e-02
2326 1.0843866711637290e-02
2327 0.0000000000000000e+00
2328 0.0000000000000000e+00
2329 0.0000000000000000e+00
2330 5.3444555956745795e-33
2331 1.0137290312739466e-17
2332 1.1281699546227195e-04
2333 1.6513801407457208e-04
2334 1.8830912747103349e-04
2335 1.9810117083939079e-04
2336 2.0205032352232916e-04
2337 2.0358246374356758e-04
2338 2.0419726319376820e-04
2339 2.0457989113505847e-04
2340 2.0519469058525919e-04
2341 2.0672683080649759e-04
2342 2.1067598348943620e-04
2343 2.2046802685779407e-04
2344 2.4363914025425664e-04
2345 2.9596015886655940e-04
2346 4.0877715432882672e-04
2347 6.4124849431764159e-04
2348 1.0993537726665887e-03
2349 1.9632094386081069e-03
2350 3.7554201751097923e-03
2351 6.4533477798341225e-03
2352 1.0926227756079144e-02
2353 1.8036960026005317e-02
2354 1.7804488686016515e-02
2355 1.7691671690554248e-02
2356 1.7639350671941952e-02
2357 1.7616179558545487e-02
2358 1.7606387515177128e-02
2359 1.7602438362494192e-02
2360 1.7600906222272960e-02
2361 1.7600291422822753e-02
2362 1.7599908794881467e-02
2363 1.7599293995431260e-02
2364 1.7597761855210021e-02
2365 1.7593812702527092e-02
2366 1.7584020659158726e-02
2367 1.7560849545762265e-02
2368 1.7508528527149965e-02
2369 1.7395711531687692e-02
2370 1.7163240191698882e-02
2371 1.6705134913349934e-02
2372 1.5841279247408413e-02
2373 1.4281539850895544e-02
2374 1.1583612246171208e-02
2375 7.1107322699261932e-03
2376 0.0000000000000000e+00
2377 0.0000000000000000e+00
2378 0.0000000000000000e+00
2379 7.1259407942327727e-33
2380 2.0545631168600309e-17
2381 2.3247133998882533e-04
2382 3.4528833545108707e-04
2383 3.9760935406338738e-04
2384 4.2078046745984865e-04
2385 4.3057251082820596e-04
2386 4.3452166351114435e-04
2387 4.3605380373238267e-04
2388 4.3666860318258339e-04
2389 4.3705123112387366e-04
2390 4.3766603057407427e-04
2391 4.3919817079531270e-04
2392 4.4314732347825142e-04
2393 4.5293936684660926e-04
2394 4.7611048024307173e-04
2395 5.2843149885537476e-04
2396 6.4124849431764159e-04
2397 8.7371983430645716e-04
2398 1.3318251126554033e-03
2399 2.1956807785969228e-03
2400 4.2135254534587385e-03
2401 6.9114530581830700e-03
2402 1.1384333034427686e-02
2403 1.0926227756078759e-02
2404 1.0693756416089953e-02
2405 1.0580939420627690e-02
2406 1.0528618402015390e-02
2407 1.0505447288618928e-02
2408 1.0495655245250571e-02
2409 1.0491706092567638e-02
2410 1.0490173952346395e-02
2411 1.0489559152896195e-02
2412 1.0489176524954904e-02
2413 1.0488561725504704e-02
2414 1.0487029585283469e-02
2415 1.0483080432600527e-02
2416 1.0473288389232168e-02
2417 1.0450117275835709e-02
2418 1.0397796257223401e-02
2419 1.0284979261761137e-02
2420 1.0052507921772322e-02
2421 9.5944026434233737e-03
2422 8.7305469774818564e-03
2423 7.1708075809689825e-03
2424 4.4728799762446545e-03
2425 0.0000000000000000e+00
2426 0.0000000000000000e+00
2427 0.0000000000000000e+00
2428 7.1259407942327727e-33
2429 3.9898639947466563e-17
2430 4.5810527834896724e-04
2431 6.9057661833777176e-04
2432 8.0339361380003381e-04
2433 8.5571463241233380e-04
2434 8.7888574580879519e-04
2435 8.8867778917715260e-04
2436 8.9262694186009078e-04
2437 8.9415908208132920e-04
2438 8.9477388153153003e-04
2439 8.9515650947282008e-04
2440 8.9577130892302070e-04
2441 8.9730344914425945e-04
2442 9.0125260182719806e-04
2443 9.1104464519555580e-04
2444 9.3421575859201837e-04
2445 9.8653677720432096e-04
2446 1.0993537726665887e-03
2447 1.3318251126554033e-03
2448 1.7899303910043505e-03
2449 2.6537860569458686e-03
2450 5.0773811194002568e-03
2451 7.7753087241242917e-03
2452 6.9114530581828064e-03
2453 6.4533477798338788e-03
2454 6.2208764398450746e-03
2455 6.1080594443828126e-03
2456 6.0557384257705123e-03
2457 6.0325673123740511e-03
2458 6.0227752690056946e-03
2459 6.0188261163227549e-03
2460 6.0172939761015173e-03
2461 6.0166791766513173e-03
2462 6.0162965487100270e-03
2463 6.0156817492598262e-03
2464 6.0141496090385868e-03
2465 6.0102004563556480e-03
2466 6.0004084129872924e-03
2467 5.9772372995908259e-03
2468 5.9249162809785257e-03
2469 5.8120992855162593e-03
2470 5.5796279455274430e-03
2471 5.1215226671784964e-03
2472 4.2576670012369755e-03
2473 2.6979276047241073e-03
2474 0.0000000000000000e+00
2475 0.0000000000000000e+00
2476 0.0000000000000000e+00
2477 1.4251881588465545e-32
2478 7.3942588163511402e-17
2479 8.6385566594155869e-04
2480 1.3219609442904857e-03
2481 1.5544322842792908e-03
2482 1.6672492797415524e-03
2483 1.7195702983538526e-03
2484 1.7427414117503143e-03
2485 1.7525334551186707e-03
2486 1.7564826078016091e-03
2487 1.7580147480228481e-03
2488 1.7586295474730483e-03
2489 1.7590121754143383e-03
2490 1.7596269748645396e-03
2491 1.7611591150857781e-03
2492 1.7651082677687163e-03
2493 1.7749003111370743e-03
2494 1.7980714245335371e-03
2495 1.8503924431458397e-03
2496 1.9632094386081069e-03
2497 2.1956807785969228e-03
2498 2.6537860569458686e-03
2499 3.5176417228873868e-03
