0 0.9999999979761722
64 0.9999999947470387
128 0.9999999855360104
192 0.9999999331974511
256 0.9999997992342504
320 0.9999991176548418
384 0.9999974741937656
448 0.9999900487210003
512 0.9999733061955087
576 0.999907117713336
640 0.9997689688780592
704 0.9993009782060889
768 0.9984095613961612
832 0.9959005744665721
896 0.9916298322478098
960 0.9820830609216349
1024 0.9679693369203931
1088 0.944223104645088
1152 0.9144257969599214
1216 0.877396189041759
1280 0.8373501614607329
1344 0.7968644576623166
1408 0.7570849092055537
1472 0.718853038601112
1536 0.6825825091812611
1600 0.6481593514059968
1664 0.6155478268316434
1728 0.5847940439662079
1792 0.5559666189702375
1856 0.5290840360025362
1920 0.5041820877884097
1984 0.4813477036633975
2048 0.4607058188699882
2112 0.4423851931857595
2176 0.4264950846627334
2240 0.4131112413056979
2304 0.4022545592205401
2368 0.3938563356536308
2432 0.3877232776480298
2496 0.3835264292707707
2560 0.380835110650362
2624 0.3792011346644428
2688 0.3782659297922715
2752 0.3778080449682369
2816 0.3776162993749347
2880 0.3772255479451156
2944 0.3760364074430649
3008 0.3746772275879482
3072 0.3769043665885028
3136 0.3868086167647945
3200 0.3933608921946612
3264 0.3520229437308026
3328 0.2415247032205248
3392 0.1549053222368986
3456 0.129373738288201
3520 0.1255173819391927
3584 0.1250596819177001
3648 0.1250068698571911
3712 0.1250007903095713
3776 0.1250000909673593
3840 0.1250000104713959
3904 0.1250000012046388
3968 0.1250000001386596
4032 0.1250000000176949
1 0.9999999947470387
65 0.9999999915179053
129 0.9999999823068771
193 0.9999999299683175
257 0.9999997960051177
321 0.9999991144257119
385 0.9999974709646413
449 0.9999900454919046
513 0.999973302966476
577 0.9999071144845588
641 0.99976896564982
705 0.9993009749797106
769 0.9984095581733763
833 0.9959005712542147
897 0.9916298290535576
961 0.9820830577697831
1025 0.9679693338330007
1089 0.9442231016740091
1153 0.9144257941398884
1217 0.877396186427866
1281 0.8373501590772756
1345 0.7968644555323843
1409 0.7570849073306015
1473 0.7188530369773166
1537 0.682582507794015
1601 0.6481593502371877
1665 0.6155478258595304
1729 0.5847940431675128
1793 0.5559666183214695
1857 0.5290840354811494
1921 0.5041820873735112
1985 0.4813477033361728
2049 0.4607058186139309
2113 0.4423851929867372
2177 0.4264950845089097
2241 0.4131112411873504
2305 0.4022545591298231
2369 0.3938563355843157
2433 0.3877232775952445
2497 0.3835264292307488
2561 0.3808351106202119
2625 0.3792011346419434
2689 0.3782659297757029
2753 0.3778080449562516
2817 0.377616299366464
2881 0.3772255479393052
2945 0.376036407439222
3009 0.3746772275855054
3073 0.3769043665870073
3137 0.3868086167639191
3201 0.3933608921941989
3265 0.3520229437306119
3329 0.241524703220475
3393 0.1549053222368914
3457 0.1293737382882004
3521 0.1255173819391927
3585 0.1250596819177001
3649 0.1250068698571911
3713 0.1250007903095713
3777 0.1250000909673593
3841 0.1250000104713959
3905 0.1250000012046388
3969 0.1250000001386596
4033 0.1250000000176949
2 0.9999999855360104
66 0.9999999823068771
130 0.9999999730958488
194 0.9999999207572897
258 0.9999997867940916
322 0.9999991052146929
386 0.9999974617536398
450 0.9999900362809829
514 0.9999732937557361
578 0.9999071052745465
642 0.9997689564413408
706 0.9993009657765289
770 0.9984095489804182
834 0.9959005620908985
898 0.9916298199416751
962 0.982083048778193
1026 0.9679693250241548
1090 0.9442230931943845
1154 0.914425786087522
1218 0.8773961789577119
1282 0.8373501522578763
1346 0.7968644494285566
1410 0.7570849019469684
1474 0.7188530323038076
1538 0.6825825037904808
1602 0.6481593468536949
1666 0.6155478230358714
1730 0.5847940408389709
1794 0.5559666164224617
1858 0.5290840339484738
1922 0.5041820861483449
1986 0.4813477023652978
2050 0.4607058178504314
2114 0.4423851923902437
2178 0.4264950840454398
2242 0.4131112408288506
2306 0.4022545588535404
2370 0.393856335372099
2434 0.3877232774328283
2498 0.3835264291070524
2562 0.3808351105266799
2626 0.3792011345719554
2690 0.3782659297240829
2754 0.3778080449188944
2818 0.377616299340076
2882 0.3772255479212247
2946 0.3760364074272794
3010 0.3746772275779214
3074 0.3769043665823648
3138 0.3868086167611972
3202 0.3933608921927546
3266 0.3520229437300105
3330 0.2415247032203158
3394 0.1549053222368681
3458 0.1293737382881983
3522 0.1255173819391925
3586 0.1250596819177001
3650 0.1250068698571911
3714 0.1250007903095713
3778 0.1250000909673593
3842 0.1250000104713959
3906 0.1250000012046388
3970 0.1250000001386596
4034 0.1250000000176949
3 0.9999999331974511
67 0.9999999299683175
131 0.9999999207572897
195 0.9999998684187337
259 0.9999997344555432
323 0.9999990528761856
387 0.999997409415233
451 0.9999899839430306
515 0.9999732414188154
579 0.9999070529417553
643 0.999768904117239
707 0.9993009134824038
771 0.9984094967440762
835 0.9959005100216848
899 0.9916297681620359
963 0.9820829976736897
1027 0.9679692749435215
1091 0.9442230449512145
1155 0.9144257402253015
1219 0.8773961363279497
1283 0.8373501132397333
1347 0.7968644143760978
1411 0.7570848708919226
1475 0.7188530051990307
1539 0.6825824804269849
1603 0.6481593269698441
1667 0.6155478063129334
1731 0.5847940269312613
1795 0.5559666049763129
1859 0.5290840246198381
1923 0.5041820786138139
1987 0.4813476963291548
2051 0.46070581304904
2115 0.4423851885941205
2179 0.4264950810591194
2243 0.4131112384890301
2307 0.4022545570261734
2371 0.3938563339489666
2435 0.3877232763278895
2499 0.3835264282527421
2563 0.3808351098703069
2627 0.3792011340723774
2691 0.3782659293488502
2755 0.37780804464202
2819 0.3776162991404508
2883 0.377225547781497
2947 0.3760364073329568
3011 0.3746772275167164
3075 0.376904366544108
3139 0.386808616738306
3203 0.3933608921803448
3267 0.3520229437247086
3331 0.2415247032188663
3395 0.1549053222366484
3459 0.1293737382881787
3523 0.1255173819391913
3587 0.1250596819177
3651 0.1250068698571911
3715 0.1250007903095713
3779 0.1250000909673593
3843 0.1250000104713959
3907 0.1250000012046388
3971 0.1250000001386596
4035 0.1250000000176949
4 0.9999997992342504
68 0.9999997960051177
132 0.9999997867940916
196 0.9999997344555432
260 0.9999996004923737
324 0.9999989189131219
388 0.9999972754524246
452 0.9999898499813872
516 0.9999731074598137
580 0.999906918993318
644 0.9997687701910205
708 0.9993007796327547
772 0.9984093630419292
836 0.9959003767455915
900 0.991629635623551
964 0.982082866851938
1028 0.9679691467227489
1092 0.9442229213882091
1156 0.9144256226924284
1220 0.8773960269646363
1284 0.837350013001814
1348 0.7968643241494949
1412 0.7570847907643373
1476 0.7188529350626368
1540 0.6825824197721906
1604 0.6481592751566724
1668 0.6155477625573615
1732 0.5847939903789103
1796 0.5559665747485506
1860 0.5290839998576139
1924 0.5041820585053123
1988 0.4813476801278423
2052 0.4607058000853959
2116 0.4423851782818
2180 0.4264950728956353
2244 0.4131112320520249
2308 0.4022545519669016
2372 0.3938563299842835
2436 0.3877232732314604
2500 0.3835264258458689
2564 0.3808351080127536
2628 0.379201132653716
2692 0.3782659282809578
2756 0.3778080438532806
2820 0.3776162985717885
2884 0.3772255473837191
2948 0.3760364070646538
3012 0.3746772273427017
3076 0.3769043664352923
3140 0.3868086166730427
3204 0.3933608921447568
3268 0.3520229437093338
3332 0.2415247032145925
3396 0.1549053222359895
3460 0.1293737382881192
3524 0.1255173819391876
3588 0.1250596819176998
3652 0.1250068698571911
3716 0.1250007903095713
3780 0.1250000909673593
3844 0.1250000104713959
3908 0.1250000012046388
3972 0.1250000001386596
4036 0.1250000000176949
5 0.9999991176548418
69 0.9999991144257119
133 0.9999991052146929
197 0.9999990528761856
261 0.9999989189131219
325 0.9999982373344101
389 0.9999965938750192
453 0.9999891684099244
517 0.9999724259018075
581 0.9999062374890484
645 0.999768088799649
709 0.9993000986296223
773 0.9984086827857331
837 0.9958996986411046
901 0.9916289612381561
965 0.9820822010921343
1029 0.9679684940057529
1093 0.9442222919261266
1157 0.9144250232820654
1221 0.8773954680920147
1285 0.8373494993793377
1349 0.7968638600738587
1413 0.7570843767334213
1477 0.7188525706407285
1541 0.6825821026041613
1605 0.6481590022692876
1669 0.6155475302701525
1733 0.5847937946447461
1797 0.5559664113641358
1861 0.5290838646736459
1925 0.5041819475605028
1989 0.4813475897392941
2053 0.4607057269116595
2117 0.4423851193614295
2181 0.4264950256598025
2245 0.4131111943150086
2309 0.4022545219017685
2373 0.3938563060898932
2437 0.3877232542940995
2501 0.3835264108972107
2565 0.3808350962859146
2629 0.3792011235400728
2693 0.3782659212912618
2757 0.3778080385865498
2821 0.377616294693377
2885 0.3772255446101629
2949 0.3760364051511054
3013 0.3746772260733584
3077 0.3769043656240058
3141 0.3868086161759768
3205 0.3933608918675061
3269 0.3520229435862071
3333 0.2415247031791687
3397 0.1549053222303413
3461 0.1293737382875962
3525 0.125517381939154
3589 0.1250596819176977
3653 0.1250068698571909
3717 0.1250007903095713
3781 0.1250000909673593
3845 0.1250000104713959
3909 0.1250000012046388
3973 0.1250000001386596
4037 0.1250000000176949
6 0.9999974741937656
70 0.9999974709646413
134 0.9999974617536398
198 0.999997409415233
262 0.9999972754524246
326 0.9999965938750192
390 0.9999949504187862
454 0.9999875249680434
518 0.9999707824924141
582 0.9999045942092524
646 0.9997664457919744
710 0.9992984565566202
774 0.9984070425096561
838 0.9958980635336159
902 0.9916273350560434
966 0.9820805955694225
1030 0.9679669196874673
1094 0.9442207731064107
1158 0.9144235761057367
1222 0.8773941173168943
1286 0.8373482561637562
1350 0.7968627344915409
1414 0.7570833700381869
1478 0.7188516819154429
1542 0.6825813264666362
1606 0.6481583319101717
1670 0.6155469572126655
1734 0.5847933095227326
1798 0.5559660043975092
1862 0.5290835261577327
1926 0.5041816681793766
1990 0.4813473607804091
2054 0.4607055404209754
2118 0.4423849682447772
2182 0.4264949037247155
2246 0.4131110962600441
2310 0.4022544432695888
2374 0.3938562431979609
2438 0.3877232041499792
2502 0.383526371101602
2566 0.3808350649272734
2630 0.3792010990880307
2694 0.3782659024994667
2758 0.37780802441595
2822 0.3776162842609044
2886 0.3772255371563022
2950 0.3760364000138345
3014 0.3746772226679035
3078 0.3769043634468178
3142 0.3868086148388936
3206 0.393360891117082
3270 0.3520229432488696
3334 0.2415247030803189
3398 0.1549053222142832
3462 0.1293737382860891
3526 0.1255173819390562
3590 0.1250596819176915
3654 0.1250068698571906
3718 0.1250007903095713
3782 0.1250000909673593
3846 0.1250000104713959
3910 0.1250000012046388
3974 0.1250000001386596
4038 0.1250000000176949
7 0.9999900487210003
71 0.9999900454919046
135 0.9999900362809829
199 0.9999899839430306
263 0.9999898499813872
327 0.9999891684099244
391 0.9999875249680434
455 0.9999800995824238
519 0.9999633572540595
583 0.9998971695572054
647 0.9997590223695864
711 0.99929103734771
775 0.9983996313895102
839 0.9958906756089402
903 0.9916199871125184
967 0.9820733398009708
1031 0.9679598028286845
1095 0.9442139020656791
1159 0.9144170216979687
1223 0.8773879867797632
1287 0.8373425980630966
1351 0.7968575917305332
1415 0.7570787485975347
1479 0.7188475786429049
1543 0.682577719466446
1607 0.648155193405814
1671 0.6155442522765803
1735 0.584790999216886
1799 0.5559640476467189
1863 0.529081881802352
1927 0.5041802962940339
1991 0.4813462235995581
2055 0.4607046030489758
2119 0.4423841991703807
2183 0.4264942750955868
2247 0.4131105839308825
2311 0.4022540266864173
2375 0.3938559051752785
2439 0.3877229305671359
2503 0.3835261505267125
2567 0.380834888181082
2631 0.3792009587778382
2695 0.3782657925731834
2759 0.3778079397942097
2823 0.3776162205805848
2887 0.3772254905996831
2951 0.3760363671598583
3015 0.3746772003686063
3079 0.3769043488582315
3143 0.3868086056750965
3207 0.3933608858487067
3271 0.3520229408092099
3335 0.24152470233839
3399 0.1549053220893871
3463 0.1293737382740596
3527 0.125517381938257
3591 0.1250596819176399
3655 0.1250068698571873
3719 0.1250007903095711
3783 0.1250000909673593
3847 0.1250000104713959
3911 0.1250000012046388
3975 0.1250000001386596
4039 0.1250000000176949
8 0.9999733061955087
72 0.999973302966476
136 0.9999732937557361
200 0.9999732414188154
264 0.9999731074598137
328 0.9999724259018075
392 0.9999707824924141
456 0.9999633572540595
520 0.9999466152585235
584 0.9998804288852555
648 0.9997422844717149
712 0.9992743089422411
776 0.9983829211917243
840 0.9958740175322802
904 0.9916034187791869
968 0.9820569778905431
1032 0.9679437515936742
1096 0.9441983990023116
1160 0.9144022238048773
1224 0.8773741300314694
1288 0.8373297895710948
1352 0.796845924849424
1416 0.7570682370363285
1480 0.7188382163626158
1544 0.6825694599391435
1608 0.6481479775912276
1672 0.6155380055316675
1736 0.5847856379335102
1800 0.5559594831293122
1864 0.5290780246963944
1928 0.5041770594295425
1992 0.4813435240097585
2056 0.4607023635688198
2120 0.4423823496559598
2184 0.4264927531435935
2248 0.4131093351059354
2312 0.4022530043817221
2376 0.3938550702226723
2440 0.3877222506420036
2504 0.3835255993508752
2568 0.3808344445421236
2632 0.3792006054392296
2696 0.3782655152145789
2760 0.3778077261502064
2824 0.3776160598798258
2888 0.3772253732403957
2952 0.3760362844437843
3016 0.3746771442731701
3080 0.3769043121525759
3144 0.3868085825627394
3208 0.3933608724722977
3272 0.3520229345309153
3336 0.2415247003896907
3400 0.154905321754626
3464 0.1293737382413537
3528 0.1255173819360561
3592 0.1250596819174962
3656 0.1250068698571781
3720 0.1250007903095705
3784 0.1250000909673592
3848 0.1250000104713958
3912 0.1250000012046388
3976 0.1250000001386596
4040 0.1250000000176949
9 0.999907117713336
73 0.9999071144845588
137 0.9999071052745465
201 0.9999070529417553
265 0.999906918993318
329 0.9999062374890484
393 0.9999045942092524
457 0.9998971695572054
521 0.9998804288852555
585 0.9998142477635164
649 0.9996761143416174
713 0.9992081763190456
777 0.9983168603905082
841 0.9958081616007901
905 0.9915379148360023
969 0.9819922797976433
1033 0.9678802631034172
1097 0.9441370321005563
1161 0.9143435787575798
1225 0.8773190950018827
1289 0.8372787690996161
1353 0.7967992611108613
1417 0.7570259844623354
1481 0.7188003574945698
1545 0.6825358307972491
1609 0.6481183704982958
1673 0.6155121555568288
1737 0.5847632457745341
1801 0.555940227881263
1865 0.5290615798002199
1929 0.5041631028403847
1993 0.4813317455225004
2057 0.460692470949926
2121 0.4423740737438185
2185 0.4264858513013318
2249 0.4131035928959478
2313 0.4022482358558802
2377 0.3938511172299655
2441 0.3877189812747699
2505 0.383522905464773
2569 0.3808322383430835
2633 0.3791988153747604
2697 0.37826408171836
2761 0.3778065979865651
2825 0.377615191622325
2889 0.3772247236758642
2953 0.3760358150788348
3017 0.3746768178892536
3081 0.3769040932773041
3145 0.3868084413711012
3209 0.393360788604896
3273 0.3520228938653575
3337 0.2415246872434952
3401 0.154905319408814
3465 0.1293737380058342
3529 0.1255173819198092
3593 0.1250596819164101
3657 0.125006869857107
3721 0.1250007903095659
3785 0.125000090967359
3849 0.1250000104713958
3913 0.1250000012046388
3977 0.1250000001386596
4041 0.1250000000176949
10 0.9997689688780592
74 0.99976896564982
138 0.9997689564413408
202 0.999768904117239
266 0.9997687701910205
330 0.999768088799649
394 0.9997664457919744
458 0.9997590223695864
522 0.9997422844717149
586 0.9996761143416174
650 0.9995380039071543
714 0.9990701441958569
778 0.9981789780760306
842 0.9956707057151267
906 0.9914011906629967
970 0.9818572261832448
1034 0.9677477130414383
1098 0.944008857531464
1162 0.9142210084202675
1226 0.8772039295221032
1290 0.8371718297563181
1354 0.7967012293220753
1418 0.7569369724492732
1482 0.7187203347368533
1546 0.6824644766642758
1610 0.6480552802372178
1674 0.6154568104716764
1738 0.5847150572914466
1802 0.5558985611914431
1866 0.5290257853334027
1930 0.5041325361813229
1994 0.4813057818415001
2058 0.460670517471293
2122 0.4423555806302022
2186 0.4264703195295483
2250 0.4130905786619263
2314 0.4022373521897643
2378 0.3938420335431429
2442 0.3877114209374087
2506 0.3835166410870927
2570 0.3808270846040128
2634 0.3791946199216622
2698 0.3782607155512587
2762 0.3778039473210077
2826 0.3776131527073617
2890 0.3772232001313314
2954 0.3760347156390454
3018 0.3746760540618938
3082 0.3769035809608364
3146 0.3868081100392105
3210 0.393360590348637
3274 0.3520227962603849
3338 0.2415246549542756
3402 0.1549053135179735
3466 0.1293737374052636
3530 0.1255173818778072
3594 0.1250596819135656
3658 0.1250068698569183
3722 0.1250007903095535
3786 0.1250000909673581
3850 0.1250000104713957
3914 0.1250000012046388
3978 0.1250000001386596
4042 0.1250000000176949
11 0.9993009782060889
75 0.9993009749797106
139 0.9993009657765289
203 0.9993009134824038
267 0.9993007796327547
331 0.9993000986296223
395 0.9992984565566202
459 0.99929103734771
523 0.9992743089422411
587 0.9992081763190456
651 0.9990701441958569
715 0.9986025503690037
779 0.9977118918438634
843 0.9952050581410745
907 0.9909380052026799
971 0.9813996299228127
1035 0.9672984652983013
1099 0.943574093226777
1163 0.9138047305248325
1227 0.8768118841390051
1291 0.8368066413988199
1355 0.7963649814524828
1419 0.7566300240831819
1483 0.7184426072131734
1547 0.6822150117950954
1611 0.6478328813192787
1675 0.6152599345664285
1739 0.584541940407249
1803 0.5557472793877212
1867 0.5288943493264658
1931 0.5040189497869817
1995 0.4812080842782312
2059 0.4605868221228123
2123 0.4422841120384564
2187 0.4264094430579483
2251 0.4130388201393365
2315 0.4021934091055228
2379 0.3938047798376061
2443 0.3876799052374688
2507 0.3834900765147918
2571 0.3808048287201024
2635 0.379176145815143
2699 0.378245578622962
2763 0.3777917551785517
2827 0.3776035444792261
2891 0.3772158341445392
2955 0.3760292566424759
3019 0.3746721578037679
3083 0.3769008972191407
3147 0.3868063280153537
3211 0.3933594930700215
3275 0.352022235969229
3339 0.2415244609836068
3403 0.1549052766489225
3467 0.1293737335362223
3531 0.125517381599997
3595 0.1250596818942787
3659 0.1250068698556065
3723 0.1250007903094654
3787 0.1250000909673522
3851 0.1250000104713954
3915 0.1250000012046388
3979 0.1250000001386596
4043 0.1250000000176949
12 0.9984095613961612
76 0.9984095581733763
140 0.9984095489804182
204 0.9984094967440762
268 0.9984093630419292
332 0.9984086827857331
396 0.9984070425096561
460 0.9983996313895102
524 0.9983829211917243
588 0.9983168603905082
652 0.9981789780760306
716 0.9977118918438634
780 0.9968222011545603
844 0.9943181033936165
908 0.9900557252335296
972 0.9805279252164146
1036 0.9664425247281277
1100 0.9427453774112614
1164 0.9130106885197178
1228 0.876063069554436
1292 0.8361078741158907
1356 0.7957199755615945
1420 0.7560394268620696
1484 0.7179062829398485
1548 0.6817312596215211
1612 0.6473995984076394
1676 0.6148744041864067
1740 0.5842010461680786
1804 0.555447601211014
1868 0.5286323309950881
1932 0.5037910004068761
1996 0.4810106513049296
2060 0.4604164608041321
2124 0.4421375555098728
2188 0.4262836619229182
2252 0.4129310651994801
2316 0.4021012392300169
2380 0.3937260779698586
2444 0.3876128809402839
2508 0.3834332497067955
2572 0.3807569903390008
2636 0.379136297196508
2700 0.3782128603076
2764 0.3777653831857235
2828 0.3775827698629325
2892 0.3771999246073559
2956 0.3760174800175817
3020 0.3746637590743106
3084 0.3768951104102589
3148 0.3868024745369644
3212 0.393357100581814
3276 0.3520209925535845
3340 0.2415240189623303
3404 0.1549051905528587
3468 0.1293737243503572
3532 0.1255173809305283
3596 0.1250596818471478
3660 0.1250068698523554
3724 0.1250007903092438
3788 0.1250000909673371
3852 0.1250000104713943
3916 0.1250000012046387
3980 0.1250000001386596
4044 0.1250000000176949
13 0.9959005744665721
77 0.9959005712542147
141 0.9959005620908985
205 0.9959005100216848
269 0.9959003767455915
333 0.9958996986411046
397 0.9958980635336159
461 0.9958906756089402
525 0.9958740175322802
589 0.9958081616007901
653 0.9956707057151267
717 0.9952050581410745
781 0.9943181033936165
845 0.9918216972870645
909 0.9875724170916503
973 0.9780740299053658
1037 0.9640322851441142
1101 0.9404098062375392
1165 0.9107697686265617
1229 0.8739442965411831
1293 0.8341237772763241
1357 0.7938795323406616
1421 0.7543441757715349
1485 0.7163558250761772
1549 0.6803213990551317
1613 0.6461252919369006
1677 0.6137291510337974
1741 0.5831773583134255
1805 0.5545371662990313
1869 0.5278264144936929
1933 0.503080675342093
1997 0.4803869570470028
2061 0.4598705660933606
2125 0.4416609439834951
2189 0.4258683067847747
2253 0.4125695694238212
2317 0.4017869429376943
2381 0.3934531395226296
2445 0.3873763244051389
2509 0.3832289579748581
2573 0.3805816242407468
2637 0.3789871384691271
2701 0.3780876053180062
2765 0.3776619425673372
2829 0.3774991292432498
2893 0.377134066436753
2957 0.3759672915486625
3021 0.3746268879664717
3085 0.3768689456715379
3149 0.3867845305809541
3213 0.3933455922082579
3277 0.3520147532476632
3341 0.2415216825058804
3405 0.1549047145721599
3469 0.1293736719658238
3533 0.1255173770030945
3597 0.1250596815631733
3661 0.1250068698322319
3725 0.1250007903078354
3789 0.1250000909672388
3853 0.1250000104713876
3917 0.1250000012046383
3981 0.1250000001386596
4045 0.1250000000176949
14 0.9916298322478098
78 0.9916298290535576
142 0.9916298199416751
206 0.9916297681620359
270 0.991629635623551
334 0.9916289612381561
398 0.9916273350560434
462 0.9916199871125184
526 0.9916034187791869
590 0.9915379148360023
654 0.9914011906629967
718 0.9909380052026799
782 0.9900557252335296
846 0.9875724170916503
910 0.983345394632803
974 0.9738967624833438
1038 0.9599286677192009
1102 0.9364314009132751
1166 0.9069496082292031
1230 0.8703269691492659
1294 0.830729539790274
1358 0.790722154215757
1422 0.7514259059988472
1486 0.7136758806306757
1550 0.6778731131190557
1614 0.6439008398322827
1678 0.6117185047218096
1742 0.5813689690146064
1806 0.5529181400311804
1870 0.5263831329104047
1934 0.5017991340044076
1998 0.4792529896248842
2062 0.4588700880648319
2126 0.4407802553037539
2190 0.4250943965138874
2254 0.4118903765891387
2318 0.401191571078749
2382 0.3929320309257563
2446 0.3869213732595311
2510 0.3828335149601519
2574 0.3802403473039673
2638 0.3786956824247639
2702 0.377842206735127
2766 0.3774590191652391
2830 0.3773350172375701
2894 0.3770049084081866
2958 0.3758689268278497
3022 0.3745546445001545
3086 0.3768176416918432
3150 0.3867492253952886
3214 0.3933227281237061
3278 0.3520020917241614
3342 0.2415167910978733
3406 0.1549036905694334
3470 0.1293735572113416
3534 0.1255173682582639
3598 0.125059680921147
3662 0.1250068697860328
3726 0.1250007903045524
3790 0.1250000909670062
3854 0.1250000104713712
3918 0.1250000012046371
3982 0.1250000001386595
4046 0.1250000000176949
15 0.9820830609216349
79 0.9820830577697831
143 0.982083048778193
207 0.9820829976736897
271 0.982082866851938
335 0.9820822010921343
399 0.9820805955694225
463 0.9820733398009708
527 0.9820569778905431
591 0.9819922797976433
655 0.9818572261832448
719 0.9813996299228127
783 0.9805279252164146
847 0.9780740299053658
911 0.9738967624833438
975 0.964558251395734
1039 0.9507522003688574
1103 0.9275267737550476
1167 0.8983862186387285
1231 0.8621943499127915
1295 0.823067950299379
1359 0.7835552765457248
1423 0.7447566911205907
1487 0.7075016151497273
1551 0.672180478953283
1615 0.6386751316333984
1679 0.6069413897935768
1743 0.5770194990017392
1807 0.5489727239766465
1871 0.5228166527564486
1935 0.4985854710010752
1999 0.4763653048158311
2063 0.4562811804723703
2127 0.4384631317652025
2191 0.4230229322264198
2255 0.4100399448962793
2319 0.3995396222371271
2383 0.3914586287351167
2447 0.3856096326753783
2511 0.3816698050578387
2575 0.3792141125640253
2639 0.3777988184416135
2703 0.3770680904307696
2767 0.3768014821624581
2831 0.3767876073516415
2895 0.3765604955245817
2959 0.3755191789695502
3023 0.3742889451577356
3087 0.3766224603139712
3151 0.3866102538919708
3215 0.3932292139471986
3279 0.3519475883594051
3343 0.2414943993264525
3407 0.1548987622655421
3471 0.129372985895965
3535 0.1255173233531439
3599 0.1250596775268362
3663 0.1250068695345398
3727 0.1250007902861539
3791 0.1250000909656655
3855 0.1250000104712746
3919 0.1250000012046302
3983 0.125000000138659
4047 0.1250000000176949
16 0.9679693369203931
80 0.9679693338330007
144 0.9679693250241548
208 0.9679692749435215
272 0.9679691467227489
336 0.9679684940057529
400 0.9679669196874673
464 0.9679598028286845
528 0.9679437515936742
592 0.9678802631034172
656 0.9677477130414383
720 0.9672984652983013
784 0.9664425247281277
848 0.9640322851441142
912 0.9599286677192009
976 0.9507522003688574
1040 0.9371837464538
1104 0.914353687141642
1168 0.8857073349596389
1232 0.8501334096068426
1296 0.8116800423621956
1360 0.7728691996915317
1424 0.7347746032626127
1488 0.6982182170979518
1552 0.6635768137979677
1616 0.6307311731551936
1680 0.5996328698061962
1744 0.570319024604437
1808 0.5428494175635136
1872 0.5172376054539968
1936 0.4935163531679312
2000 0.471770610765413
2064 0.4521246065374686
2128 0.4347083337922049
2192 0.4196344979409729
2256 0.4069843867606256
2320 0.3967863414891156
2384 0.3889808437492803
2448 0.3833851526323087
2512 0.3796813920620034
2576 0.3774491543032555
2640 0.3762481852185636
2704 0.3757243523178969
2768 0.37565701470315
2832 0.3758332474753183
2896 0.3757849379189306
2960 0.3749083410519122
3024 0.3738244338010017
3088 0.3762806194203478
3152 0.3863657661918393
3216 0.3930627138746102
3280 0.3518479294742621
3344 0.2414518855362303
3408 0.1548891122905561
3472 0.1293718446102343
3536 0.1255172320105299
3600 0.1250596705043781
3664 0.1250068690053456
3728 0.1250007902467862
3792 0.1250000909627497
3856 0.125000010471061
3920 0.1250000012046147
3984 0.1250000001386579
4048 0.1250000000176948
17 0.944223104645088
81 0.9442231016740091
145 0.9442230931943845
209 0.9442230449512145
273 0.9442229213882091
337 0.9442222919261266
401 0.9442207731064107
465 0.9442139020656791
529 0.9441983990023116
593 0.9441370321005563
657 0.944008857531464
721 0.943574093226777
785 0.9427453774112614
849 0.9404098062375392
913 0.9364314009132751
977 0.9275267737550476
1041 0.914353687141642
1105 0.8921695118584547
1169 0.8643226194150199
1233 0.8297265640034952
1297 0.7923280977705236
1361 0.7545988107511732
1425 0.7175806457401163
1489 0.6820859119743909
1553 0.6484747992848831
1617 0.6166290910824598
1681 0.5864969357272616
1745 0.5581127042611524
1809 0.5315318836597649
1873 0.5067656079746751
1937 0.4838447714173956
2001 0.4628523109821722
2065 0.4439104984522169
2129 0.4271482288297732
2193 0.4126785701591486
2257 0.4005848798572985
2321 0.3908994064458227
2385 0.3835684977827608
2449 0.3784171455499868
2513 0.3751364594578788
2577 0.3733150231232139
2641 0.3725199244101413
2705 0.3724012313609201
2769 0.3727388195593983
2833 0.3733174791189612
2897 0.3736654328078542
2961 0.3731733206733413
3025 0.3724508745157653
3089 0.375227849852955
3153 0.3855810282629795
3217 0.3925021353989362
3281 0.351489606092797
3345 0.2412870050068409
3409 0.154849488847289
3473 0.1293669781743702
3537 0.1255168287963047
3601 0.1250596384796092
3665 0.1250068665125013
3729 0.125000790055279
3793 0.1250000909481155
3857 0.1250000104699552
3921 0.1250000012045318
3985 0.1250000001386517
4049 0.1250000000176943
18 0.9144257969599214
82 0.9144257941398884
146 0.914425786087522
210 0.9144257402253015
274 0.9144256226924284
338 0.9144250232820654
402 0.9144235761057367
466 0.9144170216979687
530 0.9144022238048773
594 0.9143435787575798
658 0.9142210084202675
722 0.9138047305248325
786 0.9130106885197178
850 0.9107697686265617
914 0.9069496082292031
978 0.8983862186387285
1042 0.8857073349596389
1106 0.8643226194150199
1170 0.8374598803095371
1234 0.8040527647939248
1298 0.7679293745293693
1362 0.7314940043598761
1426 0.6957564474506205
1490 0.6615186310627194
1554 0.6291236129478244
1618 0.5984559511928136
1682 0.5694618107729118
1746 0.5421737357140604
1810 0.5166429637302941
1874 0.4928784792010715
1938 0.4709095389985595
2002 0.4508170184246795
2066 0.432720916195086
2130 0.4167487565142634
2194 0.4030140755117643
2258 0.3916030093180012
2322 0.382553177284066
2386 0.3758191104065904
2450 0.3712366635482753
2514 0.3685095645267061
2578 0.3672388895343245
2642 0.3670015920234096
2706 0.367452675418548
2770 0.368371062655393
2834 0.3695359157120162
2898 0.3704675318195584
2962 0.3705461926564413
3026 0.3703636918776317
3090 0.3736219640532414
3154 0.3843764399759597
3218 0.3916281122698372
3282 0.3509110154779642
3346 0.2410081031405601
3410 0.1547800689122953
3474 0.1293582590573867
3538 0.1255160913020419
3602 0.1250595787638132
3666 0.1250068617742258
3730 0.1250007896843357
3794 0.1250000909192473
3858 0.1250000104677338
3922 0.1250000012043625
3986 0.125000000138639
4050 0.1250000000176933
19 0.877396189041759
83 0.877396186427866
147 0.8773961789577119
211 0.8773961363279497
275 0.8773960269646363
339 0.8773954680920147
403 0.8773941173168943
467 0.8773879867797632
531 0.8773741300314694
595 0.8773190950018827
659 0.8772039295221032
723 0.8768118841390051
787 0.876063069554436
851 0.8739442965411831
915 0.8703269691492659
979 0.8621943499127915
1043 0.8501334096068426
1107 0.8297265640034952
1171 0.8040527647939248
1235 0.7720429477116828
1299 0.7373981140732796
1363 0.7024300909111066
1427 0.6681256937107984
1491 0.6352783748869807
1555 0.6042170954628725
1619 0.5748318499254055
1683 0.5470709623915894
1747 0.5209678078909675
1811 0.4965704915562303
1875 0.4738870344611109
1939 0.4529462026360038
2003 0.4338274253286017
2067 0.4166482967646451
2131 0.4015344825075048
2195 0.3885997266021805
2259 0.3779333731753698
2323 0.3695798822672329
2387 0.3635048201569794
2451 0.3595594127910289
2515 0.3574661624212449
2579 0.3568459737503594
2643 0.3572932414500122
2707 0.3584745247609291
2771 0.3601725930672244
2835 0.3621643919647705
2899 0.3639662838020709
2963 0.3649530182146973
3027 0.3656958687596623
3091 0.3698444555143048
3155 0.3813908621413891
3219 0.3893195717102192
3283 0.3492375864620119
3347 0.2401196182032134
3411 0.1545439244235241
3475 0.1293273087078824
3539 0.1255133660173633
3603 0.1250593496248242
3667 0.1250068429028083
3731 0.1250007881517446
3795 0.1250000907956659
3859 0.1250000104578835
3923 0.1250000012035853
3987 0.1250000001385781
4051 0.1250000000176882
20 0.8373501614607329
84 0.8373501590772756
148 0.8373501522578763
212 0.8373501132397333
276 0.837350013001814
340 0.8373494993793377
404 0.8373482561637562
468 0.8373425980630966
532 0.8373297895710948
596 0.8372787690996161
660 0.8371718297563181
724 0.8368066413988199
788 0.8361078741158907
852 0.8341237772763241
916 0.830729539790274
980 0.823067950299379
1044 0.8116800423621956
1108 0.7923280977705236
1172 0.7679293745293693
1236 0.7373981140732796
1300 0.7043068306891558
1364 0.6708628179009166
1428 0.6380360204224282
1492 0.606613171761049
1556 0.5769109431961469
1620 0.5488256646191794
1684 0.5223100231250545
1748 0.4973993915152186
1812 0.4741392063256305
1876 0.4525370719617484
1940 0.4326219342960876
2004 0.4144723302242381
2068 0.3982037845298326
2132 0.3839404658983501
2196 0.3717970812719129
2260 0.3618676149659711
2324 0.354205636798805
2388 0.3487909020995103
2452 0.3454939409861921
2516 0.3440604253056043
2580 0.3441354523786798
2644 0.3453346526488552
2708 0.3473388468763603
2772 0.3499357523740674
2836 0.3528994293556812
2900 0.3557408973896594
2964 0.3578288159207559
3028 0.3597115290609546
3092 0.3649722004541804
3156 0.3775088878274691
3220 0.3862551337365255
3284 0.3469082057788878
3348 0.2388119652871046
3412 0.1541830116626943
3476 0.1292788464351942
3540 0.1255089928673217
3604 0.1250589733928424
3668 0.1250068112052222
3732 0.125000785519861
3796 0.1250000905788745
3860 0.1250000104402378
3924 0.1250000012021641
3988 0.1250000001384647
4052 0.1250000000176786
21 0.7968644576623166
85 0.7968644555323843
149 0.7968644494285566
213 0.7968644143760978
277 0.7968643241494949
341 0.7968638600738587
405 0.7968627344915409
469 0.7968575917305332
533 0.796845924849424
597 0.7967992611108613
661 0.7967012293220753
725 0.7963649814524828
789 0.7957199755615945
853 0.7938795323406616
917 0.790722154215757
981 0.7835552765457248
1045 0.7728691996915317
1109 0.7545988107511732
1173 0.7314940043598761
1237 0.7024300909111066
1301 0.6708628179009166
1365 0.6388894142646649
1429 0.607472753940649
1493 0.5773982328833284
1557 0.548972278660246
1621 0.5220963602755989
1685 0.4967292778554243
1749 0.4729087956136972
1813 0.4506775114642089
1877 0.4300423536408269
1941 0.4110326007403823
2005 0.3937261573521333
2069 0.3782364983812584
2133 0.3646861405512778
2197 0.3531907484835328
2261 0.3438493611814593
2325 0.3367255696919196
2389 0.3318146429389797
2453 0.3290079716763369
2517 0.328075970671533
2581 0.328689405795895
2645 0.3304866619480294
2709 0.333164691711438
2773 0.3365186343119197
2837 0.3403238949322293
2901 0.3440975989669118
2965 0.3472315722627076
3029 0.3502981519687683
3093 0.356839712066007
3157 0.3705984461759082
3221 0.3802890240250508
3285 0.3417193913804508
3349 0.2355194466961494
3413 0.1532078132091964
3477 0.1291417357552387
3541 0.1254960046654151
3605 0.1250578038039121
3669 0.1250067081429606
3733 0.1250007765797078
3797 0.1250000898108452
3861 0.12500001037509
3925 0.1250000011967019
3989 0.1250000001380114
4053 0.1250000000176384
22 0.7570849092055537
86 0.7570849073306015
150 0.7570849019469684
214 0.7570848708919226
278 0.7570847907643373
342 0.7570843767334213
406 0.7570833700381869
470 0.7570787485975347
534 0.7570682370363285
598 0.7570259844623354
662 0.7569369724492732
726 0.7566300240831819
790 0.7560394268620696
854 0.7543441757715349
918 0.7514259059988472
982 0.7447566911205907
1046 0.7347746032626127
1110 0.7175806457401163
1174 0.6957564474506205
1238 0.6681256937107984
1302 0.6380360204224282
1366 0.607472753940649
1430 0.5773990123482919
1494 0.5486029196059035
1558 0.5213822314169446
1622 0.4956430807846224
1686 0.4713517200106435
1750 0.4485485247769969
1814 0.4272733057661987
1878 0.407532387262741
1942 0.3893557788259828
2006 0.3728212898286484
2070 0.3580409097210102
2134 0.3451362223205694
2198 0.334224928010895
2262 0.3254126355843281
2326 0.3187747544027487
2390 0.3143237271356871
2454 0.3119726755310687
2518 0.3115161246187104
2582 0.3126480068458276
2646 0.3150255592024546
2710 0.3183578866060917
2774 0.3224448357909616
2838 0.3270625093226923
2902 0.3317376583041531
2966 0.3358981169143245
3030 0.3401625696213493
3094 0.3480428637028661
3158 0.3630777678214195
3222 0.3736202988448377
3286 0.3355480983986405
3350 0.2313885170533984
3414 0.1519496097958213
3478 0.128961283761935
3542 0.1254783987507758
3606 0.1250561727705005
3670 0.1250065602956167
3734 0.1250007634000369
3798 0.1250000886487418
3862 0.1250000102739804
3926 0.125000001188014
3990 0.1250000001372732
4054 0.1250000000175713
23 0.718853038601112
87 0.7188530369773166
151 0.7188530323038076
215 0.7188530051990307
279 0.7188529350626368
343 0.7188525706407285
407 0.7188516819154429
471 0.7188475786429049
535 0.7188382163626158
599 0.7188003574945698
663 0.7187203347368533
727 0.7184426072131734
791 0.7179062829398485
855 0.7163558250761772
919 0.7136758806306757
983 0.7075016151497273
1047 0.6982182170979518
1111 0.6820859119743909
1175 0.6615186310627194
1239 0.6352783748869807
1303 0.606613171761049
1367 0.5773982328833284
1431 0.5486029196059035
1495 0.5210234397797228
1559 0.4949493685986914
1623 0.4702905624681762
1687 0.4470213510052674
1751 0.4251843310275135
1815 0.4048160886020425
1879 0.3859219003172199
1943 0.3685325093997173
2007 0.3527259021924403
2071 0.3386130369414853
2135 0.3263153218288173
2199 0.3159537460970608
2263 0.3076422876351219
2327 0.3014702510570505
2391 0.2974688822923462
2455 0.2955729699932196
2519 0.2955977970607878
2583 0.2972524821427053
2647 0.3002002537267172
2711 0.3041455068775844
2775 0.3088723051074375
2839 0.3141322304360694
2903 0.3194354113370275
2967 0.3242412225422829
3031 0.329271358225075
3095 0.3381087630842717
3159 0.3540230274622361
3223 0.3644404131992521
3287 0.3251047347045706
3351 0.2233958578197337
3415 0.1493754994661148
3479 0.1285768215822933
3543 0.1254386259374041
3607 0.1250522740423048
3671 0.1250061866365091
3735 0.1250007282425842
3799 0.1250000853845974
3863 0.1250000099753489
3927 0.125000001161075
3991 0.1250000001348732
4055 0.1250000000173423
24 0.6825825091812611
88 0.682582507794015
152 0.6825825037904808
216 0.6825824804269849
280 0.6825824197721906
344 0.6825821026041613
408 0.6825813264666362
472 0.682577719466446
536 0.6825694599391435
600 0.6825358307972491
664 0.6824644766642758
728 0.6822150117950954
792 0.6817312596215211
856 0.6803213990551317
920 0.6778731131190557
984 0.672180478953283
1048 0.6635768137979677
1112 0.6484747992848831
1176 0.6291236129478244
1240 0.6042170954628725
1304 0.5769109431961469
1368 0.548972278660246
1432 0.5213822314169446
1496 0.4949493685986914
1560 0.4699553621842249
1624 0.4463132136852008
1688 0.4240058426479977
1752 0.4030776712903832
1816 0.3835618644507433
1880 0.3654626682552621
1944 0.3488121020254402
2008 0.3336892442173256
2072 0.3202053448130463
2136 0.3084835511397668
2200 0.2986507977114336
2264 0.2908327429437195
2328 0.2851360336449531
2392 0.2816131468345057
2456 0.2802200854670435
2520 0.2807873925527667
2584 0.2830275228653124
2648 0.2865924714883826
2712 0.2911626948024388
2776 0.2964890644656945
2840 0.3022866050984407
2904 0.3080500605665707
2968 0.3133001425546522
3032 0.3189248367640647
3096 0.3286293486331116
3160 0.3453328298070291
3224 0.3552219075772388
3288 0.3139070490105842
3352 0.2147552609876164
3416 0.146632637668855
3480 0.1281674391491544
3544 0.1253949188528674
3608 0.1250478471109144
3672 0.1250057478007569
3736 0.1250006855700243
3800 0.1250000812955233
3864 0.1250000095895147
3928 0.1250000011252147
3992 0.1250000001315848
4056 0.1250000000170189
25 0.6481593514059968
89 0.6481593502371877
153 0.6481593468536949
217 0.6481593269698441
281 0.6481592751566724
345 0.6481590022692876
409 0.6481583319101717
473 0.648155193405814
537 0.6481479775912276
601 0.6481183704982958
665 0.6480552802372178
729 0.6478328813192787
793 0.6473995984076394
857 0.6461252919369006
921 0.6439008398322827
985 0.6386751316333984
1049 0.6307311731551936
1113 0.6166290910824598
1177 0.5984559511928136
1241 0.5748318499254055
1305 0.5488256646191794
1369 0.5220963602755989
1433 0.4956430807846224
1497 0.4702905624681762
1561 0.4463132136852008
1625 0.4236274265487377
1689 0.4022256417005148
1753 0.3821540611290541
1817 0.363442616677368
1881 0.3460950712165211
1945 0.3301458277321243
2009 0.3156765681181065
2073 0.3028009128782257
2137 0.291646727466689
2201 0.2823510350766184
2265 0.2750564589033516
2329 0.2698928411333962
2393 0.2669388405335765
2457 0.2661731588078491
2521 0.2674365527128548
2585 0.2704315669486324
2649 0.2747795944313537
2713 0.2801173562467499
2777 0.2861468289654956
2841 0.2925323790931532
2905 0.2987336796478682
2969 0.3043163226900962
3033 0.3103726011541778
3097 0.3208205031194886
3161 0.3379615023234436
3225 0.3454082079182333
3289 0.298354462715373
3353 0.2017836970645445
3417 0.1425001451219479
3481 0.1275371674232455
3545 0.1253231259938444
3609 0.1250400808932789
3673 0.1250049256393389
3737 0.1250006002939765
3801 0.1250000726000887
3865 0.1250000087178354
3929 0.1250000010392912
3993 0.1250000001232427
4057 0.125000000016148
26 0.6155478268316434
90 0.6155478258595304
154 0.6155478230358714
218 0.6155478063129334
282 0.6155477625573615
346 0.6155475302701525
410 0.6155469572126655
474 0.6155442522765803
538 0.6155380055316675
602 0.6155121555568288
666 0.6154568104716764
730 0.6152599345664285
794 0.6148744041864067
858 0.6137291510337974
922 0.6117185047218096
986 0.6069413897935768
1050 0.5996328698061962
1114 0.5864969357272616
1178 0.5694618107729118
1242 0.5470709623915894
1306 0.5223100231250545
1370 0.4967292778554243
1434 0.4713517200106435
1498 0.4470213510052674
1562 0.4240058426479977
1626 0.4022256417005148
1690 0.38168358355541
1754 0.3624275974961574
1818 0.3444846946163586
1882 0.3278589822917349
1946 0.3125886765338614
2010 0.2987600021086178
2074 0.2864917191405184
2138 0.2759204434430936
2202 0.2671988212278739
2266 0.2604932134977413
2330 0.255963432200085
2394 0.25371824846816
2458 0.2537555127691643
2522 0.2559103087526235
2586 0.259846052103378
2650 0.2651176152906405
2714 0.271286616850635
2778 0.2779849103938157
2842 0.2848116159744435
2906 0.2911873468913963
2970 0.2967603240736951
3034 0.3029326960091237
3098 0.3139050716900338
3162 0.3311095668763885
3226 0.3350805433506545
3290 0.2817528769773568
3354 0.1892049248978756
3418 0.1388282797549876
3482 0.126995110087496
3546 0.1252598184668989
3610 0.1250330247048308
3674 0.1250041540873679
3738 0.1250005175501538
3802 0.1250000638785134
3866 0.1250000078140226
3930 0.1250000009472167
3994 0.1250000001140084
4058 0.1250000000151502
27 0.5847940439662079
91 0.5847940431675128
155 0.5847940408389709
219 0.5847940269312613
283 0.5847939903789103
347 0.5847937946447461
411 0.5847933095227326
475 0.584790999216886
539 0.5847856379335102
603 0.5847632457745341
667 0.5847150572914466
731 0.584541940407249
795 0.5842010461680786
859 0.5831773583134255
923 0.5813689690146064
987 0.5770194990017392
1051 0.570319024604437
1115 0.5581127042611524
1179 0.5421737357140604
1243 0.5209678078909675
1307 0.4973993915152186
1371 0.4729087956136972
1435 0.4485485247769969
1499 0.4251843310275135
1563 0.4030776712903832
1627 0.3821540611290541
1691 0.3624275974961574
1755 0.343947840307436
1819 0.3267393194212225
1883 0.3108076239283546
1947 0.2961966330796941
2011 0.2829996798989095
2075 0.2713444402495503
2139 0.2613818261083048
2203 0.2532876255985202
2267 0.2472607696370306
2331 0.2434988185370824
2395 0.2421423304941905
2459 0.2431964714974538
2523 0.2464596301092824
2587 0.2515096111231602
2651 0.2577895630283748
2715 0.2647621740586423
2779 0.2719944742034459
2843 0.2790476585202981
2907 0.2853458968230514
2971 0.2907029948800003
3035 0.2970051054138763
3099 0.3088214165229856
3163 0.3259125441229367
3227 0.3236564880356095
3291 0.2605842046880348
3355 0.1741421811273672
3419 0.1347193332438003
3483 0.126386036492167
3547 0.1251841006435701
3611 0.1250239914422594
3675 0.1250030960010511
3739 0.1250003959114206
3803 0.1250000501464653
3867 0.1250000062912236
3931 0.1250000007813671
3995 0.1250000000962454
4059 0.1250000000130921
28 0.5559666189702375
92 0.5559666183214695
156 0.5559666164224617
220 0.5559666049763129
284 0.5559665747485506
348 0.5559664113641358
412 0.5559660043975092
476 0.5559640476467189
540 0.5559594831293122
604 0.555940227881263
668 0.5558985611914431
732 0.5557472793877212
796 0.555447601211014
860 0.5545371662990313
924 0.5529181400311804
988 0.5489727239766465
1052 0.5428494175635136
1116 0.5315318836597649
1180 0.5166429637302941
1244 0.4965704915562303
1308 0.4741392063256305
1372 0.4506775114642089
1436 0.4272733057661987
1500 0.4048160886020425
1564 0.3835618644507433
1628 0.363442616677368
1692 0.3444846946163586
1756 0.3267393194212225
1820 0.3102293599040598
1884 0.2949636564135993
1948 0.2809944546528663
2012 0.2684259725315851
2076 0.257400340278769
2140 0.2480906970917775
2204 0.2407062131927735
2268 0.2354891814522584
2332 0.2326813268576908
2396 0.2324478296777764
2460 0.2347694732016301
2524 0.2393487698206965
2588 0.2456088196243367
2652 0.2528378650477369
2716 0.2604092420946525
2780 0.267878027497459
2844 0.2748266009718218
2908 0.2807294117352241
2972 0.2856410365270702
3036 0.2920421594333095
3100 0.3047032464605381
3164 0.3207470714860816
3228 0.30985662648887
3292 0.238071169424785
3356 0.1610741017612548
3420 0.1316320972362281
3484 0.1259479178501876
3548 0.1251289242465901
3612 0.1250172719499942
3676 0.1250022910623846
3740 0.1250003010385418
3804 0.1250000391500046
3868 0.1250000050376451
3932 0.1250000006408598
3996 0.1250000000807452
4060 0.1250000000112366
29 0.5290840360025362
93 0.5290840354811494
157 0.5290840339484738
221 0.5290840246198381
285 0.5290839998576139
349 0.5290838646736459
413 0.5290835261577327
477 0.529081881802352
541 0.5290780246963944
605 0.5290615798002199
669 0.5290257853334027
733 0.5288943493264658
797 0.5286323309950881
861 0.5278264144936929
925 0.5263831329104047
989 0.5228166527564486
1053 0.5172376054539968
1117 0.5067656079746751
1181 0.4928784792010715
1245 0.4738870344611109
1309 0.4525370719617484
1373 0.4300423536408269
1437 0.407532387262741
1501 0.3859219003172199
1565 0.3654626682552621
1629 0.3460950712165211
1693 0.3278589822917349
1757 0.3108076239283546
1821 0.2949636564135993
1885 0.2803418843790461
1949 0.2670068929699474
2013 0.255079348912019
2077 0.2447238844662576
2141 0.2361469545169541
2205 0.2296043333213387
2269 0.225392873840871
2333 0.2237979753278693
2397 0.2249821757371558
2461 0.2288361566506065
2525 0.2348741364620296
2589 0.2422928570735884
2653 0.2502285498575887
2717 0.2580448486265416
2781 0.2653800177456512
2845 0.2718833696951689
2909 0.2770912407989576
2973 0.2814158789259372
3037 0.2881788519414079
3101 0.3020649957842175
3165 0.3156541712178955
3229 0.2917759057261384
3293 0.2121515387365333
3357 0.1486477630309153
3421 0.1289980776916274
3485 0.125570319870444
3549 0.1250787620438136
3613 0.1250107643268591
3677 0.1250014588040183
3741 0.1250001960703246
3805 0.1250000261108253
3869 0.1250000034433984
3933 0.1250000004491255
3997 0.1250000000580433
4061 0.1250000000083022
30 0.5041820877884097
94 0.5041820873735112
158 0.5041820861483449
222 0.5041820786138139
286 0.5041820585053123
350 0.5041819475605028
414 0.5041816681793766
478 0.5041802962940339
542 0.5041770594295425
606 0.5041631028403847
670 0.5041325361813229
734 0.5040189497869817
798 0.5037910004068761
862 0.503080675342093
926 0.5017991340044076
990 0.4985854710010752
1054 0.4935163531679312
1118 0.4838447714173956
1182 0.4709095389985595
1246 0.4529462026360038
1310 0.4326219342960876
1374 0.4110326007403823
1438 0.3893557788259828
1502 0.3685325093997173
1566 0.3488121020254402
1630 0.3301458277321243
1694 0.3125886765338614
1758 0.2961966330796941
1822 0.2809944546528663
1886 0.2670068929699474
1950 0.2543166203898887
2014 0.2430688168468524
2078 0.2334619615637477
2142 0.22575038415829
2206 0.220251063050643
2270 0.2173206799438646
2334 0.2172663690100624
2398 0.2201782340175864
2462 0.2257396846120771
2526 0.2331640369706474
2590 0.2413994283976859
2654 0.2495302796889388
2718 0.257060367241692
2782 0.2638067745231431
2846 0.2694976785749173
2910 0.273755180959302
2974 0.2775377002599136
3038 0.2851286613313899
3102 0.300209438448609
3166 0.3085629188582764
3230 0.2686758805090959
3294 0.1874834363490191
3358 0.139560332329086
3422 0.1273323327464552
3486 0.1253369367961768
3550 0.1250476483809606
3614 0.1250066871704255
3678 0.1250009317165804
3742 0.1250001287965248
3806 0.1250000176414109
3870 0.1250000023924148
3934 0.1250000003206453
3998 0.1250000000425557
4062 0.1250000000062574
31 0.4813477036633975
95 0.4813477033361728
159 0.4813477023652978
223 0.4813476963291548
287 0.4813476801278423
351 0.4813475897392941
415 0.4813473607804091
479 0.4813462235995581
543 0.4813435240097585
607 0.4813317455225004
671 0.4813057818415001
735 0.4812080842782312
799 0.4810106513049296
863 0.4803869570470028
927 0.4792529896248842
991 0.4763653048158311
1055 0.471770610765413
1119 0.4628523109821722
1183 0.4508170184246795
1247 0.4338274253286017
1311 0.4144723302242381
1375 0.3937261573521333
1439 0.3728212898286484
1503 0.3527259021924403
1567 0.3336892442173256
1631 0.3156765681181065
1695 0.2987600021086178
1759 0.2829996798989095
1823 0.2684259725315851
1887 0.255079348912019
1951 0.2430688168468524
2015 0.2325754739360803
2079 0.223846747773161
2143 0.2172015754061959
2207 0.2130281541375303
2271 0.2117274296652668
2335 0.2135596293924994
2399 0.2184077453302349
2463 0.2255950404811403
2527 0.2339781631661219
2591 0.2423750798107882
2655 0.2500387466062227
2719 0.2567815655468625
2783 0.2626295799009129
2847 0.2673153356823073
2911 0.2705597814762586
2975 0.2741604462258171
3039 0.2833715332041191
3103 0.299108786069964
3167 0.2973455105860238
3231 0.2391448681163509
3295 0.1646454558345757
3359 0.132896916757535
3423 0.1262097555691945
3487 0.1251753176099503
3551 0.1250250656646936
3615 0.1250035602265916
3679 0.1250005023666314
3743 0.1250000703734007
3807 0.1250000097721459
3871 0.1250000013447246
3935 0.1250000001829389
3999 0.1250000000246744
4063 0.1250000000036934
32 0.4607058188699882
96 0.4607058186139309
160 0.4607058178504314
224 0.46070581304904
288 0.4607058000853959
352 0.4607057269116595
416 0.4607055404209754
480 0.4607046030489758
544 0.4607023635688198
608 0.460692470949926
672 0.460670517471293
736 0.4605868221228123
800 0.4604164608041321
864 0.4598705660933606
928 0.4588700880648319
992 0.4562811804723703
1056 0.4521246065374686
1120 0.4439104984522169
1184 0.432720916195086
1248 0.4166482967646451
1312 0.3982037845298326
1376 0.3782364983812584
1440 0.3580409097210102
1504 0.3386130369414853
1568 0.3202053448130463
1632 0.3028009128782257
1696 0.2864917191405184
1760 0.2713444402495503
1824 0.257400340278769
1888 0.2447238844662576
1952 0.2334619615637477
2016 0.223846747773161
2080 0.2161921516590124
2144 0.2108945616081818
2208 0.2084031089158582
2272 0.2090979367554973
2336 0.21304710172205
2400 0.2197373650670992
2464 0.2280347856159845
2528 0.2365661251768525
2592 0.2443126019471201
2656 0.2509400019030097
2720 0.256620848166163
2784 0.2614639750439488
2848 0.2650550115924168
2912 0.2673562368476096
2976 0.2714410086551386
3040 0.2829993994475578
3104 0.2971428765252315
3168 0.2788161061219158
3232 0.2067416671963566
3296 0.1476297355191284
3360 0.1290063274615962
3424 0.1256067362917637
3488 0.1250892917235207
3552 0.1250130482126383
3616 0.125001897834594
3680 0.1250002745561329
3744 0.1250000394764034
3808 0.1250000056284466
3872 0.125000000795632
3936 0.1250000001111218
4000 0.1250000000153899
4064 0.1250000000023678
33 0.4423851931857595
97 0.4423851929867372
161 0.4423851923902437
225 0.4423851885941205
289 0.4423851782818
353 0.4423851193614295
417 0.4423849682447772
481 0.4423841991703807
545 0.4423823496559598
609 0.4423740737438185
673 0.4423555806302022
737 0.4422841120384564
801 0.4421375555098728
865 0.4416609439834951
929 0.4407802553037539
993 0.4384631317652025
1057 0.4347083337922049
1121 0.4271482288297732
1185 0.4167487565142634
1249 0.4015344825075048
1313 0.3839404658983501
1377 0.3646861405512778
1441 0.3451362223205694
1505 0.3263153218288173
1569 0.3084835511397668
1633 0.291646727466689
1697 0.2759204434430936
1761 0.2613818261083048
1825 0.2480906970917775
1889 0.2361469545169541
1953 0.22575038415829
2017 0.2172015754061959
2081 0.2108945616081818
2145 0.2072960259487439
2209 0.2068553215150052
2273 0.2097833933763132
2337 0.2157423618821347
2401 0.2236868774399132
2465 0.2321521327150834
2529 0.2398982447257726
2593 0.2463891421701543
2657 0.2517638521452998
2721 0.2563914546309478
2785 0.2602213526706809
2849 0.2626223513519174
2913 0.2642574392903599
2977 0.2699240178725512
3041 0.2840595707786785
3105 0.2913878896181214
3169 0.2500469179347946
3233 0.1753674618369197
3297 0.1361655523387556
3361 0.1268087298750678
3425 0.1252711377572775
3489 0.1250399810824086
3553 0.1250058571948909
3617 0.1250008529050347
3681 0.1250001232107789
3745 0.1250000176544758
3809 0.1250000025001471
3873 0.1250000003504714
3937 0.125000000048343
4001 0.1250000000066089
4065 0.125000000000997
34 0.4264950846627334
98 0.4264950845089097
162 0.4264950840454398
226 0.4264950810591194
290 0.4264950728956353
354 0.4264950256598025
418 0.4264949037247155
482 0.4264942750955868
546 0.4264927531435935
610 0.4264858513013318
674 0.4264703195295483
738 0.4264094430579483
802 0.4262836619229182
866 0.4258683067847747
930 0.4250943965138874
994 0.4230229322264198
1058 0.4196344979409729
1122 0.4126785701591486
1186 0.4030140755117643
1250 0.3885997266021805
1314 0.3717970812719129
1378 0.3531907484835328
1442 0.334224928010895
1506 0.3159537460970608
1570 0.2986507977114336
1634 0.2823510350766184
1698 0.2671988212278739
1762 0.2532876255985202
1826 0.2407062131927735
1890 0.2296043333213387
1954 0.220251063050643
2018 0.2130281541375303
2082 0.2084031089158582
2146 0.2068553215150052
2210 0.2086881026162207
2274 0.2137182469880836
2338 0.2210372826665795
2402 0.2291845545630087
2466 0.236781310580908
2530 0.2431058932026304
2594 0.2481598843456587
2658 0.2523578391551241
2722 0.2560218118532427
2786 0.2587536291252154
2850 0.2598975803775138
2914 0.2616281546056877
2978 0.2702975108900071
3042 0.2852894914063218
3106 0.2767507226348996
3170 0.213396649518383
3234 0.1515559112042876
3298 0.1299570777607418
3362 0.125773583747588
3426 0.1251166723874969
3490 0.125017461889706
3554 0.1250026009134532
3618 0.1250003856538486
3682 0.1250000567593617
3746 0.1250000082970064
3810 0.1250000011982996
3874 0.1250000001715764
3938 0.1250000000241409
4002 0.1250000000033732
4066 0.1250000000005201
35 0.4131112413056979
99 0.4131112411873504
163 0.4131112408288506
227 0.4131112384890301
291 0.4131112320520249
355 0.4131111943150086
419 0.4131110962600441
483 0.4131105839308825
547 0.4131093351059354
611 0.4131035928959478
675 0.4130905786619263
739 0.4130388201393365
803 0.4129310651994801
867 0.4125695694238212
931 0.4118903765891387
995 0.4100399448962793
1059 0.4069843867606256
1123 0.4005848798572985
1187 0.3916030093180012
1251 0.3779333731753698
1315 0.3618676149659711
1379 0.3438493611814593
1443 0.3254126355843281
1507 0.3076422876351219
1571 0.2908327429437195
1635 0.2750564589033516
1699 0.2604932134977413
1763 0.2472607696370306
1827 0.2354891814522584
1891 0.225392873840871
1955 0.2173206799438646
2019 0.2117274296652668
2083 0.2090979367554973
2147 0.2097833933763132
2211 0.2137182469880836
2275 0.2201474434088113
2339 0.2276957194006889
2403 0.2349334625177392
2467 0.2410032326354309
2531 0.2457453843820978
2595 0.2494649264101714
2659 0.2526583009790793
2723 0.2554226396170082
2787 0.2568835417216083
2851 0.2569814739718155
2915 0.2603655833203276
2979 0.2730037335279564
3043 0.2827018642566663
3107 0.247857343305839
3171 0.1763468745046544
3235 0.1367019875061356
3299 0.1269398686667758
3363 0.1252964586039472
3427 0.1250445076344034
3491 0.1250066361473161
3555 0.125000981715654
3619 0.125000144148255
3683 0.1250000209141128
3747 0.1250000030069334
3811 0.1250000004248557
3875 0.1250000000594801
3939 0.1250000000081311
4003 0.125000000001106
4067 0.1250000000001641
36 0.4022545592205401
100 0.4022545591298231
164 0.4022545588535404
228 0.4022545570261734
292 0.4022545519669016
356 0.4022545219017685
420 0.4022544432695888
484 0.4022540266864173
548 0.4022530043817221
612 0.4022482358558802
676 0.4022373521897643
740 0.4021934091055228
804 0.4021012392300169
868 0.4017869429376943
932 0.401191571078749
996 0.3995396222371271
1060 0.3967863414891156
1124 0.3908994064458227
1188 0.382553177284066
1252 0.3695798822672329
1316 0.354205636798805
1380 0.3367255696919196
1444 0.3187747544027487
1508 0.3014702510570505
1572 0.2851360336449531
1636 0.2698928411333962
1700 0.255963432200085
1764 0.2434988185370824
1828 0.2326813268576908
1892 0.2237979753278693
1956 0.2172663690100624
2020 0.2135596293924994
2084 0.21304710172205
2148 0.2157423618821347
2212 0.2210372826665795
2276 0.2276957194006889
2340 0.2343232738160209
2404 0.2399841573662779
2468 0.2443810689789878
2532 0.2476497537068345
2596 0.2502668908697722
2660 0.2527303330375684
2724 0.254547104558437
2788 0.2544697077755164
2852 0.2544875821914682
2916 0.2618070684735017
2980 0.2764938779800512
3044 0.2683188273794588
3108 0.2069912495299002
3172 0.1490902676100258
3236 0.1294726753585295
3300 0.1257051665955186
3364 0.1251077098680368
3428 0.1250163132780348
3492 0.1250024595097128
3556 0.1250003681792538
3620 0.1250000548256692
3684 0.1250000080661166
3748 0.1250000011796467
3812 0.1250000001693252
3876 0.1250000000241793
3940 0.1250000000033623
4004 0.1250000000004674
4068 0.1250000000000708
37 0.3938563356536308
101 0.3938563355843157
165 0.393856335372099
229 0.3938563339489666
293 0.3938563299842835
357 0.3938563060898932
421 0.3938562431979609
485 0.3938559051752785
549 0.3938550702226723
613 0.3938511172299655
677 0.3938420335431429
741 0.3938047798376061
805 0.3937260779698586
869 0.3934531395226296
933 0.3929320309257563
997 0.3914586287351167
1061 0.3889808437492803
1125 0.3835684977827608
1189 0.3758191104065904
1253 0.3635048201569794
1317 0.3487909020995103
1381 0.3318146429389797
1445 0.3143237271356871
1509 0.2974688822923462
1573 0.2816131468345057
1637 0.2669388405335765
1701 0.25371824846816
1765 0.2421423304941905
1829 0.2324478296777764
1893 0.2249821757371558
1957 0.2201782340175864
2021 0.2184077453302349
2085 0.2197373650670992
2149 0.2236868774399132
2213 0.2291845545630087
2277 0.2349334625177392
2341 0.2399841573662779
2405 0.2439406604599566
2469 0.246784000415869
2533 0.2488582038410911
2597 0.2508481877413536
2661 0.2527645712857345
2725 0.2530588723594629
2789 0.2514957717099982
2853 0.2539281128995368
2917 0.2665881827019101
2981 0.2740342321878822
3045 0.2345437540812398
3109 0.1671347342249377
3173 0.13409913118469
3237 0.1264954738592108
3301 0.1252303956041931
3365 0.1250349592423071
3429 0.125005258669388
3493 0.1250007857135535
3557 0.1250001160174664
3621 0.1250000170044886
3685 0.1250000024477746
3749 0.1250000003501051
3813 0.1250000000487854
3877 0.1250000000067799
3941 0.1250000000009089
4005 0.1250000000001226
4069 0.1250000000000177
38 0.3877232776480298
102 0.3877232775952445
166 0.3877232774328283
230 0.3877232763278895
294 0.3877232732314604
358 0.3877232542940995
422 0.3877232041499792
486 0.3877229305671359
550 0.3877222506420036
614 0.3877189812747699
678 0.3877114209374087
742 0.3876799052374688
806 0.3876128809402839
870 0.3873763244051389
934 0.3869213732595311
998 0.3856096326753783
1062 0.3833851526323087
1126 0.3784171455499868
1190 0.3712366635482753
1254 0.3595594127910289
1318 0.3454939409861921
1382 0.3290079716763369
1446 0.3119726755310687
1510 0.2955729699932196
1574 0.2802200854670435
1638 0.2661731588078491
1702 0.2537555127691643
1766 0.2431964714974538
1830 0.2347694732016301
1894 0.2288361566506065
1958 0.2257396846120771
2022 0.2255950404811403
2086 0.2280347856159845
2150 0.2321521327150834
2214 0.236781310580908
2278 0.2410032326354309
2342 0.2443810689789878
2406 0.246784000415869
2470 0.2483986045189353
2534 0.2498938800349951
2598 0.2516449229492138
2662 0.2522798359906702
2726 0.2502225106585458
2790 0.2492416663169921
2854 0.2576902482027142
2918 0.2711077746126091
2982 0.2530673506277397
3046 0.1885056427404463
3110 0.1415021580862238
3174 0.1279146341404337
3238 0.1254590887501847
3302 0.1250706156438245
3366 0.1250107918601263
3430 0.1250016370893493
3494 0.1250002473685691
3558 0.1250000369298817
3622 0.1250000054957373
3686 0.1250000008018398
3750 0.1250000001169137
3814 0.1250000000165467
3878 0.1250000000023518
3942 0.1250000000003207
4006 0.1250000000000443
4070 0.1250000000000066
39 0.3835264292707707
103 0.3835264292307488
167 0.3835264291070524
231 0.3835264282527421
295 0.3835264258458689
359 0.3835264108972107
423 0.383526371101602
487 0.3835261505267125
551 0.3835255993508752
615 0.383522905464773
679 0.3835166410870927
743 0.3834900765147918
807 0.3834332497067955
871 0.3832289579748581
935 0.3828335149601519
999 0.3816698050578387
1063 0.3796813920620034
1127 0.3751364594578788
1191 0.3685095645267061
1255 0.3574661624212449
1319 0.3440604253056043
1383 0.328075970671533
1447 0.3115161246187104
1511 0.2955977970607878
1575 0.2807873925527667
1639 0.2674365527128548
1703 0.2559103087526235
1767 0.2464596301092824
1831 0.2393487698206965
1895 0.2348741364620296
1959 0.2331640369706474
2023 0.2339781631661219
2087 0.2365661251768525
2151 0.2398982447257726
2215 0.2431058932026304
2279 0.2457453843820978
2343 0.2476497537068345
2407 0.2488582038410911
2471 0.2498938800349951
2535 0.2512609212521618
2599 0.2519221372274255
2663 0.2497830677067089
2727 0.2468279235163023
2791 0.2513426239761836
2855 0.2652698314681261
2919 0.2620017932234727
2983 0.2085729537336777
3047 0.1512882843149816
3111 0.130088334629849
3175 0.1258203940671615
3239 0.1251272586537606
3303 0.1250194932043896
3367 0.1250029665128957
3431 0.1250004462101816
3495 0.1250000667403513
3559 0.1250000097978184
3623 0.1250000014335405
3687 0.1250000002038516
3751 0.1250000000290515
3815 0.1250000000039737
3879 0.1250000000005499
3943 0.1250000000000719
4007 0.1250000000000096
4071 0.1250000000000013
40 0.380835110650362
104 0.3808351106202119
168 0.3808351105266799
232 0.3808351098703069
296 0.3808351080127536
360 0.3808350962859146
424 0.3808350649272734
488 0.380834888181082
552 0.3808344445421236
616 0.3808322383430835
680 0.3808270846040128
744 0.3808048287201024
808 0.3807569903390008
872 0.3805816242407468
936 0.3802403473039673
1000 0.3792141125640253
1064 0.3774491543032555
1128 0.3733150231232139
1192 0.3672388895343245
1256 0.3568459737503594
1320 0.3441354523786798
1384 0.328689405795895
1448 0.3126480068458276
1512 0.2972524821427053
1576 0.2830275228653124
1640 0.2704315669486324
1704 0.259846052103378
1768 0.2515096111231602
1832 0.2456088196243367
1896 0.2422928570735884
1960 0.2413994283976859
2024 0.2423750798107882
2088 0.2443126019471201
2152 0.2463891421701543
2216 0.2481598843456587
2280 0.2494649264101714
2344 0.2502668908697722
2408 0.2508481877413536
2472 0.2516449229492138
2536 0.2519221372274255
2600 0.2496926849846856
2664 0.2458600958596462
2728 0.2477083233397079
2792 0.2600851641862112
2856 0.2647263364718592
2920 0.2239907398717261
2984 0.162137477515381
3048 0.1330125165205412
3112 0.1263428322245991
3176 0.1252122138191229
3240 0.125033100056112
3304 0.1250051172155326
3368 0.1250007885147964
3432 0.1250001199471179
3496 0.1250000182290098
3560 0.1250000027109078
3624 0.1250000004046258
3688 0.1250000000583832
3752 0.1250000000085189
3816 0.1250000000011841
3880 0.1250000000001682
3944 0.1250000000000224
4008 0.1250000000000031
4072 0.1250000000000004
41 0.3792011346644428
105 0.3792011346419434
169 0.3792011345719554
233 0.3792011340723774
297 0.379201132653716
361 0.3792011235400728
425 0.3792010990880307
489 0.3792009587778382
553 0.3792006054392296
617 0.3791988153747604
681 0.3791946199216622
745 0.379176145815143
809 0.379136297196508
873 0.3789871384691271
937 0.3786956824247639
1001 0.3777988184416135
1065 0.3762481852185636
1129 0.3725199244101413
1193 0.3670015920234096
1257 0.3572932414500122
1321 0.3453346526488552
1385 0.3304866619480294
1449 0.3150255592024546
1513 0.3002002537267172
1577 0.2865924714883826
1641 0.2747795944313537
1705 0.2651176152906405
1769 0.2577895630283748
1833 0.2528378650477369
1897 0.2502285498575887
1961 0.2495302796889388
2025 0.2500387466062227
2089 0.2509400019030097
2153 0.2517638521452998
2217 0.2523578391551241
2281 0.2526583009790793
2345 0.2527303330375684
2409 0.2527645712857345
2473 0.2522798359906702
2537 0.2497830677067089
2601 0.2458600958596462
2665 0.2465364083149416
2729 0.2571907177314917
2793 0.2647909480391827
2857 0.23360082201763
2921 0.1718281272945316
2985 0.136252662978596
3049 0.1269727747477069
3113 0.125318261011611
3177 0.1250502244152551
3241 0.1250078629918426
3305 0.1250012150470561
3369 0.1250001868836409
3433 0.1250000281584073
3497 0.1250000042397805
3561 0.1250000006182021
3625 0.1250000000907845
3689 0.1250000000127156
3753 0.1250000000018159
3817 0.1250000000002428
3881 0.1250000000000336
3945 0.1250000000000043
4009 0.1250000000000006
4073 0.125
42 0.3782659297922715
106 0.3782659297757029
170 0.3782659297240829
234 0.3782659293488502
298 0.3782659282809578
362 0.3782659212912618
426 0.3782659024994667
490 0.3782657925731834
554 0.3782655152145789
618 0.37826408171836
682 0.3782607155512587
746 0.378245578622962
810 0.3782128603076
874 0.3780876053180062
938 0.377842206735127
1002 0.3770680904307696
1066 0.3757243523178969
1130 0.3724012313609201
1194 0.367452675418548
1258 0.3584745247609291
1322 0.3473388468763603
1386 0.333164691711438
1450 0.3183578866060917
1514 0.3041455068775844
1578 0.2911626948024388
1642 0.2801173562467499
1706 0.271286616850635
1770 0.2647621740586423
1834 0.2604092420946525
1898 0.2580448486265416
1962 0.257060367241692
2026 0.2567815655468625
2090 0.256620848166163
2154 0.2563914546309478
2218 0.2560218118532427
2282 0.2554226396170082
2346 0.254547104558437
2410 0.2530588723594629
2474 0.2502225106585458
2538 0.2468279235163023
2602 0.2477083233397079
2666 0.2571907177314917
2730 0.2645604919905979
2794 0.2380375356284401
2858 0.178465743883213
2922 0.1391234904574304
2986 0.1276172415801732
3050 0.1254353234105717
3114 0.1250706059598554
3178 0.1250112963551903
3242 0.1250017986643863
3306 0.1250002818133504
3370 0.1250000441552057
3434 0.1250000067428262
3498 0.1250000010372742
3562 0.1250000001533399
3626 0.1250000000230836
3690 0.1250000000032806
3754 0.1250000000004815
3818 0.1250000000000654
3882 0.1250000000000093
3946 0.1250000000000012
4010 0.1250000000000001
4074 0.125
43 0.3778080449682369
107 0.3778080449562516
171 0.3778080449188944
235 0.37780804464202
299 0.3778080438532806
363 0.3778080385865498
427 0.37780802441595
491 0.3778079397942097
555 0.3778077261502064
619 0.3778065979865651
683 0.3778039473210077
747 0.3777917551785517
811 0.3777653831857235
875 0.3776619425673372
939 0.3774590191652391
1003 0.3768014821624581
1067 0.37565701470315
1131 0.3727388195593983
1195 0.368371062655393
1259 0.3601725930672244
1323 0.3499357523740674
1387 0.3365186343119197
1451 0.3224448357909616
1515 0.3088723051074375
1579 0.2964890644656945
1643 0.2861468289654956
1707 0.2779849103938157
1771 0.2719944742034459
1835 0.267878027497459
1899 0.2653800177456512
1963 0.2638067745231431
2027 0.2626295799009129
2091 0.2614639750439488
2155 0.2602213526706809
2219 0.2587536291252154
2283 0.2568835417216083
2347 0.2544697077755164
2411 0.2514957717099982
2475 0.2492416663169921
2539 0.2513426239761836
2603 0.2600851641862112
2667 0.2647909480391827
2731 0.2380375356284401
2795 0.1807928390230052
2859 0.14081137680123
2923 0.1280999428602244
2987 0.1255356798486052
3051 0.1250891987404784
3115 0.1250146517583224
3179 0.1250023628380759
3243 0.1250003788338034
3307 0.1250000592154515
3371 0.1250000092660103
3435 0.1250000013957063
3499 0.125000000212778
3563 0.1250000000306779
3627 0.1250000000045486
3691 0.1250000000006239
3755 0.1250000000000898
3819 0.1250000000000116
3883 0.1250000000000016
3947 0.1250000000000002
4011 0.125
4075 0.125
44 0.3776162993749347
108 0.377616299366464
172 0.377616299340076
236 0.3776162991404508
300 0.3776162985717885
364 0.377616294693377
428 0.3776162842609044
492 0.3776162205805848
556 0.3776160598798258
620 0.377615191622325
684 0.3776131527073617
748 0.3776035444792261
812 0.3775827698629325
876 0.3774991292432498
940 0.3773350172375701
1004 0.3767876073516415
1068 0.3758332474753183
1132 0.3733174791189612
1196 0.3695359157120162
1260 0.3621643919647705
1324 0.3528994293556812
1388 0.3403238949322293
1452 0.3270625093226923
1516 0.3141322304360694
1580 0.3022866050984407
1644 0.2925323790931532
1708 0.2848116159744435
1772 0.2790476585202981
1836 0.2748266009718218
1900 0.2718833696951689
1964 0.2694976785749173
2028 0.2673153356823073
2092 0.2650550115924168
2156 0.2626223513519174
2220 0.2598975803775138
2284 0.2569814739718155
2348 0.2544875821914682
2412 0.2539281128995368
2476 0.2576902482027142
2540 0.2652698314681261
2604 0.2647263364718592
2668 0.23360082201763
2732 0.178465743883213
2796 0.14081137680123
2860 0.1282859438477181
2924 0.1255954472736733
2988 0.1251035312567837
3052 0.1250175591201847
3116 0.1250029478040357
3180 0.125000483294269
3244 0.1250000791669301
3308 0.1250000125466965
3372 0.1250000020092263
3436 0.1250000003064853
3500 0.1250000000479504
3564 0.1250000000070007
3628 0.1250000000010679
3692 0.1250000000001484
3756 0.125000000000022
3820 0.1250000000000029
3884 0.1250000000000004
3948 0.125
4012 0.125
4076 0.125
45 0.3772255479451156
109 0.3772255479393052
173 0.3772255479212247
237 0.377225547781497
301 0.3772255473837191
365 0.3772255446101629
429 0.3772255371563022
493 0.3772254905996831
557 0.3772253732403957
621 0.3772247236758642
685 0.3772232001313314
749 0.3772158341445392
813 0.3771999246073559
877 0.377134066436753
941 0.3770049084081866
1005 0.3765604955245817
1069 0.3757849379189306
1133 0.3736654328078542
1197 0.3704675318195584
1261 0.3639662838020709
1325 0.3557408973896594
1389 0.3440975989669118
1453 0.3317376583041531
1517 0.3194354113370275
1581 0.3080500605665707
1645 0.2987336796478682
1709 0.2911873468913963
1773 0.2853458968230514
1837 0.2807294117352241
1901 0.2770912407989576
1965 0.273755180959302
2029 0.2705597814762586
2093 0.2673562368476096
2157 0.2642574392903599
2221 0.2616281546056877
2285 0.2603655833203276
2349 0.2618070684735017
2413 0.2665881827019101
2477 0.2711077746126091
2541 0.2620017932234727
2605 0.2239907398717261
2669 0.1718281272945316
2733 0.1391234904574304
2797 0.1280999428602244
2861 0.1255954472736733
2925 0.1251081570491084
2989 0.1250191570237807
3053 0.1250032927881669
3117 0.1250005603979777
3181 0.1250000921329444
3245 0.1250000151759122
3309 0.1250000023834393
3373 0.1250000003808156
3437 0.1250000000568807
3501 0.1250000000088204
3565 0.1250000000012466
3629 0.1250000000001877
3693 0.125000000000025
3757 0.1250000000000036
3821 0.1250000000000004
3885 0.125
3949 0.125
4013 0.125
4077 0.125
46 0.3760364074430649
110 0.376036407439222
174 0.3760364074272794
238 0.3760364073329568
302 0.3760364070646538
366 0.3760364051511054
430 0.3760364000138345
494 0.3760363671598583
558 0.3760362844437843
622 0.3760358150788348
686 0.3760347156390454
750 0.3760292566424759
814 0.3760174800175817
878 0.3759672915486625
942 0.3758689268278497
1006 0.3755191789695502
1070 0.3749083410519122
1134 0.3731733206733413
1198 0.3705461926564413
1262 0.3649530182146973
1326 0.3578288159207559
1390 0.3472315722627076
1454 0.3358981169143245
1518 0.3242412225422829
1582 0.3133001425546522
1646 0.3043163226900962
1710 0.2967603240736951
1774 0.2907029948800003
1838 0.2856410365270702
1902 0.2814158789259372
1966 0.2775377002599136
2030 0.2741604462258171
2094 0.2714410086551386
2158 0.2699240178725512
2222 0.2702975108900071
2286 0.2730037335279564
2350 0.2764938779800512
2414 0.2740342321878822
2478 0.2530673506277397
2542 0.2085729537336777
2606 0.162137477515381
2670 0.136252662978596
2734 0.1276172415801732
2798 0.1255356798486052
2862 0.1251035312567837
2926 0.1250191570237807
2990 0.1250034751390212
3054 0.1250006075034862
3118 0.1250001058303101
3182 0.1250000176277981
3246 0.1250000029752306
3310 0.125000000472304
3374 0.1250000000775077
3438 0.1250000000116917
3502 0.1250000000018665
3566 0.1250000000002665
3630 0.1250000000000413
3694 0.1250000000000055
3758 0.1250000000000009
3822 0.1250000000000001
3886 0.125
3950 0.125
4014 0.125
4078 0.125
47 0.3746772275879482
111 0.3746772275855054
175 0.3746772275779214
239 0.3746772275167164
303 0.3746772273427017
367 0.3746772260733584
431 0.3746772226679035
495 0.3746772003686063
559 0.3746771442731701
623 0.3746768178892536
687 0.3746760540618938
751 0.3746721578037679
815 0.3746637590743106
879 0.3746268879664717
943 0.3745546445001545
1007 0.3742889451577356
1071 0.3738244338010017
1135 0.3724508745157653
1199 0.3703636918776317
1263 0.3656958687596623
1327 0.3597115290609546
1391 0.3502981519687683
1455 0.3401625696213493
1519 0.329271358225075
1583 0.3189248367640647
1647 0.3103726011541778
1711 0.3029326960091237
1775 0.2970051054138763
1839 0.2920421594333095
1903 0.2881788519414079
1967 0.2851286613313899
2031 0.2833715332041191
2095 0.2829993994475578
2159 0.2840595707786785
2223 0.2852894914063218
2287 0.2827018642566663
2351 0.2683188273794588
2415 0.2345437540812398
2479 0.1885056427404463
2543 0.1512882843149816
2607 0.1330125165205412
2671 0.1269727747477069
2735 0.1254353234105717
2799 0.1250891987404784
2863 0.1250175591201847
2927 0.1250032927881669
2991 0.1250006075034862
3055 0.1250001066923782
3119 0.125000018780622
3183 0.1250000031077798
3247 0.1250000005263064
3311 0.1250000000820242
3375 0.12500000001342
3439 0.1250000000019643
3503 0.1250000000003111
3567 0.1250000000000427
3631 0.1250000000000066
3695 0.1250000000000008
3759 0.1250000000000001
3823 0.125
3887 0.125
3951 0.125
4015 0.125
4079 0.125
48 0.3769043665885028
112 0.3769043665870073
176 0.3769043665823648
240 0.376904366544108
304 0.3769043664352923
368 0.3769043656240058
432 0.3769043634468178
496 0.3769043488582315
560 0.3769043121525759
624 0.3769040932773041
688 0.3769035809608364
752 0.3769008972191407
816 0.3768951104102589
880 0.3768689456715379
944 0.3768176416918432
1008 0.3766224603139712
1072 0.3762806194203478
1136 0.375227849852955
1200 0.3736219640532414
1264 0.3698444555143048
1328 0.3649722004541804
1392 0.356839712066007
1456 0.3480428637028661
1520 0.3381087630842717
1584 0.3286293486331116
1648 0.3208205031194886
1712 0.3139050716900338
1776 0.3088214165229856
1840 0.3047032464605381
1904 0.3020649957842175
1968 0.300209438448609
2032 0.299108786069964
2096 0.2971428765252315
2160 0.2913878896181214
2224 0.2767507226348996
2288 0.247857343305839
2352 0.2069912495299002
2416 0.1671347342249377
2480 0.1415021580862238
2544 0.130088334629849
2608 0.1263428322245991
2672 0.125318261011611
2736 0.1250706059598554
2800 0.1250146517583224
2864 0.1250029478040357
2928 0.1250005603979777
2992 0.1250001058303101
3056 0.125000018780622
3120 0.1250000033889656
3184 0.1250000005651325
3248 0.1250000000983435
3312 0.1250000000154251
3376 0.1250000000025994
3440 0.125000000000383
3504 0.1250000000000625
3568 0.1250000000000087
3632 0.1250000000000013
3696 0.1250000000000001
3760 0.125
3824 0.125
3888 0.125
3952 0.125
4016 0.125
4080 0.125
49 0.3868086167647945
113 0.3868086167639191
177 0.3868086167611972
241 0.386808616738306
305 0.3868086166730427
369 0.3868086161759768
433 0.3868086148388936
497 0.3868086056750965
561 0.3868085825627394
625 0.3868084413711012
689 0.3868081100392105
753 0.3868063280153537
817 0.3868024745369644
881 0.3867845305809541
945 0.3867492253952886
1009 0.3866102538919708
1073 0.3863657661918393
1137 0.3855810282629795
1201 0.3843764399759597
1265 0.3813908621413891
1329 0.3775088878274691
1393 0.3705984461759082
1457 0.3630777678214195
1521 0.3540230274622361
1585 0.3453328298070291
1649 0.3379615023234436
1713 0.3311095668763885
1777 0.3259125441229367
1841 0.3207470714860816
1905 0.3156541712178955
1969 0.3085629188582764
2033 0.2973455105860238
2097 0.2788161061219158
2161 0.2500469179347946
2225 0.213396649518383
2289 0.1763468745046544
2353 0.1490902676100258
2417 0.13409913118469
2481 0.1279146341404337
2545 0.1258203940671615
2609 0.1252122138191229
2673 0.1250502244152551
2737 0.1250112963551903
2801 0.1250023628380759
2865 0.125000483294269
2929 0.1250000921329444
2993 0.1250000176277981
3057 0.1250000031077798
3121 0.1250000005651325
3185 0.1250000000926036
3249 0.1250000000161486
3313 0.1250000000024608
3377 0.1250000000004137
3441 0.1250000000000586
3505 0.1250000000000095
3569 0.1250000000000012
3633 0.1250000000000002
3697 0.125
3761 0.125
3825 0.125
3889 0.125
3953 0.125
4017 0.125
4081 0.125
50 0.3933608921946612
114 0.3933608921941989
178 0.3933608921927546
242 0.3933608921803448
306 0.3933608921447568
370 0.3933608918675061
434 0.393360891117082
498 0.3933608858487067
562 0.3933608724722977
626 0.393360788604896
690 0.393360590348637
754 0.3933594930700215
818 0.393357100581814
882 0.3933455922082579
946 0.3933227281237061
1010 0.3932292139471986
1074 0.3930627138746102
1138 0.3925021353989362
1202 0.3916281122698372
1266 0.3893195717102192
1330 0.3862551337365255
1394 0.3802890240250508
1458 0.3736202988448377
1522 0.3644404131992521
1586 0.3552219075772388
1650 0.3454082079182333
1714 0.3350805433506545
1778 0.3236564880356095
1842 0.30985662648887
1906 0.2917759057261384
1970 0.2686758805090959
2034 0.2391448681163509
2098 0.2067416671963566
2162 0.1753674618369197
2226 0.1515559112042876
2290 0.1367019875061356
2354 0.1294726753585295
2418 0.1264954738592108
2482 0.1254590887501847
2546 0.1251272586537606
2610 0.125033100056112
2674 0.1250078629918426
2738 0.1250017986643863
2802 0.1250003788338034
2866 0.1250000791669301
2930 0.1250000151759122
2994 0.1250000029752306
3058 0.1250000005263064
3122 0.1250000000983435
3186 0.1250000000161486
3250 0.1250000000029009
3314 0.1250000000004431
3378 0.1250000000000769
3442 0.1250000000000109
3506 0.1250000000000018
3570 0.1250000000000002
3634 0.125
3698 0.125
3762 0.125
3826 0.125
3890 0.125
3954 0.125
4018 0.125
4082 0.125
51 0.3520229437308026
115 0.3520229437306119
179 0.3520229437300105
243 0.3520229437247086
307 0.3520229437093338
371 0.3520229435862071
435 0.3520229432488696
499 0.3520229408092099
563 0.3520229345309153
627 0.3520228938653575
691 0.3520227962603849
755 0.352022235969229
819 0.3520209925535845
883 0.3520147532476632
947 0.3520020917241614
1011 0.3519475883594051
1075 0.3518479294742621
1139 0.351489606092797
1203 0.3509110154779642
1267 0.3492375864620119
1331 0.3469082057788878
1395 0.3417193913804508
1459 0.3355480983986405
1523 0.3251047347045706
1587 0.3139070490105842
1651 0.298354462715373
1715 0.2817528769773568
1779 0.2605842046880348
1843 0.238071169424785
1907 0.2121515387365333
1971 0.1874834363490191
2035 0.1646454558345757
2099 0.1476297355191284
2163 0.1361655523387556
2227 0.1299570777607418
2291 0.1269398686667758
2355 0.1257051665955186
2419 0.1252303956041931
2483 0.1250706156438245
2547 0.1250194932043896
2611 0.1250051172155326
2675 0.1250012150470561
2739 0.1250002818133504
2803 0.1250000592154515
2867 0.1250000125466965
2931 0.1250000023834393
2995 0.125000000472304
3059 0.1250000000820242
3123 0.1250000000154251
3187 0.1250000000024608
3251 0.1250000000004431
3315 0.1250000000000651
3379 0.1250000000000113
3443 0.1250000000000015
3507 0.1250000000000002
3571 0.125
3635 0.125
3699 0.125
3763 0.125
3827 0.125
3891 0.125
3955 0.125
4019 0.125
4083 0.125
52 0.2415247032205248
116 0.241524703220475
180 0.2415247032203158
244 0.2415247032188663
308 0.2415247032145925
372 0.2415247031791687
436 0.2415247030803189
500 0.24152470233839
564 0.2415247003896907
628 0.2415246872434952
692 0.2415246549542756
756 0.2415244609836068
820 0.2415240189623303
884 0.2415216825058804
948 0.2415167910978733
1012 0.2414943993264525
1076 0.2414518855362303
1140 0.2412870050068409
1204 0.2410081031405601
1268 0.2401196182032134
1332 0.2388119652871046
1396 0.2355194466961494
1460 0.2313885170533984
1524 0.2233958578197337
1588 0.2147552609876164
1652 0.2017836970645445
1716 0.1892049248978756
1780 0.1741421811273672
1844 0.1610741017612548
1908 0.1486477630309153
1972 0.139560332329086
2036 0.132896916757535
2100 0.1290063274615962
2164 0.1268087298750678
2228 0.125773583747588
2292 0.1252964586039472
2356 0.1251077098680368
2420 0.1250349592423071
2484 0.1250107918601263
2548 0.1250029665128957
2612 0.1250007885147964
2676 0.1250001868836409
2740 0.1250000441552057
2804 0.1250000092660103
2868 0.1250000020092263
2932 0.1250000003808156
2996 0.1250000000775077
3060 0.12500000001342
3124 0.1250000000025994
3188 0.1250000000004137
3252 0.1250000000000769
3316 0.1250000000000113
3380 0.125000000000002
3444 0.1250000000000002
3508 0.125
3572 0.125
3636 0.125
3700 0.125
3764 0.125
3828 0.125
3892 0.125
3956 0.125
4020 0.125
4084 0.125
53 0.1549053222368986
117 0.1549053222368914
181 0.1549053222368681
245 0.1549053222366484
309 0.1549053222359895
373 0.1549053222303413
437 0.1549053222142832
501 0.1549053220893871
565 0.154905321754626
629 0.154905319408814
693 0.1549053135179735
757 0.1549052766489225
821 0.1549051905528587
885 0.1549047145721599
949 0.1549036905694334
1013 0.1548987622655421
1077 0.1548891122905561
1141 0.154849488847289
1205 0.1547800689122953
1269 0.1545439244235241
1333 0.1541830116626943
1397 0.1532078132091964
1461 0.1519496097958213
1525 0.1493754994661148
1589 0.146632637668855
1653 0.1425001451219479
1717 0.1388282797549876
1781 0.1347193332438003
1845 0.1316320972362281
1909 0.1289980776916274
1973 0.1273323327464552
2037 0.1262097555691945
2101 0.1256067362917637
2165 0.1252711377572775
2229 0.1251166723874969
2293 0.1250445076344034
2357 0.1250163132780348
2421 0.125005258669388
2485 0.1250016370893493
2549 0.1250004462101816
2613 0.1250001199471179
2677 0.1250000281584073
2741 0.1250000067428262
2805 0.1250000013957063
2869 0.1250000003064853
2933 0.1250000000568807
2997 0.1250000000116917
3061 0.1250000000019643
3125 0.125000000000383
3189 0.1250000000000586
3253 0.1250000000000109
3317 0.1250000000000015
3381 0.1250000000000002
3445 0.125
3509 0.125
3573 0.125
3637 0.125
3701 0.125
3765 0.125
3829 0.125
3893 0.125
3957 0.125
4021 0.125
4085 0.125
54 0.129373738288201
118 0.1293737382882004
182 0.1293737382881983
246 0.1293737382881787
310 0.1293737382881192
374 0.1293737382875962
438 0.1293737382860891
502 0.1293737382740596
566 0.1293737382413537
630 0.1293737380058342
694 0.1293737374052636
758 0.1293737335362223
822 0.1293737243503572
886 0.1293736719658238
950 0.1293735572113416
1014 0.129372985895965
1078 0.1293718446102343
1142 0.1293669781743702
1206 0.1293582590573867
1270 0.1293273087078824
1334 0.1292788464351942
1398 0.1291417357552387
1462 0.128961283761935
1526 0.1285768215822933
1590 0.1281674391491544
1654 0.1275371674232455
1718 0.126995110087496
1782 0.126386036492167
1846 0.1259479178501876
1910 0.125570319870444
1974 0.1253369367961768
2038 0.1251753176099503
2102 0.1250892917235207
2166 0.1250399810824086
2230 0.125017461889706
2294 0.1250066361473161
2358 0.1250024595097128
2422 0.1250007857135535
2486 0.1250002473685691
2550 0.1250000667403513
2614 0.1250000182290098
2678 0.1250000042397805
2742 0.1250000010372742
2806 0.125000000212778
2870 0.1250000000479504
2934 0.1250000000088204
2998 0.1250000000018665
3062 0.1250000000003111
3126 0.1250000000000625
3190 0.1250000000000095
3254 0.1250000000000018
3318 0.1250000000000002
3382 0.125
3446 0.125
3510 0.125
3574 0.125
3638 0.125
3702 0.125
3766 0.125
3830 0.125
3894 0.125
3958 0.125
4022 0.125
4086 0.125
55 0.1255173819391927
119 0.1255173819391927
183 0.1255173819391925
247 0.1255173819391913
311 0.1255173819391876
375 0.125517381939154
439 0.1255173819390562
503 0.125517381938257
567 0.1255173819360561
631 0.1255173819198092
695 0.1255173818778072
759 0.125517381599997
823 0.1255173809305283
887 0.1255173770030945
951 0.1255173682582639
1015 0.1255173233531439
1079 0.1255172320105299
1143 0.1255168287963047
1207 0.1255160913020419
1271 0.1255133660173633
1335 0.1255089928673217
1399 0.1254960046654151
1463 0.1254783987507758
1527 0.1254386259374041
1591 0.1253949188528674
1655 0.1253231259938444
1719 0.1252598184668989
1783 0.1251841006435701
1847 0.1251289242465901
1911 0.1250787620438136
1975 0.1250476483809606
2039 0.1250250656646936
2103 0.1250130482126383
2167 0.1250058571948909
2231 0.1250026009134532
2295 0.125000981715654
2359 0.1250003681792538
2423 0.1250001160174664
2487 0.1250000369298817
2551 0.1250000097978184
2615 0.1250000027109078
2679 0.1250000006182021
2743 0.1250000001533399
2807 0.1250000000306779
2871 0.1250000000070007
2935 0.1250000000012466
2999 0.1250000000002665
3063 0.1250000000000427
3127 0.1250000000000087
3191 0.1250000000000012
3255 0.1250000000000002
3319 0.125
3383 0.125
3447 0.125
3511 0.125
3575 0.125
3639 0.125
3703 0.125
3767 0.125
3831 0.125
3895 0.125
3959 0.125
4023 0.125
4087 0.125
56 0.1250596819177001
120 0.1250596819177001
184 0.1250596819177001
248 0.1250596819177
312 0.1250596819176998
376 0.1250596819176977
440 0.1250596819176915
504 0.1250596819176399
568 0.1250596819174962
632 0.1250596819164101
696 0.1250596819135656
760 0.1250596818942787
824 0.1250596818471478
888 0.1250596815631733
952 0.125059680921147
1016 0.1250596775268362
1080 0.1250596705043781
1144 0.1250596384796092
1208 0.1250595787638132
1272 0.1250593496248242
1336 0.1250589733928424
1400 0.1250578038039121
1464 0.1250561727705005
1528 0.1250522740423048
1592 0.1250478471109144
1656 0.1250400808932789
1720 0.1250330247048308
1784 0.1250239914422594
1848 0.1250172719499942
1912 0.1250107643268591
1976 0.1250066871704255
2040 0.1250035602265916
2104 0.125001897834594
2168 0.1250008529050347
2232 0.1250003856538486
2296 0.125000144148255
2360 0.1250000548256692
2424 0.1250000170044886
2488 0.1250000054957373
2552 0.1250000014335405
2616 0.1250000004046258
2680 0.1250000000907845
2744 0.1250000000230836
2808 0.1250000000045486
2872 0.1250000000010679
2936 0.1250000000001877
3000 0.1250000000000413
3064 0.1250000000000066
3128 0.1250000000000013
3192 0.1250000000000002
3256 0.125
3320 0.125
3384 0.125
3448 0.125
3512 0.125
3576 0.125
3640 0.125
3704 0.125
3768 0.125
3832 0.125
3896 0.125
3960 0.125
4024 0.125
4088 0.125
57 0.1250068698571911
121 0.1250068698571911
185 0.1250068698571911
249 0.1250068698571911
313 0.1250068698571911
377 0.1250068698571909
441 0.1250068698571906
505 0.1250068698571873
569 0.1250068698571781
633 0.125006869857107
697 0.1250068698569183
761 0.1250068698556065
825 0.1250068698523554
889 0.1250068698322319
953 0.1250068697860328
1017 0.1250068695345398
1081 0.1250068690053456
1145 0.1250068665125013
1209 0.1250068617742258
1273 0.1250068429028083
1337 0.1250068112052222
1401 0.1250067081429606
1465 0.1250065602956167
1529 0.1250061866365091
1593 0.1250057478007569
1657 0.1250049256393389
1721 0.1250041540873679
1785 0.1250030960010511
1849 0.1250022910623846
1913 0.1250014588040183
1977 0.1250009317165804
2041 0.1250005023666314
2105 0.1250002745561329
2169 0.1250001232107789
2233 0.1250000567593617
2297 0.1250000209141128
2361 0.1250000080661166
2425 0.1250000024477746
2489 0.1250000008018398
2553 0.1250000002038516
2617 0.1250000000583832
2681 0.1250000000127156
2745 0.1250000000032806
2809 0.1250000000006239
2873 0.1250000000001484
2937 0.125000000000025
3001 0.1250000000000055
3065 0.1250000000000008
3129 0.1250000000000001
3193 0.125
3257 0.125
3321 0.125
3385 0.125
3449 0.125
3513 0.125
3577 0.125
3641 0.125
3705 0.125
3769 0.125
3833 0.125
3897 0.125
3961 0.125
4025 0.125
4089 0.125
58 0.1250007903095713
122 0.1250007903095713
186 0.1250007903095713
250 0.1250007903095713
314 0.1250007903095713
378 0.1250007903095713
442 0.1250007903095713
506 0.1250007903095711
570 0.1250007903095705
634 0.1250007903095659
698 0.1250007903095535
762 0.1250007903094654
826 0.1250007903092438
890 0.1250007903078354
954 0.1250007903045524
1018 0.1250007902861539
1082 0.1250007902467862
1146 0.125000790055279
1210 0.1250007896843357
1274 0.1250007881517446
1338 0.125000785519861
1402 0.1250007765797078
1466 0.1250007634000369
1530 0.1250007282425842
1594 0.1250006855700243
1658 0.1250006002939765
1722 0.1250005175501538
1786 0.1250003959114206
1850 0.1250003010385418
1914 0.1250001960703246
1978 0.1250001287965248
2042 0.1250000703734007
2106 0.1250000394764034
2170 0.1250000176544758
2234 0.1250000082970064
2298 0.1250000030069334
2362 0.1250000011796467
2426 0.1250000003501051
2490 0.1250000001169137
2554 0.1250000000290515
2618 0.1250000000085189
2682 0.1250000000018159
2746 0.1250000000004815
2810 0.1250000000000898
2874 0.125000000000022
2938 0.1250000000000036
3002 0.1250000000000009
3066 0.1250000000000001
3130 0.125
3194 0.125
3258 0.125
3322 0.125
3386 0.125
3450 0.125
3514 0.125
3578 0.125
3642 0.125
3706 0.125
3770 0.125
3834 0.125
3898 0.125
3962 0.125
4026 0.125
4090 0.125
59 0.1250000909673593
123 0.1250000909673593
187 0.1250000909673593
251 0.1250000909673593
315 0.1250000909673593
379 0.1250000909673593
443 0.1250000909673593
507 0.1250000909673593
571 0.1250000909673592
635 0.125000090967359
699 0.1250000909673581
763 0.1250000909673522
827 0.1250000909673371
891 0.1250000909672388
955 0.1250000909670062
1019 0.1250000909656655
1083 0.1250000909627497
1147 0.1250000909481155
1211 0.1250000909192473
1275 0.1250000907956659
1339 0.1250000905788745
1403 0.1250000898108452
1467 0.1250000886487418
1531 0.1250000853845974
1595 0.1250000812955233
1659 0.1250000726000887
1723 0.1250000638785134
1787 0.1250000501464653
1851 0.1250000391500046
1915 0.1250000261108253
1979 0.1250000176414109
2043 0.1250000097721459
2107 0.1250000056284466
2171 0.1250000025001471
2235 0.1250000011982996
2299 0.1250000004248557
2363 0.1250000001693252
2427 0.1250000000487854
2491 0.1250000000165467
2555 0.1250000000039737
2619 0.1250000000011841
2683 0.1250000000002428
2747 0.1250000000000654
2811 0.1250000000000116
2875 0.1250000000000029
2939 0.1250000000000004
3003 0.1250000000000001
3067 0.125
3131 0.125
3195 0.125
3259 0.125
3323 0.125
3387 0.125
3451 0.125
3515 0.125
3579 0.125
3643 0.125
3707 0.125
3771 0.125
3835 0.125
3899 0.125
3963 0.125
4027 0.125
4091 0.125
60 0.1250000104713959
124 0.1250000104713959
188 0.1250000104713959
252 0.1250000104713959
316 0.1250000104713959
380 0.1250000104713959
444 0.1250000104713959
508 0.1250000104713959
572 0.1250000104713958
636 0.1250000104713958
700 0.1250000104713957
764 0.1250000104713954
828 0.1250000104713943
892 0.1250000104713876
956 0.1250000104713712
1020 0.1250000104712746
1084 0.125000010471061
1148 0.1250000104699552
1212 0.1250000104677338
1276 0.1250000104578835
1340 0.1250000104402378
1404 0.12500001037509
1468 0.1250000102739804
1532 0.1250000099753489
1596 0.1250000095895147
1660 0.1250000087178354
1724 0.1250000078140226
1788 0.1250000062912236
1852 0.1250000050376451
1916 0.1250000034433984
1980 0.1250000023924148
2044 0.1250000013447246
2108 0.125000000795632
2172 0.1250000003504714
2236 0.1250000001715764
2300 0.1250000000594801
2364 0.1250000000241793
2428 0.1250000000067799
2492 0.1250000000023518
2556 0.1250000000005499
2620 0.1250000000001682
2684 0.1250000000000336
2748 0.1250000000000093
2812 0.1250000000000016
2876 0.1250000000000004
2940 0.125
3004 0.125
3068 0.125
3132 0.125
3196 0.125
3260 0.125
3324 0.125
3388 0.125
3452 0.125
3516 0.125
3580 0.125
3644 0.125
3708 0.125
3772 0.125
3836 0.125
3900 0.125
3964 0.125
4028 0.125
4092 0.125
61 0.1250000012046388
125 0.1250000012046388
189 0.1250000012046388
253 0.1250000012046388
317 0.1250000012046388
381 0.1250000012046388
445 0.1250000012046388
509 0.1250000012046388
573 0.1250000012046388
637 0.1250000012046388
701 0.1250000012046388
765 0.1250000012046388
829 0.1250000012046387
893 0.1250000012046383
957 0.1250000012046371
1021 0.1250000012046302
1085 0.1250000012046147
1149 0.1250000012045318
1213 0.1250000012043625
1277 0.1250000012035853
1341 0.1250000012021641
1405 0.1250000011967019
1469 0.125000001188014
1533 0.125000001161075
1597 0.1250000011252147
1661 0.1250000010392912
1725 0.1250000009472167
1789 0.1250000007813671
1853 0.1250000006408598
1917 0.1250000004491255
1981 0.1250000003206453
2045 0.1250000001829389
2109 0.1250000001111218
2173 0.125000000048343
2237 0.1250000000241409
2301 0.1250000000081311
2365 0.1250000000033623
2429 0.1250000000009089
2493 0.1250000000003207
2557 0.1250000000000719
2621 0.1250000000000224
2685 0.1250000000000043
2749 0.1250000000000012
2813 0.1250000000000002
2877 0.125
2941 0.125
3005 0.125
3069 0.125
3133 0.125
3197 0.125
3261 0.125
3325 0.125
3389 0.125
3453 0.125
3517 0.125
3581 0.125
3645 0.125
3709 0.125
3773 0.125
3837 0.125
3901 0.125
3965 0.125
4029 0.125
4093 0.125
62 0.1250000001386596
126 0.1250000001386596
190 0.1250000001386596
254 0.1250000001386596
318 0.1250000001386596
382 0.1250000001386596
446 0.1250000001386596
510 0.1250000001386596
574 0.1250000001386596
638 0.1250000001386596
702 0.1250000001386596
766 0.1250000001386596
830 0.1250000001386596
894 0.1250000001386596
958 0.1250000001386595
1022 0.125000000138659
1086 0.1250000001386579
1150 0.1250000001386517
1214 0.125000000138639
1278 0.1250000001385781
1342 0.1250000001384647
1406 0.1250000001380114
1470 0.1250000001372732
1534 0.1250000001348732
1598 0.1250000001315848
1662 0.1250000001232427
1726 0.1250000001140084
1790 0.1250000000962454
1854 0.1250000000807452
1918 0.1250000000580433
1982 0.1250000000425557
2046 0.1250000000246744
2110 0.1250000000153899
2174 0.1250000000066089
2238 0.1250000000033732
2302 0.125000000001106
2366 0.1250000000004674
2430 0.1250000000001226
2494 0.1250000000000443
2558 0.1250000000000096
2622 0.1250000000000031
2686 0.1250000000000006
2750 0.1250000000000001
2814 0.125
2878 0.125
2942 0.125
3006 0.125
3070 0.125
3134 0.125
3198 0.125
3262 0.125
3326 0.125
3390 0.125
3454 0.125
3518 0.125
3582 0.125
3646 0.125
3710 0.125
3774 0.125
3838 0.125
3902 0.125
3966 0.125
4030 0.125
4094 0.125
63 0.1250000000176949
127 0.1250000000176949
191 0.1250000000176949
255 0.1250000000176949
319 0.1250000000176949
383 0.1250000000176949
447 0.1250000000176949
511 0.1250000000176949
575 0.1250000000176949
639 0.1250000000176949
703 0.1250000000176949
767 0.1250000000176949
831 0.1250000000176949
895 0.1250000000176949
959 0.1250000000176949
1023 0.1250000000176949
1087 0.1250000000176948
1151 0.1250000000176943
1215 0.1250000000176933
1279 0.1250000000176882
1343 0.1250000000176786
1407 0.1250000000176384
1471 0.1250000000175713
1535 0.1250000000173423
1599 0.1250000000170189
1663 0.125000000016148
1727 0.1250000000151502
1791 0.1250000000130921
1855 0.1250000000112366
1919 0.1250000000083022
1983 0.1250000000062574
2047 0.1250000000036934
2111 0.1250000000023678
2175 0.125000000000997
2239 0.1250000000005201
2303 0.1250000000001641
2367 0.1250000000000708
2431 0.1250000000000177
2495 0.1250000000000066
2559 0.1250000000000013
2623 0.1250000000000004
2687 0.125
2751 0.125
2815 0.125
2879 0.125
2943 0.125
3007 0.125
3071 0.125
3135 0.125
3199 0.125
3263 0.125
3327 0.125
3391 0.125
3455 0.125
3519 0.125
3583 0.125
3647 0.125
3711 0.125
3775 0.125
3839 0.125
3903 0.125
3967 0.125
4031 0.125
4095 0.125
