0 1
1 1
2 1
3 1
4 1
5 1
6 1
7 1
8 1
9 1
10 1
11 1
12 1
13 1
14 1
15 1
16 1
17 1
18 1
19 1
20 1
21 1
22 1
23 1
24 1
25 1
26 1
27 1
28 1
29 1
30 1
31 1
32 1
33 1
34 1
35 1
36 1
37 1
38 1
39 1
40 1
41 1
42 1
43 1
44 1
45 1
46 1
47 1
48 1
49 1
50 1
51 1
52 1
53 1
54 1
55 1
56 1
57 1
58 1
59 1
60 1
61 1
62 1
63 1
64 1
65 1
66 1
67 1
68 1
69 1
70 1
71 1
72 1
73 1
74 1
75 1
76 1
77 1
78 1
79 1
80 1
81 1
82 1
83 1
84 1
85 1
86 1
87 1
88 1
89 1
90 1
91 1
92 1
93 1
94 1
95 1
96 1
97 1
98 1
99 1
100 1
101 1
102 1
103 1
104 1
105 1
106 1
107 1
108 1
109 1
110 1
111 1
112 1
113 1
114 1
115 1
116 1
117 1
118 1
119 1
120 1
121 1
122 1
123 1
124 1
125 1
126 1
127 1
128 1
129 1
130 1
131 1
132 1
133 1
134 1
135 1
136 1
137 1
138 1
139 1
140 1
141 1
142 1
143 1
144 1
145 1
146 1
147 1
148 1
149 1
150 1
151 1
152 1
153 1
154 1
155 1
156 1
157 1
158 1
159 1
160 1
161 1
162 1
163 1
164 1
165 1
166 1
167 1
168 1
169 1
170 1
171 1
172 1
173 1
174 1
175 1
176 1
177 1
178 1
179 1
180 1
181 1
182 1
183 1
184 1
185 1
186 1
187 1
188 1
189 1
190 1
191 1
192 1
193 1
194 1
195 1
196 1
197 1
198 1
199 1
200 1
201 1
202 1
203 1
204 1
205 1
206 1
207 1
208 1
209 1
210 1
211 1
212 1
213 0.9999999999999999
214 0.9999999999999989
215 0.9999999999999966
216 0.9999999999999917
217 0.9999999999999797
218 0.9999999999999596
219 0.9999999999999074
220 0.9999999999998237
221 0.9999999999996164
222 0.9999999999992769
223 0.9999999999984677
224 0.9999999999971432
225 0.9999999999940514
226 0.9999999999890287
227 0.9999999999775139
228 0.999999999958988
229 0.9999999999173135
230 0.9999999998508934
231 0.999999999704367
232 0.9999999994731285
233 0.9999999989730953
234 0.9999999981919366
235 0.9999999965372612
236 0.9999999939791954
237 0.9999999886750359
238 0.9999999805631049
239 0.9999999641109072
240 0.999999939229517
241 0.9999998899127045
242 0.9999998161895649
243 0.9999996735218867
244 0.9999994628123953
245 0.999999065132725
246 0.9999984851644049
247 0.9999974189608876
248 0.9999958845197249
249 0.9999931407443596
250 0.9999892468894503
251 0.9999824858566838
252 0.99997303240763
253 0.9999571248751515
254 0.999935233178039
255 0.9998996159701897
256 0.9998514322420661
257 0.999775843432001
258 0.9996754696766729
259 0.9995241222136894
260 0.9993271983499454
261 0.9990428055255433
262 0.9986809634569709
263 0.9981822724996849
264 0.9975632253858757
265 0.9967516104741541
266 0.9957709959672716
267 0.994550222938815
268 0.993117872187861
269 0.9914237623109031
270 0.98949695011517
271 0.9873233844863178
272 0.9849287274019932
273 0.9823335802459588
274 0.9795605667898877
275 0.9766465593647614
276 0.973614315346596
277 0.9704962462712886
278 0.9673152569248179
279 0.9640909378649792
280 0.9608415017566609
281 0.9575772581315156
282 0.9543080881511683
283 0.9510399206575463
284 0.9477762704932597
285 0.9445200685272774
286 0.9412725112152361
287 0.9380342226278019
288 0.9348058061260379
289 0.9315871016352077
290 0.9283782009522608
291 0.9251789968689149
292 0.9219893695350743
293 0.9188091930322215
294 0.9156384310335943
295 0.9124769214428933
296 0.9093246536887364
297 0.9061815243607869
298 0.9030475048546833
299 0.8999225214653945
300 0.8968065616631689
301 0.8936995555264068
302 0.8906014951226788
303 0.8875123265272238
304 0.884432036412852
305 0.8813605801831929
306 0.878297945341763
307 0.8752440917527335
308 0.8721990054474363
309 0.8691626521849806
310 0.8661350159212869
311 0.863116065992126
312 0.860105785629024
313 0.8571041468870946
314 0.8541111319169781
315 0.8511267151741075
316 0.8481508781448017
317 0.8451835968907877
318 0.8422248525224832
319 0.8392746224388169
320 0.8363328874702373
321 0.8333996260282965
322 0.8304748188739568
323 0.8275584451908843
324 0.8246504857511494
325 0.8217509203685547
326 0.8188597299172197
327 0.8159768947142055
328 0.8131023958011544
329 0.8102362139304208
330 0.80737833035122
331 0.8045287261940203
332 0.8016873829429926
333 0.7988542820651395
334 0.796029405287949
335 0.7932127343839592
336 0.7904042513298414
337 0.787603938183817
338 0.7848117771760293
339 0.7820277506410825
340 0.7792518410675754
341 0.7764840310617279
342 0.7737243033740699
343 0.7709726408803443
344 0.7682290265956538
345 0.7654934436652266
346 0.7627658753723279
347 0.7600463051343163
348 0.7573347165070965
349 0.7546310931835347
350 0.7519354189956646
351 0.7492476779138527
352 0.7465678540478131
353 0.7438959316464935
354 0.741231895099242
355 0.7385757289369799
356 0.7359274178344034
357 0.7332869466124925
358 0.730654300241552
359 0.7280294638442693
360 0.7254124226987477
361 0.7228031622412638
362 0.7202016680687945
363 0.7176079259413439
364 0.7150219217842461
365 0.7124436416905789
366 0.7098730719238325
367 0.70731019892089
368 0.7047550092953303
369 0.7022074898410142
370 0.6996676275359077
371 0.6971354095461223
372 0.6946108232301774
373 0.6920938561435465
374 0.6895844960435481
375 0.6870827308946493
376 0.6845885488742025
377 0.6821019383785897
378 0.6796228880297006
379 0.6771513866816414
380 0.6746874234275843
381 0.6722309876066915
382 0.6697820688111201
383 0.6673406568931695
384 0.6649067419726871
385 0.6624803144448802
386 0.6600613649886663
387 0.6576498845756618
388 0.6552458644798661
389 0.652849296288033
390 0.6504601719106887
391 0.6480784835937403
392 0.6457042239306158
393 0.6433373858749173
394 0.6409779627535891
395 0.638625948280647
396 0.6362813365715282
397 0.633944122158132
398 0.6316143000046163
399 0.6292918655239994
400 0.6269768145956065
401 0.624669143583398
402 0.6223688493552226
403 0.6200759293030574
404 0.6177903813643143
405 0.6155122040443163
406 0.6132413964400616
407 0.6109779582653843
408 0.6087218898776141
409 0.6064731923058162
410 0.6042318672806665
411 0.6019979172660022
412 0.5997713454920798
413 0.5975521559905812
414 0.5953403536314309
415 0.5931359441615189
416 0.5909389342454586
417 0.5887493315085416
418 0.5865671445820816
419 0.5843923831513476
420 0.5822250580062986
421 0.580065181095327
422 0.5779127655822113
423 0.5757678259064797
424 0.5736303778473879
425 0.5715004385917175
426 0.5693780268056258
427 0.5672631627107922
428 0.5651558681651335
429 0.5630561667483801
430 0.5609640838528291
431 0.5588796467796127
432 0.5568028848408332
433 0.5547338294679429
434 0.5526725143267734
435 0.5506189754396469
436 0.5485732513150401
437 0.546535383085313
438 0.5445054146530625
439 0.5424833928467006
440 0.5404693675859097
441 0.5384633920576548
442 0.536465522903481
443 0.534475820418853
444 0.5324943487653278
445 0.5305211761963859
446 0.5285563752977902
447 0.5266000232433836
448 0.5246522020672938
449 0.5227129989535727
450 0.5207825065443602
451 0.5188608232677356
452 0.5169480536864827
453 0.5150443088690642
454 0.5131497067841572
455 0.51126437272016
456 0.5093884397311249
457 0.5075220491106071
458 0.5056653508949513
459 0.5038185043975535
460 0.5019816787756308
461 0.500155053631028
462 0.4983388196465375
463 0.4965331792591605
464 0.4947383473716228
465 0.4929545521033277
466 0.4911820355817359
467 0.4894210547749115
468 0.4876718823656571
469 0.4859348076672586
470 0.4842101375803692
471 0.4824981975899542
472 0.4807993328004845
473 0.4791139090066869
474 0.4774423137961039
475 0.4757849576784687
476 0.4741422752354315
477 0.4725147262824507
478 0.470902797032671
479 0.4693070012503061
480 0.4677278813784106
481 0.4661660096229395
482 0.4646219889716252
483 0.463096454122452
484 0.461590072292361
485 0.4601035438722869
486 0.458637602889745
487 0.4571930172349901
488 0.4557705886013509
489 0.4543711520848032
490 0.4529955753823607
491 0.4516447575236259
492 0.4503196270651249
493 0.449021139673211
494 0.4477502750187236
495 0.4465080329057561
496 0.4452954285583411
497 0.4441134869932276
498 0.4429632364148643
499 0.4418457005808951
500 0.4407618901035731
501 0.4397127926751061
502 0.4386993622335045
503 0.4377225071202491
504 0.4367830773219429
505 0.4358818509345894
506 0.4350195200402319
507 0.4341966762398431
508 0.433413796141324
509 0.4326712271543986
510 0.4319691739915889
511 0.4313076863123654
512 0.430686647971788
513 0.4301057683412928
514 0.4295645761540162
515 0.4290624162872953
516 0.4285984498291991
517 0.428171657684331
518 0.4277808478589392
519 0.4274246664310406
520 0.4271016120643792
521 0.4268100537739867
522 0.4265482515054792
523 0.4263143789600311
524 0.4261065479917273
525 0.4259228338317319
526 0.4257613003601432
527 0.4256200246542541
528 0.4254971200906234
529 0.4253907573640403
530 0.4252991829024131
531 0.4252207342939584
532 0.4251538524916859
533 0.4250970907097639
534 0.4250491200672709
535 0.4250087321590684
536 0.4249748388350901
537 0.4249464695446634
538 0.4249227666503578
539 0.424902979137257
540 0.4248864551411522
541 0.4248726336968905
542 0.4248610360706109
543 0.4248512569916736
544 0.4248429560463716
545 0.4248358494400812
546 0.4248297022807314
547 0.424824321486904
548 0.4248195493802398
549 0.4248152579851056
550 0.4248113440289986
551 0.4248077246147482
552 0.4248043335196666
553 0.4248011180666049
554 0.4247980365064652
555 0.4247950558501413
556 0.4247921500891967
557 0.4247892987479981
558 0.4247864857147793
559 0.424783698304631
560 0.4247809265132138
561 0.424778162425732
562 0.4247753997511425
563 0.4247726334565444
564 0.4247698594811182
565 0.4247670745128288
566 0.4247642758143842
567 0.4247614610876815
568 0.4247586283682295
569 0.4247557759428722
570 0.4247529022856064
571 0.4247500060074503
572 0.4247470858172398
573 0.4247441404909337
574 0.424741168847568
575 0.4247381697304122
576 0.4247351419922137
577 0.4247320844836562
578 0.4247289960443503
579 0.4247258754958176
580 0.4247227216360374
581 0.4247195332352109
582 0.424716309032464
583 0.4247130477332553
584 0.4247097480073022
585 0.4247064084868623
586 0.4247030277652397
587 0.4246996043954027
588 0.4246961368886219
589 0.4246926237130526
590 0.4246890632922019
591 0.4246854540032343
592 0.4246817941750844
593 0.4246780820863563
594 0.4246743159629964
595 0.4246704939757394
596 0.4246666142373281
597 0.4246626747995104
598 0.4246586736498205
599 0.4246546087081428
600 0.4246504778230568
601 0.42464627876795
602 0.4246420092368809
603 0.4246376668401627
604 0.4246332490996336
605 0.4246287534435686
606 0.4246241772011874
607 0.4246195175967064
608 0.424614771742887
609 0.4246099366340323
610 0.4246050091383908
611 0.4245999859899295
612 0.4245948637794507
613 0.4245896389450236
614 0.424584307761712
615 0.4245788663305754
616 0.4245733105669169
617 0.4245676361877383
618 0.4245618386983494
619 0.4245559133780528
620 0.4245498552647984
621 0.4245436591386683
622 0.4245373195040166
623 0.4245308305700458
624 0.424524186229562
625 0.4245173800356059
626 0.4245104051756057
627 0.424503254442648
628 0.4244959202033921
629 0.4244883943620716
630 0.4244806683199043
631 0.424472732929068
632 0.4244645784401545
633 0.424456194441664
634 0.4244475697895993
635 0.4244386925245032
636 0.4244295497722774
637 0.4244201276237156
638 0.4244104109857552
639 0.4244003833948216
640 0.4243900267790942
641 0.4243793211517989
642 0.424368244211403
643 0.4243567708164802
644 0.4243448722925778
645 0.424332515515184
646 0.4243196616963117
647 0.4243062647818124
648 0.4242922693417729
649 0.4242776078069018
650 0.4242621968694504
651 0.4242459328280472
652 0.4242286856123222
653 0.4242102911764006
654 0.424190541901924
655 0.4241691746037412
656 0.4241458556882053
657 0.4241201629795747
658 0.4240915637098229
659 0.4240593881676512
660 0.4240227985309415
661 0.4239807524710885
662 0.4239319612254629
663 0.4238748419931086
664 0.423807464724817
665 0.4237274936561223
666 0.4236321242716432
667 0.4235180167888381
668 0.4233812277010783
669 0.4232171414109345
670 0.423020404495683
671 0.4227848656531702
672 0.4225035248465616
673 0.4221684955655727
674 0.4217709844107218
675 0.4213012923459521
676 0.4207488419150757
677 0.4201022344447725
678 0.4193493407349448
679 0.4184774279506236
680 0.4174733243768638
681 0.4163236223940012
682 0.4150149185080498
683 0.4135340875810173
684 0.4118685866171211
685 0.410006781657091
686 0.4079382896092439
687 0.4056543253045403
688 0.4031480428055864
689 0.400414859122372
690 0.3974527480730713
691 0.3942624921392442
692 0.3908478808383705
693 0.3872158453799953
694 0.3833765211593955
695 0.3793432319162165
696 0.3751323920554368
697 0.3707633265778105
698 0.3662580111593191
699 0.3616407380039189
700 0.356937716016808
701 0.3521766164578921
702 0.3473860774032424
703 0.3425951819554101
704 0.3378329261209109
705 0.3331276925693845
706 0.3285067460957155
707 0.3239957655531353
708 0.3196184253763693
709 0.3153960376639238
710 0.31134726325603
711 0.3074878974638632
712 0.30383073321802
713 0.3003855015501262
714 0.2971588866317211
715 0.2941546101836308
716 0.2913735780294006
717 0.2888140799647612
718 0.2864720329907563
719 0.2843412573226932
720 0.2824137744262681
721 0.2806801166091423
722 0.2791296383555509
723 0.2777508205643583
724 0.2765315600602607
725 0.2754594381134141
726 0.2745219631461908
727 0.2737067842543375
728 0.2730018735598407
729 0.2723956766918582
730 0.2718772318202848
731 0.2714362586169439
732 0.2710632192775889
733 0.2707493543008163
734 0.2704866960943617
735 0.2702680636796992
736 0.270087041812827
737 0.2699379477567853
738 0.2698157887558729
739 0.2697162129989091
740 0.2696354565442073
741 0.2695702883348909
742 0.2695179550794644
743 0.2694761274254195
744 0.269442848525808
745 0.2694164857993717
746 0.269395686420037
747 0.2693793368445579
748 0.2693665264987032
749 0.2693565155915884
750 0.2693487069121199
751 0.2693426213775907
752 0.2693378770482058
753 0.2693341712883814
754 0.2693312657416987
755 0.2693289737872523
756 0.2693271501570171
757 0.269325682413433
758 0.2693244840108714
759 0.2693234886917334
760 0.2693226459958893
761 0.2693219176897307
762 0.2693212749473989
763 0.2693206961412353
764 0.2693201651209042
765 0.269319669880821
766 0.269319201533503
767 0.2693187535222488
768 0.2693183210201741
769 0.2693179004741156
770 0.2693174892612542
771 0.2693170854336102
772 0.2693166875309722
773 0.2693162944466577
774 0.2693159053331659
775 0.2693155195367522
776 0.2693151365516532
777 0.2693147559864157
778 0.2693143775366752
779 0.2693140009607046
780 0.2693136260559777
781 0.269313252636649
782 0.2693128805131322
783 0.2693125094757641
784 0.2693121392848599
785 0.2693117696692297
786 0.2693114003343492
787 0.2693110309798329
788 0.2693106613237607
789 0.2693102911291713
790 0.2693099202263912
791 0.2693095485246211
792 0.2693091760079491
793 0.2693088027146667
794 0.2693084287035517
795 0.2693080540151031
796 0.2693076786378792
797 0.2693073024889935
798 0.269306925413608
799 0.2693065472023894
800 0.2693061676206404
801 0.2693057864402384
802 0.2693054034664113
803 0.269305018554798
804 0.2693046316179639
805 0.269304242622322
806 0.2693038515754604
807 0.2693034585016256
808 0.2693030634026354
809 0.269302666205637
810 0.2693022667081418
811 0.2693018645410273
812 0.2693014591749535
813 0.2693010499884175
814 0.2693006363946815
815 0.2693002179961264
816 0.2692997947113318
817 0.2692993668169419
818 0.2692989348708179
819 0.2692984995293494
820 0.2692980613208047
821 0.2692976204633313
822 0.2692971768028662
823 0.269296729893259
824 0.2692962791707112
825 0.2692958241240851
826 0.2692953643655411
827 0.2692948995703264
828 0.269294429347259
829 0.2692939531590753
830 0.2692934703858645
831 0.2692929805350314
832 0.2692924835303202
833 0.2692919800017676
834 0.2692914714402698
835 0.2692909598400864
836 0.2692904462927437
837 0.2692899287675472
838 0.2692894014417796
839 0.2692888592606939
840 0.2692883070280049
841 0.26928776103421
842 0.2692872261867165
843 0.2692866576641882
844 0.2692859724537115
845 0.2692851854370764
846 0.2692845862886045
847 0.2692845944630221
848 0.2692849767024046
849 0.2692840515028398
850 0.2692798526898842
851 0.2692744586729516
852 0.2692772874565953
853 0.269296916055621
854 0.2693178079924198
855 0.2692885545548046
856 0.2691754136784976
857 0.2690840505379034
858 0.2692874617592889
859 0.2698943309453935
860 0.2702280519219899
861 0.2688679018965709
862 0.2656814640622813
863 0.2647623599791779
864 0.2730462443819329
865 0.2897228934718851
866 0.2884569938425487
867 0.2336349209811668
868 0.1642960563939359
869 0.1333415622742264
870 0.1263304436881048
871 0.1251939658650539
872 0.1250276288556073
873 0.1250039203078835
874 0.1250005559731326
875 0.125000078839744
876 0.1250000111797175
877 0.1250000015853235
878 0.1250000002248046
879 0.1250000000318781
880 0.1250000000045204
881 0.125000000000641
882 0.1250000000000909
883 0.1250000000000129
884 0.1250000000000018
885 0.1250000000000002
886 0.125
887 0.125
888 0.125
889 0.125
890 0.125
891 0.125
892 0.125
893 0.125
894 0.125
895 0.125
896 0.125
897 0.125
898 0.125
899 0.125
900 0.125
901 0.125
902 0.125
903 0.125
904 0.125
905 0.125
906 0.125
907 0.125
908 0.125
909 0.125
910 0.125
911 0.125
912 0.125
913 0.125
914 0.125
915 0.125
916 0.125
917 0.125
918 0.125
919 0.125
920 0.125
921 0.125
922 0.125
923 0.125
924 0.125
925 0.125
926 0.125
927 0.125
928 0.125
929 0.125
930 0.125
931 0.125
932 0.125
933 0.125
934 0.125
935 0.125
936 0.125
937 0.125
938 0.125
939 0.125
940 0.125
941 0.125
942 0.125
943 0.125
944 0.125
945 0.125
946 0.125
947 0.125
948 0.125
949 0.125
950 0.125
951 0.125
952 0.125
953 0.125
954 0.125
955 0.125
956 0.125
957 0.125
958 0.125
959 0.125
960 0.125
961 0.125
962 0.125
963 0.125
964 0.125
965 0.125
966 0.125
967 0.125
968 0.125
969 0.125
970 0.125
971 0.125
972 0.125
973 0.125
974 0.125
975 0.125
976 0.125
977 0.125
978 0.125
979 0.125
980 0.125
981 0.125
982 0.125
983 0.125
984 0.125
985 0.125
986 0.125
987 0.125
988 0.125
989 0.125
990 0.125
991 0.125
992 0.125
993 0.125
994 0.125
995 0.125
996 0.125
997 0.125
998 0.125
999 0.125
1000 0.125
1001 0.125
1002 0.125
1003 0.125
1004 0.125
1005 0.125
1006 0.125
1007 0.125
1008 0.125
1009 0.125
1010 0.125
1011 0.125
1012 0.125
1013 0.125
1014 0.125
1015 0.125
1016 0.125
1017 0.125
1018 0.125
1019 0.125
1020 0.125
1021 0.125
1022 0.125
1023 0.125
