0 0
1 0
2 0
3 0
4 0
5 0
6 0
7 0
8 0
9 0
10 0
11 0
12 0
13 0
14 0
15 0
16 0
17 0
18 0
19 0
20 0
21 0
22 0
23 0
24 0
25 0
26 0
27 0
28 0
29 0
30 0
31 0
32 0
33 0
34 0
35 0
36 0
37 0
38 0
39 0
40 0
41 0
42 0
43 0
44 0
45 0
46 0
47 0
48 0
49 0
50 0
51 0
52 0
53 0
54 0
55 0
56 0
57 0
58 0
59 0
60 0
61 0
62 0
63 0
64 0
65 0
66 0
67 0
68 0
69 0
70 0
71 0
72 0
73 0
74 0
75 0
76 0
77 0
78 0
79 0
80 0
81 0
82 0
83 0
84 0
85 0
86 0
87 0
88 0
89 0
90 0
91 0
92 0
93 0
94 0
95 0
96 0
97 0
98 0
99 0
100 0
101 0
102 0
103 0
104 0
105 0
106 0
107 0
108 0
109 0
110 0
111 0
112 0
113 0
114 0
115 0
116 0
117 0
118 0
119 0
120 0
121 0
122 0
123 0
124 0
125 0
126 0
127 0
128 0
129 0
130 0
131 0
132 0
133 0
134 0
135 0
136 0
137 0
138 0
139 0
140 0
141 0
142 0
143 0
144 0
145 0
146 0
147 0
148 0
149 0
150 0
151 0
152 0
153 0
154 0
155 0
156 0
157 0
158 0
159 0
160 0
161 0
162 0
163 0
164 0
165 0
166 0
167 0
168 0
169 0
170 0
171 0
172 0
173 0
174 0
175 0
176 0
177 0
178 0
179 0
180 0
181 0
182 0
183 0
184 0
185 0
186 0
187 0
188 0
189 0
190 0
191 0
192 0
193 0
194 0
195 0
196 0
197 0
198 0
199 0
200 0
201 0
202 0
203 0
204 0
205 0
206 0
207 0
208 0
209 0
210 0
211 0
212 0
213 2.01929480794462e-16
214 1.243239561158158e-15
215 4.150382455929991e-15
216 1.080695682908564e-14
217 2.355845578572509e-14
218 5.463483110506957e-14
219 1.059984971983445e-13
220 2.355383503572548e-13
221 4.462333036066786e-13
222 9.557963158085525e-13
223 1.79069933173252e-12
224 3.75804831123647e-12
225 6.966654649227886e-12
226 1.438407210220723e-11
227 2.637166143022194e-11
228 5.357628110795838e-11
229 9.712628645158915e-11
230 1.940723919374704e-10
231 3.477707294470933e-10
232 6.832373623312683e-10
233 1.209792003992352e-09
234 2.335938984573813e-09
235 4.085425707083181e-09
236 7.749305282080643e-09
237 1.33809889385515e-08
238 2.492152580372514e-08
239 4.246623421485431e-08
240 7.761704579171347e-08
241 1.304497933145475e-07
242 2.338441312224622e-07
243 3.874173130252774e-07
244 6.806863963628657e-07
245 1.110928123182441e-06
246 1.911707405063777e-06
247 3.071368503695554e-06
248 5.17223086892996e-06
249 8.173407177992684e-06
250 1.345721944103271e-05
251 2.089714955916732e-05
252 3.360348834618181e-05
253 5.122144430182308e-05
254 8.034638351605383e-05
255 0.0001200670299516831
256 0.0001834647546089478
257 0.0002683906722898679
258 0.0003988704342237579
259 0.0005702667641291924
260 0.0008228838639869706
261 0.001147638560998113
262 0.001605116159886907
263 0.002179382111809389
264 0.002949803225418179
265 0.003891805376389263
266 0.005092083272647219
267 0.006518067533144311
268 0.008242285684437323
269 0.01022839531679594
270 0.01251220531601497
271 0.0150594828311094
272 0.01786103577448511
273 0.02088746984171503
274 0.02409883541779785
275 0.02746803759271411
276 0.03095077836761763
277 0.03451961563053235
278 0.03814385963980345
279 0.0417989289379503
280 0.04546848437602814
281 0.04913666507800874
282 0.05279458365465046
283 0.05643574714180272
284 0.06005508499948665
285 0.06365083982632416
286 0.06722114794171562
287 0.07076536705530979
288 0.07428341444293944
289 0.07777518150843715
290 0.08124078347545917
291 0.08468055897727565
292 0.08809456034579326
293 0.09148310455696598
294 0.09484634313222154
295 0.09818447712962788
296 0.1014976479081689
297 0.104786059033091
298 0.1080498036246695
299 0.1112890661398644
300 0.1145039478645187
301 0.1176945997657788
302 0.1208611240077842
303 0.1240036643476287
304 0.1271223167823595
305 0.1302172159228663
306 0.1332884613421283
307 0.1363361777754315
308 0.1393604656173458
309 0.1423614450936495
310 0.1453392166207466
311 0.1482938955606342
312 0.1512255834785373
313 0.1541343919348583
314 0.1570204225387702
315 0.1598837841910531
316 0.1627245785182427
317 0.1655429119638527
318 0.1683388860020807
319 0.1711126052156001
320 0.1738641706323729
321 0.1765936852492568
322 0.1793012495934712
323 0.1819869652913849
324 0.1846509322294763
325 0.1872932508605894
326 0.189914020379373
327 0.192513340177844
328 0.1950913087278864
329 0.1976480244718239
330 0.2001835851396339
331 0.2026980882900365
332 0.2051916309052533
333 0.2076643097056022
334 0.2101162209149898
335 0.2125474604439855
336 0.2149581237576672
337 0.2173483059797205
338 0.2197181018221522
339 0.2220676056445652
340 0.2243969114176362
341 0.2267061127562084
342 0.2289953029015719
343 0.2312645747399026
344 0.2335140207944959
345 0.2357437332368061
346 0.2379538038844099
347 0.2401443242081406
348 0.2423153853325129
349 0.2444670780401486
350 0.2465994927724847
351 0.248712719631972
352 0.2508068483824711
353 0.2528819684505639
354 0.2549381689265317
355 0.2569755385663411
356 0.258994165794043
357 0.2609941387049497
358 0.2629755450690212
359 0.2649384723343068
360 0.2668830076299863
361 0.2688092377688674
362 0.2707172492492219
363 0.2726071282560821
364 0.2744789606621705
365 0.2763328320287007
366 0.278168827606223
367 0.2799870323356254
368 0.2817875308492873
369 0.2835704074723319
370 0.2853357462238997
371 0.2870836308183857
372 0.2888141446666487
373 0.2905273708772528
374 0.292223392257832
375 0.2939022913166637
376 0.2955641502644782
377 0.2972090510164607
378 0.2988370751943154
379 0.3004483041282313
380 0.3020428188585685
381 0.3036207001371501
382 0.3051820284281183
383 0.3067268839084191
384 0.3082553464680561
385 0.3097674957103072
386 0.3112634109520809
387 0.312743171224551
388 0.3142068552741248
389 0.3156545415637146
390 0.3170863082742162
391 0.3185022333060661
392 0.3199023942807483
393 0.3212868685421613
394 0.3226557331577993
395 0.3240090649197601
396 0.3253469403456105
397 0.3266694356791657
398 0.3279766268912157
399 0.3292685896802167
400 0.3305453994729382
401 0.331807131425046
402 0.3330538604216109
403 0.3342856610775469
404 0.3355026077380153
405 0.3367047744788621
406 0.3378922351071673
407 0.3390650631619774
408 0.340223331915274
409 0.3413671143731835
410 0.3424964832773927
411 0.3436115111066925
412 0.3447122700785468
413 0.3457988321505899
414 0.3468712690219681
415 0.3479296521344918
416 0.3489740526735913
417 0.3500045415691336
418 0.3510211894961693
419 0.3520240668756996
420 0.3530132438755496
421 0.3539887904114091
422 0.3549507761480831
423 0.3558992705009608
424 0.3568343426377026
425 0.3577560614801235
426 0.3586644957062611
427 0.3595597137526205
428 0.360441783816595
429 0.3613107738590742
430 0.362166751607251
431 0.3630097845576449
432 0.3638399399793433
433 0.3646572849174706
434 0.3654618861968882
435 0.3662538104261374
436 0.3670331240016496
437 0.3677998931122694
438 0.3685541837441589
439 0.3692960616861705
440 0.3700255925357934
441 0.3707428417057799
442 0.3714478744315616
443 0.3721407557795449
444 0.3728215506563684
445 0.3734903238191792
446 0.3741471398869786
447 0.374792063353079
448 0.3754251585987235
449 0.3760464899079297
450 0.3766561214836496
451 0.3772541174653573
452 0.3778405419482185
453 0.3784154590040165
454 0.3789789327040376
455 0.3795310271441453
456 0.3800718064722834
457 0.3806013349186684
458 0.3811196768289398
459 0.3816268967005576
460 0.3821230592227453
461 0.3826082293202983
462 0.3830824722015958
463 0.3835458534111787
464 0.3839984388872725
465 0.3844402950246584
466 0.3848714887433172
467 0.3852920875632836
468 0.3857021596861715
469 0.3861017740838413
470 0.3864910005946975
471 0.3868699100281172
472 0.3872385742775157
473 0.3875970664425594
474 0.3879454609610312
475 0.3882838337508326
476 0.388612262362571
477 0.3889308261431222
478 0.3892396064104804
479 0.3895386866400923
480 0.3898281526627317
481 0.3901080928737949
482 0.3903785984536807
483 0.3906397635986654
484 0.3908916857613885
485 0.3911344658997243
486 0.3913682087324285
487 0.391593022999522
488 0.3918090217248987
489 0.3920163224781298
490 0.3922150476319007
491 0.3924053246109409
492 0.3925872861277476
493 0.3927610703998539
494 0.3929268213428897
495 0.3930846887332657
496 0.393234828334015
497 0.3933774019771879
498 0.393512577596282
499 0.3936405292025169
500 0.3937614367993975
501 0.393875486230968
502 0.3939828689604655
503 0.3940837817777247
504 0.3941784264356489
505 0.3942670092182556
506 0.3943497404451646
507 0.3944268339197541
508 0.3944985063304291
509 0.3945649766163088
510 0.3946264653099799
511 0.394683193870575
512 0.3947353840201898
513 0.394783257095459
514 0.3948270334239961
515 0.3948669317324565
516 0.3949031685894575
517 0.3949359578827989
518 0.394965510326793
519 0.3949920329924551
520 0.3950157288512678
521 0.3950367963225248
522 0.395055428815082
523 0.3950718142567102
524 0.3950861346079509
525 0.3950985653620356
526 0.3951092750375311
527 0.3951184246752824
528 0.3951261673553504
529 0.3951326477524663
530 0.3951380017496756
531 0.3951423561291856
532 0.3951458283569963
533 0.3951485264739893
534 0.3951505491011431
535 0.3951519855609859
536 0.3951529161118011
537 0.3951534122859456
538 0.3951535373193488
539 0.3951533466560552
540 0.3951528885097306
541 0.3951522044633237
542 0.3951513300884966
543 0.3951502955677764
544 0.3951491263044395
545 0.3951478435076481
546 0.3951464647430824
547 0.3951450044420506
548 0.3951434743646415
549 0.3951418840147833
550 0.3951402410070344
551 0.3951385513864936
552 0.3951368199044082
553 0.3951350502528732
554 0.3951332452625217
555 0.3951314070673316
556 0.395129537240693
557 0.3951276369067272
558 0.3951257068305834
559 0.3951237474911048
560 0.3951217591388778
561 0.3951197418422895
562 0.3951176955238485
563 0.3951156199886603
564 0.39511351494664
565 0.3951113800297499
566 0.3951092148053124
567 0.3951070187862356
568 0.3951047914388168
569 0.3951025321886488
570 0.3951002404250349
571 0.3950979155042296
572 0.3950955567517504
573 0.3950931634639489
574 0.3950907349089859
575 0.3950882703273244
576 0.3950857689318302
577 0.3950832299075485
578 0.3950806524112159
579 0.3950780355705527
580 0.395075378483375
581 0.3950726802165564
582 0.3950699398048666
583 0.3950671562497056
584 0.3950643285177475
585 0.3950614555395039
586 0.3950585362078098
587 0.39505556937623
588 0.3950525538573853
589 0.395049488421184
590 0.3950463717929529
591 0.3950432026514507
592 0.395039979626755
593 0.3950367012980049
594 0.3950333661909893
595 0.395029972775567
596 0.3950265194629098
597 0.3950230046025565
598 0.3950194264792698
599 0.3950157833096885
600 0.3950120732387645
601 0.395008294335976
602 0.3950044445913051
603 0.3950005219109686
604 0.3949965241128839
605 0.3949924489218538
606 0.3949882939644453
607 0.3949840567635375
608 0.3949797347325069
609 0.3949753251690135
610 0.3949708252483481
611 0.3949662320162934
612 0.3949615423814506
613 0.3949567531069725
614 0.3949518608016449
615 0.3949468619102476
616 0.3949417527031283
617 0.3949365292649064
618 0.3949311874822264
619 0.3949257230304672
620 0.3949201313593042
621 0.3949144076770084
622 0.3949085469333508
623 0.3949025438009566
624 0.3948963926549315
625 0.3948900875505466
626 0.3948836221987213
627 0.3948769899389943
628 0.3948701837095911
629 0.3948631960141041
630 0.3948560188841616
631 0.3948486438372872
632 0.3948410618288917
633 0.3948332631969969
634 0.3948252375978039
635 0.3948169739295381
636 0.394808460241075
637 0.3947996836205432
638 0.3947906300573331
639 0.3947812842685116
640 0.3947716294773828
641 0.3947616471275644
642 0.3947513165102019
643 0.3947406142744119
644 0.3947295137813774
645 0.3947179842502014
646 0.3947059896282163
647 0.3946934870994424
648 0.3946804251218397
649 0.3946667408565704
650 0.3946523568204867
651 0.3946371765565875
652 0.3946210790766793
653 0.3946039117869196
654 0.3945854815618613
655 0.3945655435884047
656 0.3945437875608891
657 0.3945198207765447
658 0.3944931476617717
659 0.394463145260213
660 0.3944290342400927
661 0.3943898450380532
662 0.3943443788570546
663 0.3942911633836844
664 0.3942284032912106
665 0.3941539258527439
666 0.3940651223050236
667 0.3939588859750542
668 0.3938315486020845
669 0.3936788167440811
670 0.3934957106332335
671 0.3932765083157718
672 0.3930146983488892
673 0.3927029446987444
674 0.3923330677522815
675 0.3918960454847412
676 0.3913820387783619
677 0.3907804446341447
678 0.3900799805331202
679 0.3892688024719237
680 0.3883346582182597
681 0.3872650761188144
682 0.3860475883758622
683 0.3846699861367233
684 0.3831206020762416
685 0.3813886144744793
686 0.3794643651885539
687 0.3773396824836014
688 0.3750081985183175
689 0.3724656504645578
690 0.369710153854954
691 0.3667424368557762
692 0.3635660247889015
693 0.3601873653833705
694 0.3566158868999725
695 0.3528639833872796
696 0.3489469238112663
697 0.344882684544721
698 0.3406917075793561
699 0.3363965896930629
700 0.3320217105236915
701 0.3275928099307523
702 0.323136527043007
703 0.3186799148901305
704 0.3142499454255338
705 0.309873020022691
706 0.3055745001613474
707 0.3013782720401521
708 0.2973063573184383
709 0.2933785801900766
710 0.2896122986366933
711 0.2860222051208992
712 0.2826201992942201
713 0.2794153326395786
714 0.2764138224661952
715 0.273619130432083
716 0.2710320988719906
717 0.268651136718799
718 0.2664724457605311
719 0.2644902773840758
720 0.2626972098072516
721 0.2610844360585765
722 0.2596420535775347
723 0.2583593472131861
724 0.2572250585239009
725 0.2562276355512554
726 0.2553554585837053
727 0.2545970387729478
728 0.253941187758686
729 0.2533771576470583
730 0.2528947517372779
731 0.2524844072749876
732 0.252137252216096
733 0.2518451385085706
734 0.2516006547480789
735 0.251397121250064
736 0.2512285706247631
737 0.2510897168652836
738 0.2509759157863357
739 0.2508831194069152
740 0.2508078265773963
741 0.2507470318312468
742 0.2506981741123002
743 0.2506590867053796
744 0.250627949392961
745 0.2506032435821029
746 0.2505837108997037
747 0.2505683155432363
748 0.2505562104991916
749 0.2505467076015085
750 0.2505392512949021
751 0.2505333958899608
752 0.2505287860443609
753 0.2505251401735421
754 0.2505222364807079
755 0.250519901296315
756 0.2505179994278727
757 0.2505164262388946
758 0.2505151011986816
759 0.2505139626701661
760 0.2505129637296308
761 0.2505120688384658
762 0.2505112512122711
763 0.2505104907559371
764 0.2505097724544156
765 0.2505090851275492
766 0.2505084204735181
767 0.2505077723392952
768 0.2505071361681523
769 0.250506508584001
770 0.250505887080444
771 0.2505052697891466
772 0.2505046553077329
773 0.2505040425720555
774 0.2505034307614912
775 0.250502819228958
776 0.2505022074496788
777 0.2505015949843941
778 0.2505009814538485
779 0.2505003665220533
780 0.2504997498862047
781 0.2504991312713407
782 0.2504985104279502
783 0.2504978871308814
784 0.2504972611780846
785 0.2504966323880039
786 0.2504960005948581
787 0.2504953656416362
788 0.2504947273713601
789 0.2504940856179
790 0.2504934401981836
791 0.2504927909077546
792 0.2504921375211486
793 0.2504914797974702
794 0.2504908174901178
795 0.2504901503582846
796 0.2504894781771574
797 0.250488800744003
798 0.2504881178785351
799 0.2504874294177111
800 0.2504867352067299
801 0.2504860350888733
802 0.2504853288966886
803 0.2504846164460621
804 0.2504838975336323
805 0.2504831719373803
806 0.2504824394203847
807 0.2504816997382768
808 0.2504809526510274
809 0.2504801979385065
810 0.2504794354166859
811 0.2504786649484178
812 0.2504778864413191
813 0.2504770998273402
814 0.2504763050246496
815 0.2504755018908718
816 0.250474690183694
817 0.250473869546138
818 0.2504730395269671
819 0.2504721996332794
820 0.2504713493978841
821 0.2504704884358849
822 0.2504696164680766
823 0.2504687333028493
824 0.2504678387870206
825 0.2504669327508605
826 0.2504660149771838
827 0.2504650852153895
828 0.2504641432353999
829 0.2504631888738284
830 0.2504622219892804
831 0.2504612422811615
832 0.2504602490961076
833 0.2504592415483422
834 0.2504582191490602
835 0.2504571823568524
836 0.2504561316108203
837 0.2504550643983725
838 0.2504539740217701
839 0.2504528570941536
840 0.2504517293895784
841 0.2504506274569352
842 0.2504495611577117
843 0.2504484320387763
844 0.2504470499281389
845 0.2504454132384558
846 0.2504441057925297
847 0.2504440612080467
848 0.2504449555222314
849 0.2504433746331378
850 0.2504348784605334
851 0.2504229827473245
852 0.2504270776772239
853 0.2504671785124766
854 0.2505150218278817
855 0.2504633458505031
856 0.2502288951846269
857 0.2500116602079189
858 0.2503886034430763
859 0.251662933833755
860 0.2525196430634001
861 0.2499139181306921
862 0.2431672025100431
863 0.2403527573695305
864 0.2566050121536874
865 0.2933322779183454
866 0.2959956012280111
867 0.1897933794964462
868 0.06155722905296652
869 0.01145466360383894
870 0.001733211813794829
871 0.000248520289471624
872 3.529740822593194e-05
873 5.006315268191162e-06
874 7.099147147011122e-07
875 1.006687062374768e-07
876 1.427518152029852e-08
877 2.024266274743575e-09
878 2.870480301425782e-10
879 4.070443953940687e-11
880 5.772006002846997e-12
881 8.18458582901204e-13
882 1.160122726914399e-13
883 1.646249889587354e-14
884 2.336458962593609e-15
885 3.066191223594603e-16
886 2.949372987679239e-17
887 1.349018208140405e-34
888 2.839828842976919e-70
889 2.124833057313124e-143
890 0
891 0
892 0
893 0
894 0
895 0
896 0
897 0
898 0
899 0
900 0
901 0
902 0
903 0
904 0
905 0
906 0
907 0
908 0
909 0
910 0
911 0
912 0
913 0
914 0
915 0
916 0
917 0
918 0
919 0
920 0
921 0
922 0
923 0
924 0
925 0
926 0
927 0
928 0
929 0
930 0
931 0
932 0
933 0
934 0
935 0
936 0
937 0
938 0
939 0
940 0
941 0
942 0
943 0
944 0
945 0
946 0
947 0
948 0
949 0
950 0
951 0
952 0
953 0
954 0
955 0
956 0
957 0
958 0
959 0
960 0
961 0
962 0
963 0
964 0
965 0
966 0
967 0
968 0
969 0
970 0
971 0
972 0
973 0
974 0
975 0
976 0
977 0
978 0
979 0
980 0
981 0
982 0
983 0
984 0
985 0
986 0
987 0
988 0
989 0
990 0
991 0
992 0
993 0
994 0
995 0
996 0
997 0
998 0
999 0
1000 0
1001 0
1002 0
1003 0
1004 0
1005 0
1006 0
1007 0
1008 0
1009 0
1010 0
1011 0
1012 0
1013 0
1014 0
1015 0
1016 0
1017 0
1018 0
1019 0
1020 0
1021 0
1022 0
1023 0
