0 1
1 1
2 1
3 1
4 1
5 1
6 1
7 1
8 1
9 1
10 1
11 1
12 1
13 1
14 1
15 1
16 1
17 1
18 1
19 1
20 1
21 1
22 1
23 1
24 1
25 1
26 1
27 1
28 1
29 1
30 1
31 1
32 1
33 0.125
34 0.125
35 0.125
36 0.125
37 0.125
38 0.125
39 0.125
40 0.125
41 0.125
42 0.125
43 0.125
44 0.125
45 0.125
46 0.125
47 0.125
48 0.125
49 0.125
50 0.125
51 0.125
52 0.125
53 0.125
54 0.125
55 0.125
56 0.125
57 0.125
58 0.125
59 0.125
60 0.125
61 0.125
62 0.125
63 0.125
64 1
65 1
66 1
67 1
68 1
69 1
70 1
71 1
72 1
73 1
74 1
75 1
76 1
77 1
78 1
79 1
80 1
81 1
82 1
83 1
84 1
85 1
86 1
87 1
88 1
89 1
90 1
91 1
92 1
93 1
94 1
95 1
96 1
97 0.125
98 0.125
99 0.125
100 0.125
101 0.125
102 0.125
103 0.125
104 0.125
105 0.125
106 0.125
107 0.125
108 0.125
109 0.125
110 0.125
111 0.125
112 0.125
113 0.125
114 0.125
115 0.125
116 0.125
117 0.125
118 0.125
119 0.125
120 0.125
121 0.125
122 0.125
123 0.125
124 0.125
125 0.125
126 0.125
127 0.125
128 1
129 1
130 1
131 1
132 1
133 1
134 1
135 1
136 1
137 1
138 1
139 1
140 1
141 1
142 1
143 1
144 1
145 1
146 1
147 1
148 1
149 1
150 1
151 1
152 1
153 1
154 1
155 1
156 1
157 1
158 1
159 1
160 1
161 0.125
162 0.125
163 0.125
164 0.125
165 0.125
166 0.125
167 0.125
168 0.125
169 0.125
170 0.125
171 0.125
172 0.125
173 0.125
174 0.125
175 0.125
176 0.125
177 0.125
178 0.125
179 0.125
180 0.125
181 0.125
182 0.125
183 0.125
184 0.125
185 0.125
186 0.125
187 0.125
188 0.125
189 0.125
190 0.125
191 0.125
192 1
193 1
194 1
195 1
196 1
197 1
198 1
199 1
200 1
201 1
202 1
203 1
204 1
205 1
206 1
207 1
208 1
209 1
210 1
211 1
212 1
213 1
214 1
215 1
216 1
217 1
218 1
219 1
220 1
221 1
222 1
223 1
224 1
225 0.125
226 0.125
227 0.125
228 0.125
229 0.125
230 0.125
231 0.125
232 0.125
233 0.125
234 0.125
235 0.125
236 0.125
237 0.125
238 0.125
239 0.125
240 0.125
241 0.125
242 0.125
243 0.125
244 0.125
245 0.125
246 0.125
247 0.125
248 0.125
249 0.125
250 0.125
251 0.125
252 0.125
253 0.125
254 0.125
255 0.125
256 1
257 1
258 1
259 1
260 1
261 1
262 1
263 1
264 1
265 1
266 1
267 1
268 1
269 1
270 1
271 1
272 1
273 1
274 1
275 1
276 1
277 1
278 1
279 1
280 1
281 1
282 1
283 1
284 1
285 1
286 1
287 1
288 1
289 0.125
290 0.125
291 0.125
292 0.125
293 0.125
294 0.125
295 0.125
296 0.125
297 0.125
298 0.125
299 0.125
300 0.125
301 0.125
302 0.125
303 0.125
304 0.125
305 0.125
306 0.125
307 0.125
308 0.125
309 0.125
310 0.125
311 0.125
312 0.125
313 0.125
314 0.125
315 0.125
316 0.125
317 0.125
318 0.125
319 0.125
320 1
321 1
322 1
323 1
324 1
325 1
326 1
327 1
328 1
329 1
330 1
331 1
332 1
333 1
334 1
335 1
336 1
337 1
338 1
339 1
340 1
341 1
342 1
343 1
344 1
345 1
346 1
347 1
348 1
349 1
350 1
351 1
352 1
353 0.125
354 0.125
355 0.125
356 0.125
357 0.125
358 0.125
359 0.125
360 0.125
361 0.125
362 0.125
363 0.125
364 0.125
365 0.125
366 0.125
367 0.125
368 0.125
369 0.125
370 0.125
371 0.125
372 0.125
373 0.125
374 0.125
375 0.125
376 0.125
377 0.125
378 0.125
379 0.125
380 0.125
381 0.125
382 0.125
383 0.125
384 1
385 1
386 1
387 1
388 1
389 1
390 1
391 1
392 1
393 1
394 1
395 1
396 1
397 1
398 1
399 1
400 1
401 1
402 1
403 1
404 1
405 1
406 1
407 1
408 1
409 1
410 1
411 1
412 1
413 1
414 1
415 1
416 1
417 0.125
418 0.125
419 0.125
420 0.125
421 0.125
422 0.125
423 0.125
424 0.125
425 0.125
426 0.125
427 0.125
428 0.125
429 0.125
430 0.125
431 0.125
432 0.125
433 0.125
434 0.125
435 0.125
436 0.125
437 0.125
438 0.125
439 0.125
440 0.125
441 0.125
442 0.125
443 0.125
444 0.125
445 0.125
446 0.125
447 0.125
448 1
449 1
450 1
451 1
452 1
453 1
454 1
455 1
456 1
457 1
458 1
459 1
460 1
461 1
462 1
463 1
464 1
465 1
466 1
467 1
468 1
469 1
470 1
471 1
472 1
473 1
474 1
475 1
476 1
477 1
478 1
479 1
480 1
481 0.125
482 0.125
483 0.125
484 0.125
485 0.125
486 0.125
487 0.125
488 0.125
489 0.125
490 0.125
491 0.125
492 0.125
493 0.125
494 0.125
495 0.125
496 0.125
497 0.125
498 0.125
499 0.125
500 0.125
501 0.125
502 0.125
503 0.125
504 0.125
505 0.125
506 0.125
507 0.125
508 0.125
509 0.125
510 0.125
511 0.125
512 1
513 1
514 1
515 1
516 1
517 1
518 1
519 1
520 1
521 1
522 1
523 1
524 1
525 1
526 1
527 1
528 1
529 1
530 1
531 1
532 1
533 1
534 1
535 1
536 1
537 1
538 1
539 1
540 1
541 1
542 1
543 1
544 1
545 0.125
546 0.125
547 0.125
548 0.125
549 0.125
550 0.125
551 0.125
552 0.125
553 0.125
554 0.125
555 0.125
556 0.125
557 0.125
558 0.125
559 0.125
560 0.125
561 0.125
562 0.125
563 0.125
564 0.125
565 0.125
566 0.125
567 0.125
568 0.125
569 0.125
570 0.125
571 0.125
572 0.125
573 0.125
574 0.125
575 0.125
576 1
577 1
578 1
579 1
580 1
581 1
582 1
583 1
584 1
585 1
586 1
587 1
588 1
589 1
590 1
591 1
592 1
593 1
594 1
595 1
596 1
597 1
598 1
599 1
600 1
601 1
602 1
603 1
604 1
605 1
606 1
607 1
608 1
609 0.125
610 0.125
611 0.125
612 0.125
613 0.125
614 0.125
615 0.125
616 0.125
617 0.125
618 0.125
619 0.125
620 0.125
621 0.125
622 0.125
623 0.125
624 0.125
625 0.125
626 0.125
627 0.125
628 0.125
629 0.125
630 0.125
631 0.125
632 0.125
633 0.125
634 0.125
635 0.125
636 0.125
637 0.125
638 0.125
639 0.125
640 1
641 1
642 1
643 1
644 1
645 1
646 1
647 1
648 1
649 1
650 1
651 1
652 1
653 1
654 1
655 1
656 1
657 1
658 1
659 1
660 1
661 1
662 1
663 1
664 1
665 1
666 1
667 1
668 1
669 1
670 1
671 1
672 1
673 0.125
674 0.125
675 0.125
676 0.125
677 0.125
678 0.125
679 0.125
680 0.125
681 0.125
682 0.125
683 0.125
684 0.125
685 0.125
686 0.125
687 0.125
688 0.125
689 0.125
690 0.125
691 0.125
692 0.125
693 0.125
694 0.125
695 0.125
696 0.125
697 0.125
698 0.125
699 0.125
700 0.125
701 0.125
702 0.125
703 0.125
704 1
705 1
706 1
707 1
708 1
709 1
710 1
711 1
712 1
713 1
714 1
715 1
716 1
717 1
718 1
719 1
720 1
721 1
722 1
723 1
724 1
725 1
726 1
727 1
728 1
729 1
730 1
731 1
732 1
733 1
734 1
735 1
736 1
737 0.125
738 0.125
739 0.125
740 0.125
741 0.125
742 0.125
743 0.125
744 0.125
745 0.125
746 0.125
747 0.125
748 0.125
749 0.125
750 0.125
751 0.125
752 0.125
753 0.125
754 0.125
755 0.125
756 0.125
757 0.125
758 0.125
759 0.125
760 0.125
761 0.125
762 0.125
763 0.125
764 0.125
765 0.125
766 0.125
767 0.125
768 1
769 1
770 1
771 1
772 1
773 1
774 1
775 1
776 1
777 1
778 1
779 1
780 1
781 1
782 1
783 1
784 1
785 1
786 1
787 1
788 1
789 1
790 1
791 1
792 1
793 1
794 1
795 1
796 1
797 1
798 1
799 1
800 1
801 0.125
802 0.125
803 0.125
804 0.125
805 0.125
806 0.125
807 0.125
808 0.125
809 0.125
810 0.125
811 0.125
812 0.125
813 0.125
814 0.125
815 0.125
816 0.125
817 0.125
818 0.125
819 0.125
820 0.125
821 0.125
822 0.125
823 0.125
824 0.125
825 0.125
826 0.125
827 0.125
828 0.125
829 0.125
830 0.125
831 0.125
832 1
833 1
834 1
835 1
836 1
837 1
838 1
839 1
840 1
841 1
842 1
843 1
844 1
845 1
846 1
847 1
848 1
849 1
850 1
851 1
852 1
853 1
854 1
855 1
856 1
857 1
858 1
859 1
860 1
861 1
862 1
863 1
864 1
865 0.125
866 0.125
867 0.125
868 0.125
869 0.125
870 0.125
871 0.125
872 0.125
873 0.125
874 0.125
875 0.125
876 0.125
877 0.125
878 0.125
879 0.125
880 0.125
881 0.125
882 0.125
883 0.125
884 0.125
885 0.125
886 0.125
887 0.125
888 0.125
889 0.125
890 0.125
891 0.125
892 0.125
893 0.125
894 0.125
895 0.125
896 1
897 1
898 1
899 1
900 1
901 1
902 1
903 1
904 1
905 1
906 1
907 1
908 1
909 1
910 1
911 1
912 1
913 1
914 1
915 1
916 1
917 1
918 1
919 1
920 1
921 1
922 1
923 1
924 1
925 1
926 1
927 1
928 1
929 0.125
930 0.125
931 0.125
932 0.125
933 0.125
934 0.125
935 0.125
936 0.125
937 0.125
938 0.125
939 0.125
940 0.125
941 0.125
942 0.125
943 0.125
944 0.125
945 0.125
946 0.125
947 0.125
948 0.125
949 0.125
950 0.125
951 0.125
952 0.125
953 0.125
954 0.125
955 0.125
956 0.125
957 0.125
958 0.125
959 0.125
960 1
961 1
962 1
963 1
964 1
965 1
966 1
967 1
968 1
969 1
970 1
971 1
972 1
973 1
974 1
975 1
976 1
977 1
978 1
979 1
980 1
981 1
982 1
983 1
984 1
985 1
986 1
987 1
988 1
989 1
990 1
991 1
992 1
993 0.125
994 0.125
995 0.125
996 0.125
997 0.125
998 0.125
999 0.125
1000 0.125
1001 0.125
1002 0.125
1003 0.125
1004 0.125
1005 0.125
1006 0.125
1007 0.125
1008 0.125
1009 0.125
1010 0.125
1011 0.125
1012 0.125
1013 0.125
1014 0.125
1015 0.125
1016 0.125
1017 0.125
1018 0.125
1019 0.125
1020 0.125
1021 0.125
1022 0.125
1023 0.125
1024 1
1025 1
1026 1
1027 1
1028 1
1029 1
1030 1
1031 1
1032 1
1033 1
1034 1
1035 1
1036 1
1037 1
1038 1
1039 1
1040 1
1041 1
1042 1
1043 1
1044 1
1045 1
1046 1
1047 1
1048 1
1049 1
1050 1
1051 1
1052 1
1053 1
1054 1
1055 1
1056 1
1057 0.125
1058 0.125
1059 0.125
1060 0.125
1061 0.125
1062 0.125
1063 0.125
1064 0.125
1065 0.125
1066 0.125
1067 0.125
1068 0.125
1069 0.125
1070 0.125
1071 0.125
1072 0.125
1073 0.125
1074 0.125
1075 0.125
1076 0.125
1077 0.125
1078 0.125
1079 0.125
1080 0.125
1081 0.125
1082 0.125
1083 0.125
1084 0.125
1085 0.125
1086 0.125
1087 0.125
1088 1
1089 1
1090 1
1091 1
1092 1
1093 1
1094 1
1095 1
1096 1
1097 1
1098 1
1099 1
1100 1
1101 1
1102 1
1103 1
1104 1
1105 1
1106 1
1107 1
1108 1
1109 1
1110 1
1111 1
1112 1
1113 1
1114 1
1115 1
1116 1
1117 1
1118 1
1119 1
1120 1
1121 0.125
1122 0.125
1123 0.125
1124 0.125
1125 0.125
1126 0.125
1127 0.125
1128 0.125
1129 0.125
1130 0.125
1131 0.125
1132 0.125
1133 0.125
1134 0.125
1135 0.125
1136 0.125
1137 0.125
1138 0.125
1139 0.125
1140 0.125
1141 0.125
1142 0.125
1143 0.125
1144 0.125
1145 0.125
1146 0.125
1147 0.125
1148 0.125
1149 0.125
1150 0.125
1151 0.125
1152 1
1153 1
1154 1
1155 1
1156 1
1157 1
1158 1
1159 1
1160 1
1161 1
1162 1
1163 1
1164 1
1165 1
1166 1
1167 1
1168 1
1169 1
1170 1
1171 1
1172 1
1173 1
1174 1
1175 1
1176 1
1177 1
1178 1
1179 1
1180 1
1181 1
1182 1
1183 1
1184 1
1185 0.125
1186 0.125
1187 0.125
1188 0.125
1189 0.125
1190 0.125
1191 0.125
1192 0.125
1193 0.125
1194 0.125
1195 0.125
1196 0.125
1197 0.125
1198 0.125
1199 0.125
1200 0.125
1201 0.125
1202 0.125
1203 0.125
1204 0.125
1205 0.125
1206 0.125
1207 0.125
1208 0.125
1209 0.125
1210 0.125
1211 0.125
1212 0.125
1213 0.125
1214 0.125
1215 0.125
1216 1
1217 1
1218 1
1219 1
1220 1
1221 1
1222 1
1223 1
1224 1
1225 1
1226 1
1227 1
1228 1
1229 1
1230 1
1231 1
1232 1
1233 1
1234 1
1235 1
1236 1
1237 1
1238 1
1239 1
1240 1
1241 1
1242 1
1243 1
1244 1
1245 1
1246 1
1247 1
1248 1
1249 0.125
1250 0.125
1251 0.125
1252 0.125
1253 0.125
1254 0.125
1255 0.125
1256 0.125
1257 0.125
1258 0.125
1259 0.125
1260 0.125
1261 0.125
1262 0.125
1263 0.125
1264 0.125
1265 0.125
1266 0.125
1267 0.125
1268 0.125
1269 0.125
1270 0.125
1271 0.125
1272 0.125
1273 0.125
1274 0.125
1275 0.125
1276 0.125
1277 0.125
1278 0.125
1279 0.125
1280 1
1281 1
1282 1
1283 1
1284 1
1285 1
1286 1
1287 1
1288 1
1289 1
1290 1
1291 1
1292 1
1293 1
1294 1
1295 1
1296 1
1297 1
1298 1
1299 1
1300 1
1301 1
1302 1
1303 1
1304 1
1305 1
1306 1
1307 1
1308 1
1309 1
1310 1
1311 1
1312 1
1313 0.125
1314 0.125
1315 0.125
1316 0.125
1317 0.125
1318 0.125
1319 0.125
1320 0.125
1321 0.125
1322 0.125
1323 0.125
1324 0.125
1325 0.125
1326 0.125
1327 0.125
1328 0.125
1329 0.125
1330 0.125
1331 0.125
1332 0.125
1333 0.125
1334 0.125
1335 0.125
1336 0.125
1337 0.125
1338 0.125
1339 0.125
1340 0.125
1341 0.125
1342 0.125
1343 0.125
1344 1
1345 1
1346 1
1347 1
1348 1
1349 1
1350 1
1351 1
1352 1
1353 1
1354 1
1355 1
1356 1
1357 1
1358 1
1359 1
1360 1
1361 1
1362 1
1363 1
1364 1
1365 1
1366 1
1367 1
1368 1
1369 1
1370 1
1371 1
1372 1
1373 1
1374 1
1375 1
1376 1
1377 0.125
1378 0.125
1379 0.125
1380 0.125
1381 0.125
1382 0.125
1383 0.125
1384 0.125
1385 0.125
1386 0.125
1387 0.125
1388 0.125
1389 0.125
1390 0.125
1391 0.125
1392 0.125
1393 0.125
1394 0.125
1395 0.125
1396 0.125
1397 0.125
1398 0.125
1399 0.125
1400 0.125
1401 0.125
1402 0.125
1403 0.125
1404 0.125
1405 0.125
1406 0.125
1407 0.125
1408 1
1409 1
1410 1
1411 1
1412 1
1413 1
1414 1
1415 1
1416 1
1417 1
1418 1
1419 1
1420 1
1421 1
1422 1
1423 1
1424 1
1425 1
1426 1
1427 1
1428 1
1429 1
1430 1
1431 1
1432 1
1433 1
1434 1
1435 1
1436 1
1437 1
1438 1
1439 1
1440 1
1441 0.125
1442 0.125
1443 0.125
1444 0.125
1445 0.125
1446 0.125
1447 0.125
1448 0.125
1449 0.125
1450 0.125
1451 0.125
1452 0.125
1453 0.125
1454 0.125
1455 0.125
1456 0.125
1457 0.125
1458 0.125
1459 0.125
1460 0.125
1461 0.125
1462 0.125
1463 0.125
1464 0.125
1465 0.125
1466 0.125
1467 0.125
1468 0.125
1469 0.125
1470 0.125
1471 0.125
1472 1
1473 1
1474 1
1475 1
1476 1
1477 1
1478 1
1479 1
1480 1
1481 1
1482 1
1483 1
1484 1
1485 1
1486 1
1487 1
1488 1
1489 1
1490 1
1491 1
1492 1
1493 1
1494 1
1495 1
1496 1
1497 1
1498 1
1499 1
1500 1
1501 1
1502 1
1503 1
1504 1
1505 0.125
1506 0.125
1507 0.125
1508 0.125
1509 0.125
1510 0.125
1511 0.125
1512 0.125
1513 0.125
1514 0.125
1515 0.125
1516 0.125
1517 0.125
1518 0.125
1519 0.125
1520 0.125
1521 0.125
1522 0.125
1523 0.125
1524 0.125
1525 0.125
1526 0.125
1527 0.125
1528 0.125
1529 0.125
1530 0.125
1531 0.125
1532 0.125
1533 0.125
1534 0.125
1535 0.125
1536 1
1537 1
1538 1
1539 1
1540 1
1541 1
1542 1
1543 1
1544 1
1545 1
1546 1
1547 1
1548 1
1549 1
1550 1
1551 1
1552 1
1553 1
1554 1
1555 1
1556 1
1557 1
1558 1
1559 1
1560 1
1561 1
1562 1
1563 1
1564 1
1565 1
1566 1
1567 1
1568 1
1569 0.125
1570 0.125
1571 0.125
1572 0.125
1573 0.125
1574 0.125
1575 0.125
1576 0.125
1577 0.125
1578 0.125
1579 0.125
1580 0.125
1581 0.125
1582 0.125
1583 0.125
1584 0.125
1585 0.125
1586 0.125
1587 0.125
1588 0.125
1589 0.125
1590 0.125
1591 0.125
1592 0.125
1593 0.125
1594 0.125
1595 0.125
1596 0.125
1597 0.125
1598 0.125
1599 0.125
1600 1
1601 1
1602 1
1603 1
1604 1
1605 1
1606 1
1607 1
1608 1
1609 1
1610 1
1611 1
1612 1
1613 1
1614 1
1615 1
1616 1
1617 1
1618 1
1619 1
1620 1
1621 1
1622 1
1623 1
1624 1
1625 1
1626 1
1627 1
1628 1
1629 1
1630 1
1631 1
1632 1
1633 0.125
1634 0.125
1635 0.125
1636 0.125
1637 0.125
1638 0.125
1639 0.125
1640 0.125
1641 0.125
1642 0.125
1643 0.125
1644 0.125
1645 0.125
1646 0.125
1647 0.125
1648 0.125
1649 0.125
1650 0.125
1651 0.125
1652 0.125
1653 0.125
1654 0.125
1655 0.125
1656 0.125
1657 0.125
1658 0.125
1659 0.125
1660 0.125
1661 0.125
1662 0.125
1663 0.125
1664 1
1665 1
1666 1
1667 1
1668 1
1669 1
1670 1
1671 1
1672 1
1673 1
1674 1
1675 1
1676 1
1677 1
1678 1
1679 1
1680 1
1681 1
1682 1
1683 1
1684 1
1685 1
1686 1
1687 1
1688 1
1689 1
1690 1
1691 1
1692 1
1693 1
1694 1
1695 1
1696 1
1697 0.125
1698 0.125
1699 0.125
1700 0.125
1701 0.125
1702 0.125
1703 0.125
1704 0.125
1705 0.125
1706 0.125
1707 0.125
1708 0.125
1709 0.125
1710 0.125
1711 0.125
1712 0.125
1713 0.125
1714 0.125
1715 0.125
1716 0.125
1717 0.125
1718 0.125
1719 0.125
1720 0.125
1721 0.125
1722 0.125
1723 0.125
1724 0.125
1725 0.125
1726 0.125
1727 0.125
1728 1
1729 1
1730 1
1731 1
1732 1
1733 1
1734 1
1735 1
1736 1
1737 1
1738 1
1739 1
1740 1
1741 1
1742 1
1743 1
1744 1
1745 1
1746 1
1747 1
1748 1
1749 1
1750 1
1751 1
1752 1
1753 1
1754 1
1755 1
1756 1
1757 1
1758 1
1759 1
1760 1
1761 0.125
1762 0.125
1763 0.125
1764 0.125
1765 0.125
1766 0.125
1767 0.125
1768 0.125
1769 0.125
1770 0.125
1771 0.125
1772 0.125
1773 0.125
1774 0.125
1775 0.125
1776 0.125
1777 0.125
1778 0.125
1779 0.125
1780 0.125
1781 0.125
1782 0.125
1783 0.125
1784 0.125
1785 0.125
1786 0.125
1787 0.125
1788 0.125
1789 0.125
1790 0.125
1791 0.125
1792 1
1793 1
1794 1
1795 1
1796 1
1797 1
1798 1
1799 1
1800 1
1801 1
1802 1
1803 1
1804 1
1805 1
1806 1
1807 1
1808 1
1809 1
1810 1
1811 1
1812 1
1813 1
1814 1
1815 1
1816 1
1817 1
1818 1
1819 1
1820 1
1821 1
1822 1
1823 1
1824 1
1825 0.125
1826 0.125
1827 0.125
1828 0.125
1829 0.125
1830 0.125
1831 0.125
1832 0.125
1833 0.125
1834 0.125
1835 0.125
1836 0.125
1837 0.125
1838 0.125
1839 0.125
1840 0.125
1841 0.125
1842 0.125
1843 0.125
1844 0.125
1845 0.125
1846 0.125
1847 0.125
1848 0.125
1849 0.125
1850 0.125
1851 0.125
1852 0.125
1853 0.125
1854 0.125
1855 0.125
1856 1
1857 1
1858 1
1859 1
1860 1
1861 1
1862 1
1863 1
1864 1
1865 1
1866 1
1867 1
1868 1
1869 1
1870 1
1871 1
1872 1
1873 1
1874 1
1875 1
1876 1
1877 1
1878 1
1879 1
1880 1
1881 1
1882 1
1883 1
1884 1
1885 1
1886 1
1887 1
1888 1
1889 0.125
1890 0.125
1891 0.125
1892 0.125
1893 0.125
1894 0.125
1895 0.125
1896 0.125
1897 0.125
1898 0.125
1899 0.125
1900 0.125
1901 0.125
1902 0.125
1903 0.125
1904 0.125
1905 0.125
1906 0.125
1907 0.125
1908 0.125
1909 0.125
1910 0.125
1911 0.125
1912 0.125
1913 0.125
1914 0.125
1915 0.125
1916 0.125
1917 0.125
1918 0.125
1919 0.125
1920 1
1921 1
1922 1
1923 1
1924 1
1925 1
1926 1
1927 1
1928 1
1929 1
1930 1
1931 1
1932 1
1933 1
1934 1
1935 1
1936 1
1937 1
1938 1
1939 1
1940 1
1941 1
1942 1
1943 1
1944 1
1945 1
1946 1
1947 1
1948 1
1949 1
1950 1
1951 1
1952 1
1953 0.125
1954 0.125
1955 0.125
1956 0.125
1957 0.125
1958 0.125
1959 0.125
1960 0.125
1961 0.125
1962 0.125
1963 0.125
1964 0.125
1965 0.125
1966 0.125
1967 0.125
1968 0.125
1969 0.125
1970 0.125
1971 0.125
1972 0.125
1973 0.125
1974 0.125
1975 0.125
1976 0.125
1977 0.125
1978 0.125
1979 0.125
1980 0.125
1981 0.125
1982 0.125
1983 0.125
1984 1
1985 1
1986 1
1987 1
1988 1
1989 1
1990 1
1991 1
1992 1
1993 1
1994 1
1995 1
1996 1
1997 1
1998 1
1999 1
2000 1
2001 1
2002 1
2003 1
2004 1
2005 1
2006 1
2007 1
2008 1
2009 1
2010 1
2011 1
2012 1
2013 1
2014 1
2015 1
2016 1
2017 0.125
2018 0.125
2019 0.125
2020 0.125
2021 0.125
2022 0.125
2023 0.125
2024 0.125
2025 0.125
2026 0.125
2027 0.125
2028 0.125
2029 0.125
2030 0.125
2031 0.125
2032 0.125
2033 0.125
2034 0.125
2035 0.125
2036 0.125
2037 0.125
2038 0.125
2039 0.125
2040 0.125
2041 0.125
2042 0.125
2043 0.125
2044 0.125
2045 0.125
2046 0.125
2047 0.125
2048 1
2049 1
2050 1
2051 1
2052 1
2053 1
2054 1
2055 1
2056 1
2057 1
2058 1
2059 1
2060 1
2061 1
2062 1
2063 1
2064 1
2065 1
2066 1
2067 1
2068 1
2069 1
2070 1
2071 1
2072 1
2073 1
2074 1
2075 1
2076 1
2077 1
2078 1
2079 1
2080 1
2081 0.125
2082 0.125
2083 0.125
2084 0.125
2085 0.125
2086 0.125
2087 0.125
2088 0.125
2089 0.125
2090 0.125
2091 0.125
2092 0.125
2093 0.125
2094 0.125
2095 0.125
2096 0.125
2097 0.125
2098 0.125
2099 0.125
2100 0.125
2101 0.125
2102 0.125
2103 0.125
2104 0.125
2105 0.125
2106 0.125
2107 0.125
2108 0.125
2109 0.125
2110 0.125
2111 0.125
2112 0.125
2113 0.125
2114 0.125
2115 0.125
2116 0.125
2117 0.125
2118 0.125
2119 0.125
2120 0.125
2121 0.125
2122 0.125
2123 0.125
2124 0.125
2125 0.125
2126 0.125
2127 0.125
2128 0.125
2129 0.125
2130 0.125
2131 0.125
2132 0.125
2133 0.125
2134 0.125
2135 0.125
2136 0.125
2137 0.125
2138 0.125
2139 0.125
2140 0.125
2141 0.125
2142 0.125
2143 0.125
2144 0.125
2145 0.125
2146 0.125
2147 0.125
2148 0.125
2149 0.125
2150 0.125
2151 0.125
2152 0.125
2153 0.125
2154 0.125
2155 0.125
2156 0.125
2157 0.125
2158 0.125
2159 0.125
2160 0.125
2161 0.125
2162 0.125
2163 0.125
2164 0.125
2165 0.125
2166 0.125
2167 0.125
2168 0.125
2169 0.125
2170 0.125
2171 0.125
2172 0.125
2173 0.125
2174 0.125
2175 0.125
2176 0.125
2177 0.125
2178 0.125
2179 0.125
2180 0.125
2181 0.125
2182 0.125
2183 0.125
2184 0.125
2185 0.125
2186 0.125
2187 0.125
2188 0.125
2189 0.125
2190 0.125
2191 0.125
2192 0.125
2193 0.125
2194 0.125
2195 0.125
2196 0.125
2197 0.125
2198 0.125
2199 0.125
2200 0.125
2201 0.125
2202 0.125
2203 0.125
2204 0.125
2205 0.125
2206 0.125
2207 0.125
2208 0.125
2209 0.125
2210 0.125
2211 0.125
2212 0.125
2213 0.125
2214 0.125
2215 0.125
2216 0.125
2217 0.125
2218 0.125
2219 0.125
2220 0.125
2221 0.125
2222 0.125
2223 0.125
2224 0.125
2225 0.125
2226 0.125
2227 0.125
2228 0.125
2229 0.125
2230 0.125
2231 0.125
2232 0.125
2233 0.125
2234 0.125
2235 0.125
2236 0.125
2237 0.125
2238 0.125
2239 0.125
2240 0.125
2241 0.125
2242 0.125
2243 0.125
2244 0.125
2245 0.125
2246 0.125
2247 0.125
2248 0.125
2249 0.125
2250 0.125
2251 0.125
2252 0.125
2253 0.125
2254 0.125
2255 0.125
2256 0.125
2257 0.125
2258 0.125
2259 0.125
2260 0.125
2261 0.125
2262 0.125
2263 0.125
2264 0.125
2265 0.125
2266 0.125
2267 0.125
2268 0.125
2269 0.125
2270 0.125
2271 0.125
2272 0.125
2273 0.125
2274 0.125
2275 0.125
2276 0.125
2277 0.125
2278 0.125
2279 0.125
2280 0.125
2281 0.125
2282 0.125
2283 0.125
2284 0.125
2285 0.125
2286 0.125
2287 0.125
2288 0.125
2289 0.125
2290 0.125
2291 0.125
2292 0.125
2293 0.125
2294 0.125
2295 0.125
2296 0.125
2297 0.125
2298 0.125
2299 0.125
2300 0.125
2301 0.125
2302 0.125
2303 0.125
2304 0.125
2305 0.125
2306 0.125
2307 0.125
2308 0.125
2309 0.125
2310 0.125
2311 0.125
2312 0.125
2313 0.125
2314 0.125
2315 0.125
2316 0.125
2317 0.125
2318 0.125
2319 0.125
2320 0.125
2321 0.125
2322 0.125
2323 0.125
2324 0.125
2325 0.125
2326 0.125
2327 0.125
2328 0.125
2329 0.125
2330 0.125
2331 0.125
2332 0.125
2333 0.125
2334 0.125
2335 0.125
2336 0.125
2337 0.125
2338 0.125
2339 0.125
2340 0.125
2341 0.125
2342 0.125
2343 0.125
2344 0.125
2345 0.125
2346 0.125
2347 0.125
2348 0.125
2349 0.125
2350 0.125
2351 0.125
2352 0.125
2353 0.125
2354 0.125
2355 0.125
2356 0.125
2357 0.125
2358 0.125
2359 0.125
2360 0.125
2361 0.125
2362 0.125
2363 0.125
2364 0.125
2365 0.125
2366 0.125
2367 0.125
2368 0.125
2369 0.125
2370 0.125
2371 0.125
2372 0.125
2373 0.125
2374 0.125
2375 0.125
2376 0.125
2377 0.125
2378 0.125
2379 0.125
2380 0.125
2381 0.125
2382 0.125
2383 0.125
2384 0.125
2385 0.125
2386 0.125
2387 0.125
2388 0.125
2389 0.125
2390 0.125
2391 0.125
2392 0.125
2393 0.125
2394 0.125
2395 0.125
2396 0.125
2397 0.125
2398 0.125
2399 0.125
2400 0.125
2401 0.125
2402 0.125
2403 0.125
2404 0.125
2405 0.125
2406 0.125
2407 0.125
2408 0.125
2409 0.125
2410 0.125
2411 0.125
2412 0.125
2413 0.125
2414 0.125
2415 0.125
2416 0.125
2417 0.125
2418 0.125
2419 0.125
2420 0.125
2421 0.125
2422 0.125
2423 0.125
2424 0.125
2425 0.125
2426 0.125
2427 0.125
2428 0.125
2429 0.125
2430 0.125
2431 0.125
2432 0.125
2433 0.125
2434 0.125
2435 0.125
2436 0.125
2437 0.125
2438 0.125
2439 0.125
2440 0.125
2441 0.125
2442 0.125
2443 0.125
2444 0.125
2445 0.125
2446 0.125
2447 0.125
2448 0.125
2449 0.125
2450 0.125
2451 0.125
2452 0.125
2453 0.125
2454 0.125
2455 0.125
2456 0.125
2457 0.125
2458 0.125
2459 0.125
2460 0.125
2461 0.125
2462 0.125
2463 0.125
2464 0.125
2465 0.125
2466 0.125
2467 0.125
2468 0.125
2469 0.125
2470 0.125
2471 0.125
2472 0.125
2473 0.125
2474 0.125
2475 0.125
2476 0.125
2477 0.125
2478 0.125
2479 0.125
2480 0.125
2481 0.125
2482 0.125
2483 0.125
2484 0.125
2485 0.125
2486 0.125
2487 0.125
2488 0.125
2489 0.125
2490 0.125
2491 0.125
2492 0.125
2493 0.125
2494 0.125
2495 0.125
2496 0.125
2497 0.125
2498 0.125
2499 0.125
2500 0.125
2501 0.125
2502 0.125
2503 0.125
2504 0.125
2505 0.125
2506 0.125
2507 0.125
2508 0.125
2509 0.125
2510 0.125
2511 0.125
2512 0.125
2513 0.125
2514 0.125
2515 0.125
2516 0.125
2517 0.125
2518 0.125
2519 0.125
2520 0.125
2521 0.125
2522 0.125
2523 0.125
2524 0.125
2525 0.125
2526 0.125
2527 0.125
2528 0.125
2529 0.125
2530 0.125
2531 0.125
2532 0.125
2533 0.125
2534 0.125
2535 0.125
2536 0.125
2537 0.125
2538 0.125
2539 0.125
2540 0.125
2541 0.125
2542 0.125
2543 0.125
2544 0.125
2545 0.125
2546 0.125
2547 0.125
2548 0.125
2549 0.125
2550 0.125
2551 0.125
2552 0.125
2553 0.125
2554 0.125
2555 0.125
2556 0.125
2557 0.125
2558 0.125
2559 0.125
2560 0.125
2561 0.125
2562 0.125
2563 0.125
2564 0.125
2565 0.125
2566 0.125
2567 0.125
2568 0.125
2569 0.125
2570 0.125
2571 0.125
2572 0.125
2573 0.125
2574 0.125
2575 0.125
2576 0.125
2577 0.125
2578 0.125
2579 0.125
2580 0.125
2581 0.125
2582 0.125
2583 0.125
2584 0.125
2585 0.125
2586 0.125
2587 0.125
2588 0.125
2589 0.125
2590 0.125
2591 0.125
2592 0.125
2593 0.125
2594 0.125
2595 0.125
2596 0.125
2597 0.125
2598 0.125
2599 0.125
2600 0.125
2601 0.125
2602 0.125
2603 0.125
2604 0.125
2605 0.125
2606 0.125
2607 0.125
2608 0.125
2609 0.125
2610 0.125
2611 0.125
2612 0.125
2613 0.125
2614 0.125
2615 0.125
2616 0.125
2617 0.125
2618 0.125
2619 0.125
2620 0.125
2621 0.125
2622 0.125
2623 0.125
2624 0.125
2625 0.125
2626 0.125
2627 0.125
2628 0.125
2629 0.125
2630 0.125
2631 0.125
2632 0.125
2633 0.125
2634 0.125
2635 0.125
2636 0.125
2637 0.125
2638 0.125
2639 0.125
2640 0.125
2641 0.125
2642 0.125
2643 0.125
2644 0.125
2645 0.125
2646 0.125
2647 0.125
2648 0.125
2649 0.125
2650 0.125
2651 0.125
2652 0.125
2653 0.125
2654 0.125
2655 0.125
2656 0.125
2657 0.125
2658 0.125
2659 0.125
2660 0.125
2661 0.125
2662 0.125
2663 0.125
2664 0.125
2665 0.125
2666 0.125
2667 0.125
2668 0.125
2669 0.125
2670 0.125
2671 0.125
2672 0.125
2673 0.125
2674 0.125
2675 0.125
2676 0.125
2677 0.125
2678 0.125
2679 0.125
2680 0.125
2681 0.125
2682 0.125
2683 0.125
2684 0.125
2685 0.125
2686 0.125
2687 0.125
2688 0.125
2689 0.125
2690 0.125
2691 0.125
2692 0.125
2693 0.125
2694 0.125
2695 0.125
2696 0.125
2697 0.125
2698 0.125
2699 0.125
2700 0.125
2701 0.125
2702 0.125
2703 0.125
2704 0.125
2705 0.125
2706 0.125
2707 0.125
2708 0.125
2709 0.125
2710 0.125
2711 0.125
2712 0.125
2713 0.125
2714 0.125
2715 0.125
2716 0.125
2717 0.125
2718 0.125
2719 0.125
2720 0.125
2721 0.125
2722 0.125
2723 0.125
2724 0.125
2725 0.125
2726 0.125
2727 0.125
2728 0.125
2729 0.125
2730 0.125
2731 0.125
2732 0.125
2733 0.125
2734 0.125
2735 0.125
2736 0.125
2737 0.125
2738 0.125
2739 0.125
2740 0.125
2741 0.125
2742 0.125
2743 0.125
2744 0.125
2745 0.125
2746 0.125
2747 0.125
2748 0.125
2749 0.125
2750 0.125
2751 0.125
2752 0.125
2753 0.125
2754 0.125
2755 0.125
2756 0.125
2757 0.125
2758 0.125
2759 0.125
2760 0.125
2761 0.125
2762 0.125
2763 0.125
2764 0.125
2765 0.125
2766 0.125
2767 0.125
2768 0.125
2769 0.125
2770 0.125
2771 0.125
2772 0.125
2773 0.125
2774 0.125
2775 0.125
2776 0.125
2777 0.125
2778 0.125
2779 0.125
2780 0.125
2781 0.125
2782 0.125
2783 0.125
2784 0.125
2785 0.125
2786 0.125
2787 0.125
2788 0.125
2789 0.125
2790 0.125
2791 0.125
2792 0.125
2793 0.125
2794 0.125
2795 0.125
2796 0.125
2797 0.125
2798 0.125
2799 0.125
2800 0.125
2801 0.125
2802 0.125
2803 0.125
2804 0.125
2805 0.125
2806 0.125
2807 0.125
2808 0.125
2809 0.125
2810 0.125
2811 0.125
2812 0.125
2813 0.125
2814 0.125
2815 0.125
2816 0.125
2817 0.125
2818 0.125
2819 0.125
2820 0.125
2821 0.125
2822 0.125
2823 0.125
2824 0.125
2825 0.125
2826 0.125
2827 0.125
2828 0.125
2829 0.125
2830 0.125
2831 0.125
2832 0.125
2833 0.125
2834 0.125
2835 0.125
2836 0.125
2837 0.125
2838 0.125
2839 0.125
2840 0.125
2841 0.125
2842 0.125
2843 0.125
2844 0.125
2845 0.125
2846 0.125
2847 0.125
2848 0.125
2849 0.125
2850 0.125
2851 0.125
2852 0.125
2853 0.125
2854 0.125
2855 0.125
2856 0.125
2857 0.125
2858 0.125
2859 0.125
2860 0.125
2861 0.125
2862 0.125
2863 0.125
2864 0.125
2865 0.125
2866 0.125
2867 0.125
2868 0.125
2869 0.125
2870 0.125
2871 0.125
2872 0.125
2873 0.125
2874 0.125
2875 0.125
2876 0.125
2877 0.125
2878 0.125
2879 0.125
2880 0.125
2881 0.125
2882 0.125
2883 0.125
2884 0.125
2885 0.125
2886 0.125
2887 0.125
2888 0.125
2889 0.125
2890 0.125
2891 0.125
2892 0.125
2893 0.125
2894 0.125
2895 0.125
2896 0.125
2897 0.125
2898 0.125
2899 0.125
2900 0.125
2901 0.125
2902 0.125
2903 0.125
2904 0.125
2905 0.125
2906 0.125
2907 0.125
2908 0.125
2909 0.125
2910 0.125
2911 0.125
2912 0.125
2913 0.125
2914 0.125
2915 0.125
2916 0.125
2917 0.125
2918 0.125
2919 0.125
2920 0.125
2921 0.125
2922 0.125
2923 0.125
2924 0.125
2925 0.125
2926 0.125
2927 0.125
2928 0.125
2929 0.125
2930 0.125
2931 0.125
2932 0.125
2933 0.125
2934 0.125
2935 0.125
2936 0.125
2937 0.125
2938 0.125
2939 0.125
2940 0.125
2941 0.125
2942 0.125
2943 0.125
2944 0.125
2945 0.125
2946 0.125
2947 0.125
2948 0.125
2949 0.125
2950 0.125
2951 0.125
2952 0.125
2953 0.125
2954 0.125
2955 0.125
2956 0.125
2957 0.125
2958 0.125
2959 0.125
2960 0.125
2961 0.125
2962 0.125
2963 0.125
2964 0.125
2965 0.125
2966 0.125
2967 0.125
2968 0.125
2969 0.125
2970 0.125
2971 0.125
2972 0.125
2973 0.125
2974 0.125
2975 0.125
2976 0.125
2977 0.125
2978 0.125
2979 0.125
2980 0.125
2981 0.125
2982 0.125
2983 0.125
2984 0.125
2985 0.125
2986 0.125
2987 0.125
2988 0.125
2989 0.125
2990 0.125
2991 0.125
2992 0.125
2993 0.125
2994 0.125
2995 0.125
2996 0.125
2997 0.125
2998 0.125
2999 0.125
3000 0.125
3001 0.125
3002 0.125
3003 0.125
3004 0.125
3005 0.125
3006 0.125
3007 0.125
3008 0.125
3009 0.125
3010 0.125
3011 0.125
3012 0.125
3013 0.125
3014 0.125
3015 0.125
3016 0.125
3017 0.125
3018 0.125
3019 0.125
3020 0.125
3021 0.125
3022 0.125
3023 0.125
3024 0.125
3025 0.125
3026 0.125
3027 0.125
3028 0.125
3029 0.125
3030 0.125
3031 0.125
3032 0.125
3033 0.125
3034 0.125
3035 0.125
3036 0.125
3037 0.125
3038 0.125
3039 0.125
3040 0.125
3041 0.125
3042 0.125
3043 0.125
3044 0.125
3045 0.125
3046 0.125
3047 0.125
3048 0.125
3049 0.125
3050 0.125
3051 0.125
3052 0.125
3053 0.125
3054 0.125
3055 0.125
3056 0.125
3057 0.125
3058 0.125
3059 0.125
3060 0.125
3061 0.125
3062 0.125
3063 0.125
3064 0.125
3065 0.125
3066 0.125
3067 0.125
3068 0.125
3069 0.125
3070 0.125
3071 0.125
3072 0.125
3073 0.125
3074 0.125
3075 0.125
3076 0.125
3077 0.125
3078 0.125
3079 0.125
3080 0.125
3081 0.125
3082 0.125
3083 0.125
3084 0.125
3085 0.125
3086 0.125
3087 0.125
3088 0.125
3089 0.125
3090 0.125
3091 0.125
3092 0.125
3093 0.125
3094 0.125
3095 0.125
3096 0.125
3097 0.125
3098 0.125
3099 0.125
3100 0.125
3101 0.125
3102 0.125
3103 0.125
3104 0.125
3105 0.125
3106 0.125
3107 0.125
3108 0.125
3109 0.125
3110 0.125
3111 0.125
3112 0.125
3113 0.125
3114 0.125
3115 0.125
3116 0.125
3117 0.125
3118 0.125
3119 0.125
3120 0.125
3121 0.125
3122 0.125
3123 0.125
3124 0.125
3125 0.125
3126 0.125
3127 0.125
3128 0.125
3129 0.125
3130 0.125
3131 0.125
3132 0.125
3133 0.125
3134 0.125
3135 0.125
3136 0.125
3137 0.125
3138 0.125
3139 0.125
3140 0.125
3141 0.125
3142 0.125
3143 0.125
3144 0.125
3145 0.125
3146 0.125
3147 0.125
3148 0.125
3149 0.125
3150 0.125
3151 0.125
3152 0.125
3153 0.125
3154 0.125
3155 0.125
3156 0.125
3157 0.125
3158 0.125
3159 0.125
3160 0.125
3161 0.125
3162 0.125
3163 0.125
3164 0.125
3165 0.125
3166 0.125
3167 0.125
3168 0.125
3169 0.125
3170 0.125
3171 0.125
3172 0.125
3173 0.125
3174 0.125
3175 0.125
3176 0.125
3177 0.125
3178 0.125
3179 0.125
3180 0.125
3181 0.125
3182 0.125
3183 0.125
3184 0.125
3185 0.125
3186 0.125
3187 0.125
3188 0.125
3189 0.125
3190 0.125
3191 0.125
3192 0.125
3193 0.125
3194 0.125
3195 0.125
3196 0.125
3197 0.125
3198 0.125
3199 0.125
3200 0.125
3201 0.125
3202 0.125
3203 0.125
3204 0.125
3205 0.125
3206 0.125
3207 0.125
3208 0.125
3209 0.125
3210 0.125
3211 0.125
3212 0.125
3213 0.125
3214 0.125
3215 0.125
3216 0.125
3217 0.125
3218 0.125
3219 0.125
3220 0.125
3221 0.125
3222 0.125
3223 0.125
3224 0.125
3225 0.125
3226 0.125
3227 0.125
3228 0.125
3229 0.125
3230 0.125
3231 0.125
3232 0.125
3233 0.125
3234 0.125
3235 0.125
3236 0.125
3237 0.125
3238 0.125
3239 0.125
3240 0.125
3241 0.125
3242 0.125
3243 0.125
3244 0.125
3245 0.125
3246 0.125
3247 0.125
3248 0.125
3249 0.125
3250 0.125
3251 0.125
3252 0.125
3253 0.125
3254 0.125
3255 0.125
3256 0.125
3257 0.125
3258 0.125
3259 0.125
3260 0.125
3261 0.125
3262 0.125
3263 0.125
3264 0.125
3265 0.125
3266 0.125
3267 0.125
3268 0.125
3269 0.125
3270 0.125
3271 0.125
3272 0.125
3273 0.125
3274 0.125
3275 0.125
3276 0.125
3277 0.125
3278 0.125
3279 0.125
3280 0.125
3281 0.125
3282 0.125
3283 0.125
3284 0.125
3285 0.125
3286 0.125
3287 0.125
3288 0.125
3289 0.125
3290 0.125
3291 0.125
3292 0.125
3293 0.125
3294 0.125
3295 0.125
3296 0.125
3297 0.125
3298 0.125
3299 0.125
3300 0.125
3301 0.125
3302 0.125
3303 0.125
3304 0.125
3305 0.125
3306 0.125
3307 0.125
3308 0.125
3309 0.125
3310 0.125
3311 0.125
3312 0.125
3313 0.125
3314 0.125
3315 0.125
3316 0.125
3317 0.125
3318 0.125
3319 0.125
3320 0.125
3321 0.125
3322 0.125
3323 0.125
3324 0.125
3325 0.125
3326 0.125
3327 0.125
3328 0.125
3329 0.125
3330 0.125
3331 0.125
3332 0.125
3333 0.125
3334 0.125
3335 0.125
3336 0.125
3337 0.125
3338 0.125
3339 0.125
3340 0.125
3341 0.125
3342 0.125
3343 0.125
3344 0.125
3345 0.125
3346 0.125
3347 0.125
3348 0.125
3349 0.125
3350 0.125
3351 0.125
3352 0.125
3353 0.125
3354 0.125
3355 0.125
3356 0.125
3357 0.125
3358 0.125
3359 0.125
3360 0.125
3361 0.125
3362 0.125
3363 0.125
3364 0.125
3365 0.125
3366 0.125
3367 0.125
3368 0.125
3369 0.125
3370 0.125
3371 0.125
3372 0.125
3373 0.125
3374 0.125
3375 0.125
3376 0.125
3377 0.125
3378 0.125
3379 0.125
3380 0.125
3381 0.125
3382 0.125
3383 0.125
3384 0.125
3385 0.125
3386 0.125
3387 0.125
3388 0.125
3389 0.125
3390 0.125
3391 0.125
3392 0.125
3393 0.125
3394 0.125
3395 0.125
3396 0.125
3397 0.125
3398 0.125
3399 0.125
3400 0.125
3401 0.125
3402 0.125
3403 0.125
3404 0.125
3405 0.125
3406 0.125
3407 0.125
3408 0.125
3409 0.125
3410 0.125
3411 0.125
3412 0.125
3413 0.125
3414 0.125
3415 0.125
3416 0.125
3417 0.125
3418 0.125
3419 0.125
3420 0.125
3421 0.125
3422 0.125
3423 0.125
3424 0.125
3425 0.125
3426 0.125
3427 0.125
3428 0.125
3429 0.125
3430 0.125
3431 0.125
3432 0.125
3433 0.125
3434 0.125
3435 0.125
3436 0.125
3437 0.125
3438 0.125
3439 0.125
3440 0.125
3441 0.125
3442 0.125
3443 0.125
3444 0.125
3445 0.125
3446 0.125
3447 0.125
3448 0.125
3449 0.125
3450 0.125
3451 0.125
3452 0.125
3453 0.125
3454 0.125
3455 0.125
3456 0.125
3457 0.125
3458 0.125
3459 0.125
3460 0.125
3461 0.125
3462 0.125
3463 0.125
3464 0.125
3465 0.125
3466 0.125
3467 0.125
3468 0.125
3469 0.125
3470 0.125
3471 0.125
3472 0.125
3473 0.125
3474 0.125
3475 0.125
3476 0.125
3477 0.125
3478 0.125
3479 0.125
3480 0.125
3481 0.125
3482 0.125
3483 0.125
3484 0.125
3485 0.125
3486 0.125
3487 0.125
3488 0.125
3489 0.125
3490 0.125
3491 0.125
3492 0.125
3493 0.125
3494 0.125
3495 0.125
3496 0.125
3497 0.125
3498 0.125
3499 0.125
3500 0.125
3501 0.125
3502 0.125
3503 0.125
3504 0.125
3505 0.125
3506 0.125
3507 0.125
3508 0.125
3509 0.125
3510 0.125
3511 0.125
3512 0.125
3513 0.125
3514 0.125
3515 0.125
3516 0.125
3517 0.125
3518 0.125
3519 0.125
3520 0.125
3521 0.125
3522 0.125
3523 0.125
3524 0.125
3525 0.125
3526 0.125
3527 0.125
3528 0.125
3529 0.125
3530 0.125
3531 0.125
3532 0.125
3533 0.125
3534 0.125
3535 0.125
3536 0.125
3537 0.125
3538 0.125
3539 0.125
3540 0.125
3541 0.125
3542 0.125
3543 0.125
3544 0.125
3545 0.125
3546 0.125
3547 0.125
3548 0.125
3549 0.125
3550 0.125
3551 0.125
3552 0.125
3553 0.125
3554 0.125
3555 0.125
3556 0.125
3557 0.125
3558 0.125
3559 0.125
3560 0.125
3561 0.125
3562 0.125
3563 0.125
3564 0.125
3565 0.125
3566 0.125
3567 0.125
3568 0.125
3569 0.125
3570 0.125
3571 0.125
3572 0.125
3573 0.125
3574 0.125
3575 0.125
3576 0.125
3577 0.125
3578 0.125
3579 0.125
3580 0.125
3581 0.125
3582 0.125
3583 0.125
3584 0.125
3585 0.125
3586 0.125
3587 0.125
3588 0.125
3589 0.125
3590 0.125
3591 0.125
3592 0.125
3593 0.125
3594 0.125
3595 0.125
3596 0.125
3597 0.125
3598 0.125
3599 0.125
3600 0.125
3601 0.125
3602 0.125
3603 0.125
3604 0.125
3605 0.125
3606 0.125
3607 0.125
3608 0.125
3609 0.125
3610 0.125
3611 0.125
3612 0.125
3613 0.125
3614 0.125
3615 0.125
3616 0.125
3617 0.125
3618 0.125
3619 0.125
3620 0.125
3621 0.125
3622 0.125
3623 0.125
3624 0.125
3625 0.125
3626 0.125
3627 0.125
3628 0.125
3629 0.125
3630 0.125
3631 0.125
3632 0.125
3633 0.125
3634 0.125
3635 0.125
3636 0.125
3637 0.125
3638 0.125
3639 0.125
3640 0.125
3641 0.125
3642 0.125
3643 0.125
3644 0.125
3645 0.125
3646 0.125
3647 0.125
3648 0.125
3649 0.125
3650 0.125
3651 0.125
3652 0.125
3653 0.125
3654 0.125
3655 0.125
3656 0.125
3657 0.125
3658 0.125
3659 0.125
3660 0.125
3661 0.125
3662 0.125
3663 0.125
3664 0.125
3665 0.125
3666 0.125
3667 0.125
3668 0.125
3669 0.125
3670 0.125
3671 0.125
3672 0.125
3673 0.125
3674 0.125
3675 0.125
3676 0.125
3677 0.125
3678 0.125
3679 0.125
3680 0.125
3681 0.125
3682 0.125
3683 0.125
3684 0.125
3685 0.125
3686 0.125
3687 0.125
3688 0.125
3689 0.125
3690 0.125
3691 0.125
3692 0.125
3693 0.125
3694 0.125
3695 0.125
3696 0.125
3697 0.125
3698 0.125
3699 0.125
3700 0.125
3701 0.125
3702 0.125
3703 0.125
3704 0.125
3705 0.125
3706 0.125
3707 0.125
3708 0.125
3709 0.125
3710 0.125
3711 0.125
3712 0.125
3713 0.125
3714 0.125
3715 0.125
3716 0.125
3717 0.125
3718 0.125
3719 0.125
3720 0.125
3721 0.125
3722 0.125
3723 0.125
3724 0.125
3725 0.125
3726 0.125
3727 0.125
3728 0.125
3729 0.125
3730 0.125
3731 0.125
3732 0.125
3733 0.125
3734 0.125
3735 0.125
3736 0.125
3737 0.125
3738 0.125
3739 0.125
3740 0.125
3741 0.125
3742 0.125
3743 0.125
3744 0.125
3745 0.125
3746 0.125
3747 0.125
3748 0.125
3749 0.125
3750 0.125
3751 0.125
3752 0.125
3753 0.125
3754 0.125
3755 0.125
3756 0.125
3757 0.125
3758 0.125
3759 0.125
3760 0.125
3761 0.125
3762 0.125
3763 0.125
3764 0.125
3765 0.125
3766 0.125
3767 0.125
3768 0.125
3769 0.125
3770 0.125
3771 0.125
3772 0.125
3773 0.125
3774 0.125
3775 0.125
3776 0.125
3777 0.125
3778 0.125
3779 0.125
3780 0.125
3781 0.125
3782 0.125
3783 0.125
3784 0.125
3785 0.125
3786 0.125
3787 0.125
3788 0.125
3789 0.125
3790 0.125
3791 0.125
3792 0.125
3793 0.125
3794 0.125
3795 0.125
3796 0.125
3797 0.125
3798 0.125
3799 0.125
3800 0.125
3801 0.125
3802 0.125
3803 0.125
3804 0.125
3805 0.125
3806 0.125
3807 0.125
3808 0.125
3809 0.125
3810 0.125
3811 0.125
3812 0.125
3813 0.125
3814 0.125
3815 0.125
3816 0.125
3817 0.125
3818 0.125
3819 0.125
3820 0.125
3821 0.125
3822 0.125
3823 0.125
3824 0.125
3825 0.125
3826 0.125
3827 0.125
3828 0.125
3829 0.125
3830 0.125
3831 0.125
3832 0.125
3833 0.125
3834 0.125
3835 0.125
3836 0.125
3837 0.125
3838 0.125
3839 0.125
3840 0.125
3841 0.125
3842 0.125
3843 0.125
3844 0.125
3845 0.125
3846 0.125
3847 0.125
3848 0.125
3849 0.125
3850 0.125
3851 0.125
3852 0.125
3853 0.125
3854 0.125
3855 0.125
3856 0.125
3857 0.125
3858 0.125
3859 0.125
3860 0.125
3861 0.125
3862 0.125
3863 0.125
3864 0.125
3865 0.125
3866 0.125
3867 0.125
3868 0.125
3869 0.125
3870 0.125
3871 0.125
3872 0.125
3873 0.125
3874 0.125
3875 0.125
3876 0.125
3877 0.125
3878 0.125
3879 0.125
3880 0.125
3881 0.125
3882 0.125
3883 0.125
3884 0.125
3885 0.125
3886 0.125
3887 0.125
3888 0.125
3889 0.125
3890 0.125
3891 0.125
3892 0.125
3893 0.125
3894 0.125
3895 0.125
3896 0.125
3897 0.125
3898 0.125
3899 0.125
3900 0.125
3901 0.125
3902 0.125
3903 0.125
3904 0.125
3905 0.125
3906 0.125
3907 0.125
3908 0.125
3909 0.125
3910 0.125
3911 0.125
3912 0.125
3913 0.125
3914 0.125
3915 0.125
3916 0.125
3917 0.125
3918 0.125
3919 0.125
3920 0.125
3921 0.125
3922 0.125
3923 0.125
3924 0.125
3925 0.125
3926 0.125
3927 0.125
3928 0.125
3929 0.125
3930 0.125
3931 0.125
3932 0.125
3933 0.125
3934 0.125
3935 0.125
3936 0.125
3937 0.125
3938 0.125
3939 0.125
3940 0.125
3941 0.125
3942 0.125
3943 0.125
3944 0.125
3945 0.125
3946 0.125
3947 0.125
3948 0.125
3949 0.125
3950 0.125
3951 0.125
3952 0.125
3953 0.125
3954 0.125
3955 0.125
3956 0.125
3957 0.125
3958 0.125
3959 0.125
3960 0.125
3961 0.125
3962 0.125
3963 0.125
3964 0.125
3965 0.125
3966 0.125
3967 0.125
3968 0.125
3969 0.125
3970 0.125
3971 0.125
3972 0.125
3973 0.125
3974 0.125
3975 0.125
3976 0.125
3977 0.125
3978 0.125
3979 0.125
3980 0.125
3981 0.125
3982 0.125
3983 0.125
3984 0.125
3985 0.125
3986 0.125
3987 0.125
3988 0.125
3989 0.125
3990 0.125
3991 0.125
3992 0.125
3993 0.125
3994 0.125
3995 0.125
3996 0.125
3997 0.125
3998 0.125
3999 0.125
4000 0.125
4001 0.125
4002 0.125
4003 0.125
4004 0.125
4005 0.125
4006 0.125
4007 0.125
4008 0.125
4009 0.125
4010 0.125
4011 0.125
4012 0.125
4013 0.125
4014 0.125
4015 0.125
4016 0.125
4017 0.125
4018 0.125
4019 0.125
4020 0.125
4021 0.125
4022 0.125
4023 0.125
4024 0.125
4025 0.125
4026 0.125
4027 0.125
4028 0.125
4029 0.125
4030 0.125
4031 0.125
4032 0.125
4033 0.125
4034 0.125
4035 0.125
4036 0.125
4037 0.125
4038 0.125
4039 0.125
4040 0.125
4041 0.125
4042 0.125
4043 0.125
4044 0.125
4045 0.125
4046 0.125
4047 0.125
4048 0.125
4049 0.125
4050 0.125
4051 0.125
4052 0.125
4053 0.125
4054 0.125
4055 0.125
4056 0.125
4057 0.125
4058 0.125
4059 0.125
4060 0.125
4061 0.125
4062 0.125
4063 0.125
4064 0.125
4065 0.125
4066 0.125
4067 0.125
4068 0.125
4069 0.125
4070 0.125
4071 0.125
4072 0.125
4073 0.125
4074 0.125
4075 0.125
4076 0.125
4077 0.125
4078 0.125
4079 0.125
4080 0.125
4081 0.125
4082 0.125
4083 0.125
4084 0.125
4085 0.125
4086 0.125
4087 0.125
4088 0.125
4089 0.125
4090 0.125
4091 0.125
4092 0.125
4093 0.125
4094 0.125
4095 0.125
